ArrowHead,rstc,TEST,1,MILLISECONDS,Generated by run_classification_experiment on 08/21/2024, 17:41:10. Encoder dictionary: {'0': 0, '1': 1, '2': 2}
{'batch_size': 100, 'contract_max_n_shapelet_samples': inf, 'estimator': None, 'max_shapelet_length': None, 'max_shapelets': None, 'n_jobs': 1, 'n_shapelet_samples': 2000, 'random_state': 1, 'shapelet_quality': 'Kolmogorov', 'time_limit_in_minutes': 0, 'transform_limit_in_minutes': 0}
0.8171428571428572,7532,1086,-1,21540864,3,N/A,-1,-1
0,1,,0.24,0.575,0.185
0,0,,0.83,0.135,0.035
0,0,,0.63,0.36,0.01
0,0,,0.8,0.175,0.025
0,0,,0.915,0.075,0.01
0,0,,0.775,0.21,0.015
0,0,,0.705,0.265,0.03
0,0,,0.96,0.025,0.015
0,1,,0.065,0.63,0.305
0,0,,0.88,0.085,0.035
0,0,,0.95,0.04,0.01
0,0,,0.765,0.14,0.095
0,0,,0.835,0.135,0.03
0,0,,0.545,0.415,0.04
0,0,,0.945,0.045,0.01
0,1,,0.005,0.65,0.345
0,0,,0.975,0.025,0.0
0,1,,0.03,0.625,0.345
0,0,,0.455,0.395,0.15
0,0,,0.865,0.135,0.0
0,0,,0.84,0.15,0.01
0,0,,0.755,0.215,0.03
0,0,,0.985,0.015,0.0
0,1,,0.205,0.525,0.27
0,0,,0.745,0.24,0.015
0,0,,0.965,0.03,0.005
0,0,,0.915,0.06,0.025
0,0,,0.99,0.01,0.0
0,0,,0.95,0.045,0.005
0,0,,0.425,0.29,0.285
0,0,,0.975,0.025,0.0
0,0,,0.825,0.14,0.035
0,0,,0.765,0.21,0.025
0,0,,0.85,0.14,0.01
0,0,,0.94,0.045,0.015
0,0,,0.75,0.225,0.025
0,1,,0.395,0.555,0.05
0,0,,0.705,0.23,0.065
0,0,,0.685,0.245,0.07
0,0,,0.915,0.06,0.025
0,0,,0.79,0.19,0.02
0,1,,0.225,0.595,0.18
0,0,,0.965,0.03,0.005
0,0,,0.545,0.275,0.18
0,0,,0.895,0.095,0.01
0,0,,0.655,0.26,0.085
0,1,,0.115,0.64,0.245
0,0,,0.555,0.415,0.03
0,0,,0.74,0.215,0.045
0,0,,0.99,0.005,0.005
0,0,,0.76,0.195,0.045
0,0,,0.7,0.25,0.05
0,0,,0.77,0.12,0.11
0,0,,0.915,0.07,0.015
0,0,,0.89,0.085,0.025
0,0,,0.885,0.08,0.035
0,0,,0.905,0.075,0.02
0,0,,0.645,0.325,0.03
0,0,,0.795,0.18,0.025
0,0,,0.895,0.1,0.005
0,0,,0.835,0.14,0.025
0,0,,0.96,0.035,0.005
0,1,,0.345,0.43,0.225
0,0,,0.81,0.175,0.015
0,0,,0.94,0.055,0.005
0,1,,0.075,0.645,0.28
0,0,,0.95,0.045,0.005
0,0,,0.965,0.035,0.0
0,0,,0.62,0.35,0.03
1,1,,0.42,0.57,0.01
1,1,,0.015,0.725,0.26
1,1,,0.0,0.87,0.13
1,1,,0.12,0.785,0.095
1,1,,0.39,0.51,0.1
1,1,,0.0,0.88,0.12
1,1,,0.005,0.935,0.06
1,1,,0.0,0.84,0.16
1,1,,0.0,0.825,0.175
1,1,,0.0,0.905,0.095
1,1,,0.135,0.68,0.185
1,1,,0.055,0.655,0.29
1,0,,0.825,0.17,0.005
1,1,,0.0,0.855,0.145
1,1,,0.45,0.5,0.05
1,1,,0.0,0.82,0.18
1,1,,0.025,0.785,0.19
1,1,,0.01,0.645,0.345
1,0,,0.71,0.26,0.03
1,1,,0.02,0.715,0.265
1,1,,0.0,0.855,0.145
1,1,,0.025,0.705,0.27
1,1,,0.02,0.79,0.19
1,1,,0.14,0.63,0.23
1,1,,0.045,0.75,0.205
1,1,,0.015,0.495,0.49
1,2,,0.045,0.335,0.62
1,0,,0.745,0.215,0.04
1,1,,0.02,0.72,0.26
1,0,,0.765,0.195,0.04
1,1,,0.055,0.855,0.09
1,1,,0.005,0.715,0.28
1,1,,0.005,0.945,0.05
1,2,,0.03,0.265,0.705
1,1,,0.01,0.535,0.455
1,1,,0.01,0.97,0.02
1,1,,0.05,0.83,0.12
1,1,,0.015,0.705,0.28
1,1,,0.01,0.76,0.23
1,1,,0.245,0.585,0.17
1,1,,0.095,0.6,0.305
1,1,,0.035,0.69,0.275
1,1,,0.005,0.92,0.075
1,1,,0.005,0.96,0.035
1,1,,0.11,0.765,0.125
1,1,,0.15,0.775,0.075
1,0,,0.675,0.29,0.035
1,1,,0.02,0.935,0.045
1,0,,0.61,0.34,0.05
1,1,,0.025,0.92,0.055
1,1,,0.005,0.825,0.17
1,1,,0.16,0.61,0.23
1,1,,0.025,0.8,0.175
2,2,,0.28,0.315,0.405
2,1,,0.0,0.525,0.475
2,0,,0.49,0.34,0.17
2,2,,0.005,0.2,0.795
2,2,,0.31,0.25,0.44
2,0,,0.345,0.335,0.32
2,2,,0.02,0.28,0.7
2,0,,0.735,0.175,0.09
2,1,,0.4,0.42,0.18
2,2,,0.085,0.435,0.48
2,2,,0.0,0.1,0.9
2,2,,0.0,0.07,0.93
2,2,,0.01,0.295,0.695
2,2,,0.02,0.38,0.6
2,0,,0.57,0.215,0.215
2,2,,0.015,0.185,0.8
2,2,,0.0,0.055,0.945
2,2,,0.005,0.02,0.975
2,2,,0.06,0.17,0.77
2,2,,0.25,0.36,0.39
2,0,,0.675,0.25,0.075
2,2,,0.005,0.21,0.785
2,1,,0.05,0.6,0.35
2,0,,0.59,0.245,0.165
2,2,,0.005,0.1,0.895
2,0,,0.7,0.17,0.13
2,2,,0.0,0.185,0.815
2,2,,0.005,0.125,0.87
2,2,,0.0,0.085,0.915
2,2,,0.005,0.01,0.985
2,2,,0.0,0.03,0.97
2,2,,0.02,0.24,0.74
2,2,,0.31,0.25,0.44
2,2,,0.0,0.06,0.94
2,0,,0.41,0.19,0.4
2,2,,0.005,0.25,0.745
2,2,,0.005,0.065,0.93
2,2,,0.01,0.37,0.62
2,2,,0.005,0.055,0.94
2,2,,0.005,0.415,0.58
2,2,,0.01,0.065,0.925
2,2,,0.0,0.03,0.97
2,2,,0.005,0.22,0.775
2,1,,0.085,0.575,0.34
2,2,,0.27,0.33,0.4
2,2,,0.255,0.26,0.485
2,2,,0.0,0.02,0.98
2,0,,0.86,0.1,0.04
2,2,,0.015,0.445,0.54
2,2,,0.025,0.19,0.785
2,2,,0.055,0.205,0.74
2,0,,0.66,0.225,0.115
2,2,,0.0,0.045,0.955
