RefrigerationDevices,rstc,TEST,4,MILLISECONDS,Generated by run_classification_experiment on 08/08/2024, 05:08:31. Encoder dictionary: {'1': 0, '2': 1, '3': 2}
{'batch_size': 100, 'contract_max_n_shapelet_samples': inf, 'estimator': None, 'max_shapelet_length': None, 'max_shapelets': None, 'n_jobs': 1, 'n_shapelet_samples': 10000, 'random_state': 4, 'shapelet_quality': 'Kolmogorov', 'time_limit_in_minutes': 0, 'transform_limit_in_minutes': 0}
0.7813333333333333,760974,50000,-1,141717504,3,N/A,-1,-1
0,0,,0.74,0.135,0.125
0,1,,0.255,0.51,0.235
0,2,,0.19,0.13,0.68
0,0,,0.56,0.015,0.425
0,0,,0.64,0.045,0.315
0,0,,0.665,0.065,0.27
0,0,,0.6,0.11,0.29
0,0,,0.605,0.34,0.055
0,1,,0.22,0.445,0.335
0,0,,0.57,0.045,0.385
0,0,,0.685,0.275,0.04
0,0,,0.6,0.175,0.225
0,0,,0.395,0.365,0.24
0,0,,0.705,0.065,0.23
0,0,,0.9,0.02,0.08
0,0,,0.485,0.48,0.035
0,0,,0.915,0.055,0.03
0,0,,0.69,0.185,0.125
0,0,,0.62,0.24,0.14
0,0,,0.66,0.305,0.035
0,0,,0.92,0.01,0.07
0,0,,0.545,0.305,0.15
0,0,,0.855,0.05,0.095
0,0,,0.945,0.02,0.035
0,0,,0.895,0.055,0.05
0,1,,0.26,0.53,0.21
0,0,,0.785,0.11,0.105
0,0,,0.625,0.005,0.37
0,0,,0.66,0.07,0.27
0,0,,0.785,0.05,0.165
0,0,,0.42,0.26,0.32
0,2,,0.41,0.095,0.495
0,0,,0.715,0.175,0.11
0,0,,0.705,0.115,0.18
0,0,,0.49,0.32,0.19
0,0,,0.805,0.125,0.07
0,0,,0.835,0.02,0.145
0,0,,0.855,0.04,0.105
0,2,,0.16,0.295,0.545
0,0,,0.545,0.115,0.34
0,0,,0.745,0.08,0.175
0,0,,0.585,0.065,0.35
0,0,,0.605,0.34,0.055
0,2,,0.285,0.34,0.375
0,0,,0.575,0.175,0.25
0,0,,0.93,0.04,0.03
0,0,,0.695,0.075,0.23
0,0,,0.87,0.005,0.125
0,0,,0.895,0.02,0.085
0,0,,0.82,0.095,0.085
0,0,,0.54,0.34,0.12
0,1,,0.13,0.495,0.375
0,0,,0.875,0.08,0.045
0,0,,0.52,0.03,0.45
0,0,,0.555,0.08,0.365
0,0,,0.79,0.005,0.205
0,0,,0.575,0.285,0.14
0,0,,0.775,0.04,0.185
0,0,,0.49,0.35,0.16
0,0,,0.54,0.275,0.185
0,0,,0.96,0.015,0.025
0,0,,0.86,0.015,0.125
0,0,,0.78,0.05,0.17
0,0,,0.745,0.195,0.06
0,0,,0.66,0.085,0.255
0,0,,0.895,0.045,0.06
0,0,,0.485,0.195,0.32
0,0,,0.925,0.015,0.06
0,1,,0.255,0.535,0.21
0,2,,0.09,0.29,0.62
0,0,,0.69,0.18,0.13
0,0,,0.915,0.015,0.07
0,0,,0.965,0.015,0.02
0,0,,0.93,0.035,0.035
0,0,,0.775,0.06,0.165
0,0,,0.765,0.085,0.15
0,0,,0.51,0.32,0.17
0,0,,0.635,0.07,0.295
0,2,,0.345,0.18,0.475
0,0,,0.615,0.115,0.27
0,0,,0.68,0.24,0.08
0,0,,0.715,0.23,0.055
0,0,,0.8,0.08,0.12
0,0,,0.555,0.295,0.15
0,2,,0.095,0.205,0.7
0,0,,0.67,0.185,0.145
0,0,,0.61,0.015,0.375
0,0,,0.72,0.12,0.16
0,0,,0.925,0.035,0.04
0,2,,0.36,0.2,0.44
0,0,,0.925,0.025,0.05
0,0,,0.67,0.025,0.305
0,0,,0.845,0.085,0.07
0,2,,0.335,0.01,0.655
0,0,,0.8,0.065,0.135
0,0,,0.575,0.03,0.395
0,0,,0.595,0.34,0.065
0,0,,0.88,0.05,0.07
0,1,,0.33,0.615,0.055
0,0,,0.465,0.265,0.27
0,0,,0.66,0.04,0.3
0,0,,0.595,0.12,0.285
0,0,,0.665,0.015,0.32
0,0,,0.5,0.075,0.425
0,2,,0.195,0.4,0.405
0,0,,0.865,0.02,0.115
0,0,,0.685,0.175,0.14
0,2,,0.17,0.145,0.685
0,2,,0.32,0.03,0.65
0,0,,0.685,0.04,0.275
0,2,,0.415,0.0,0.585
0,0,,0.835,0.095,0.07
0,0,,0.86,0.1,0.04
0,0,,0.665,0.235,0.1
0,0,,0.49,0.025,0.485
0,0,,0.96,0.02,0.02
0,0,,0.575,0.175,0.25
0,0,,0.47,0.065,0.465
0,0,,0.73,0.145,0.125
0,0,,0.775,0.145,0.08
0,0,,0.915,0.005,0.08
0,0,,0.7,0.2,0.1
0,0,,0.705,0.14,0.155
0,1,,0.37,0.575,0.055
0,0,,0.95,0.005,0.045
1,1,,0.005,0.925,0.07
1,0,,0.605,0.24,0.155
1,2,,0.015,0.435,0.55
1,1,,0.0,0.675,0.325
1,1,,0.475,0.48,0.045
1,1,,0.075,0.665,0.26
1,2,,0.095,0.315,0.59
1,1,,0.185,0.41,0.405
1,1,,0.355,0.575,0.07
1,1,,0.01,0.615,0.375
1,1,,0.33,0.58,0.09
1,1,,0.205,0.615,0.18
1,1,,0.005,0.73,0.265
1,0,,0.405,0.39,0.205
1,1,,0.15,0.575,0.275
1,1,,0.075,0.745,0.18
1,1,,0.07,0.595,0.335
1,1,,0.005,0.95,0.045
1,1,,0.365,0.5,0.135
1,2,,0.17,0.325,0.505
1,0,,0.525,0.27,0.205
1,1,,0.21,0.715,0.075
1,1,,0.005,0.69,0.305
1,0,,0.425,0.4,0.175
1,0,,0.54,0.42,0.04
1,1,,0.0,0.96,0.04
1,1,,0.095,0.68,0.225
1,2,,0.04,0.275,0.685
1,1,,0.02,0.675,0.305
1,1,,0.01,0.97,0.02
1,1,,0.0,0.96,0.04
1,2,,0.065,0.385,0.55
1,1,,0.005,0.815,0.18
1,1,,0.0,0.565,0.435
1,1,,0.01,0.61,0.38
1,1,,0.23,0.595,0.175
1,1,,0.2,0.69,0.11
1,1,,0.045,0.785,0.17
1,1,,0.345,0.58,0.075
1,1,,0.065,0.895,0.04
1,1,,0.005,0.96,0.035
1,0,,0.645,0.26,0.095
1,1,,0.005,0.61,0.385
1,1,,0.235,0.61,0.155
1,0,,0.505,0.37,0.125
1,1,,0.045,0.805,0.15
1,1,,0.0,0.97,0.03
1,1,,0.06,0.83,0.11
1,2,,0.015,0.32,0.665
1,1,,0.04,0.855,0.105
1,1,,0.165,0.625,0.21
1,1,,0.035,0.88,0.085
1,1,,0.285,0.52,0.195
1,1,,0.225,0.525,0.25
1,1,,0.135,0.75,0.115
1,1,,0.045,0.8,0.155
1,1,,0.13,0.725,0.145
1,1,,0.02,0.82,0.16
1,1,,0.23,0.72,0.05
1,0,,0.68,0.21,0.11
1,0,,0.545,0.375,0.08
1,1,,0.015,0.88,0.105
1,1,,0.03,0.735,0.235
1,1,,0.025,0.495,0.48
1,1,,0.06,0.49,0.45
1,1,,0.32,0.525,0.155
1,1,,0.355,0.545,0.1
1,1,,0.01,0.965,0.025
1,1,,0.015,0.965,0.02
1,1,,0.055,0.775,0.17
1,1,,0.05,0.895,0.055
1,1,,0.065,0.58,0.355
1,1,,0.085,0.795,0.12
1,1,,0.01,0.745,0.245
1,1,,0.08,0.725,0.195
1,1,,0.005,0.795,0.2
1,0,,0.655,0.25,0.095
1,2,,0.015,0.16,0.825
1,2,,0.045,0.37,0.585
1,2,,0.025,0.395,0.58
1,1,,0.125,0.745,0.13
1,1,,0.0,0.93,0.07
1,2,,0.0,0.47,0.53
1,1,,0.26,0.56,0.18
1,1,,0.2,0.64,0.16
1,1,,0.22,0.58,0.2
1,1,,0.005,0.705,0.29
1,1,,0.2,0.635,0.165
1,1,,0.01,0.9,0.09
1,1,,0.39,0.565,0.045
1,2,,0.04,0.195,0.765
1,1,,0.015,0.87,0.115
1,1,,0.185,0.61,0.205
1,1,,0.01,0.935,0.055
1,1,,0.175,0.74,0.085
1,1,,0.105,0.69,0.205
1,1,,0.205,0.655,0.14
1,1,,0.005,0.875,0.12
1,1,,0.155,0.74,0.105
1,1,,0.125,0.51,0.365
1,1,,0.08,0.865,0.055
1,1,,0.255,0.51,0.235
1,2,,0.055,0.4,0.545
1,1,,0.11,0.785,0.105
1,1,,0.08,0.73,0.19
1,1,,0.285,0.59,0.125
1,0,,0.535,0.395,0.07
1,1,,0.065,0.77,0.165
1,2,,0.17,0.285,0.545
1,2,,0.02,0.44,0.54
1,1,,0.12,0.765,0.115
1,1,,0.005,0.68,0.315
1,0,,0.565,0.39,0.045
1,1,,0.085,0.8,0.115
1,1,,0.055,0.765,0.18
1,1,,0.01,0.725,0.265
1,1,,0.165,0.775,0.06
1,0,,0.53,0.36,0.11
1,1,,0.17,0.735,0.095
1,1,,0.01,0.83,0.16
1,1,,0.075,0.675,0.25
1,1,,0.065,0.77,0.165
1,1,,0.04,0.48,0.48
1,1,,0.0,0.98,0.02
1,1,,0.07,0.82,0.11
2,2,,0.335,0.0,0.665
2,2,,0.11,0.33,0.56
2,2,,0.03,0.03,0.94
2,2,,0.01,0.02,0.97
2,2,,0.015,0.265,0.72
2,1,,0.355,0.55,0.095
2,2,,0.31,0.285,0.405
2,2,,0.455,0.06,0.485
2,0,,0.415,0.2,0.385
2,2,,0.31,0.14,0.55
2,2,,0.135,0.1,0.765
2,2,,0.23,0.315,0.455
2,1,,0.4,0.445,0.155
2,2,,0.215,0.27,0.515
2,0,,0.505,0.005,0.49
2,2,,0.15,0.085,0.765
2,0,,0.5,0.01,0.49
2,1,,0.145,0.465,0.39
2,2,,0.24,0.14,0.62
2,2,,0.35,0.1,0.55
2,0,,0.81,0.045,0.145
2,1,,0.205,0.565,0.23
2,2,,0.31,0.115,0.575
2,2,,0.125,0.06,0.815
2,2,,0.26,0.315,0.425
2,2,,0.02,0.035,0.945
2,0,,0.605,0.15,0.245
2,1,,0.105,0.54,0.355
2,2,,0.015,0.48,0.505
2,2,,0.0,0.035,0.965
2,2,,0.12,0.06,0.82
2,2,,0.04,0.065,0.895
2,2,,0.01,0.03,0.96
2,2,,0.36,0.01,0.63
2,2,,0.215,0.32,0.465
2,0,,0.5,0.215,0.285
2,2,,0.015,0.07,0.915
2,1,,0.045,0.505,0.45
2,2,,0.05,0.43,0.52
2,2,,0.175,0.055,0.77
2,1,,0.17,0.66,0.17
2,1,,0.125,0.575,0.3
2,2,,0.01,0.095,0.895
2,2,,0.005,0.065,0.93
2,0,,0.405,0.285,0.31
2,2,,0.005,0.25,0.745
2,2,,0.025,0.075,0.9
2,0,,0.59,0.03,0.38
2,2,,0.12,0.24,0.64
2,1,,0.04,0.51,0.45
2,2,,0.35,0.22,0.43
2,2,,0.02,0.23,0.75
2,1,,0.0,0.59,0.41
2,1,,0.12,0.67,0.21
2,2,,0.01,0.45,0.54
2,2,,0.04,0.2,0.76
2,2,,0.05,0.205,0.745
2,2,,0.26,0.005,0.735
2,2,,0.325,0.11,0.565
2,2,,0.26,0.015,0.725
2,0,,0.56,0.185,0.255
2,2,,0.34,0.125,0.535
2,2,,0.295,0.03,0.675
2,2,,0.005,0.235,0.76
2,2,,0.19,0.185,0.625
2,1,,0.305,0.505,0.19
2,2,,0.08,0.23,0.69
2,0,,0.555,0.295,0.15
2,0,,0.695,0.02,0.285
2,2,,0.24,0.235,0.525
2,2,,0.47,0.02,0.51
2,1,,0.005,0.755,0.24
2,2,,0.3,0.145,0.555
2,2,,0.03,0.155,0.815
2,2,,0.275,0.045,0.68
2,1,,0.01,0.655,0.335
2,2,,0.39,0.13,0.48
2,2,,0.095,0.04,0.865
2,2,,0.135,0.17,0.695
2,2,,0.265,0.35,0.385
2,2,,0.07,0.185,0.745
2,2,,0.06,0.16,0.78
2,2,,0.01,0.035,0.955
2,2,,0.105,0.08,0.815
2,0,,0.36,0.33,0.31
2,2,,0.015,0.14,0.845
2,2,,0.125,0.25,0.625
2,2,,0.1,0.12,0.78
2,0,,0.455,0.135,0.41
2,0,,0.42,0.19,0.39
2,2,,0.065,0.2,0.735
2,2,,0.15,0.04,0.81
2,1,,0.08,0.62,0.3
2,1,,0.0,0.855,0.145
2,0,,0.52,0.36,0.12
2,2,,0.145,0.015,0.84
2,2,,0.075,0.035,0.89
2,2,,0.055,0.25,0.695
2,2,,0.02,0.195,0.785
2,2,,0.365,0.13,0.505
2,0,,0.685,0.16,0.155
2,2,,0.11,0.08,0.81
2,2,,0.01,0.085,0.905
2,1,,0.215,0.63,0.155
2,2,,0.025,0.18,0.795
2,2,,0.365,0.02,0.615
2,2,,0.31,0.315,0.375
2,2,,0.02,0.145,0.835
2,2,,0.405,0.01,0.585
2,2,,0.06,0.02,0.92
2,2,,0.18,0.035,0.785
2,2,,0.14,0.065,0.795
2,2,,0.205,0.045,0.75
2,1,,0.09,0.6,0.31
2,2,,0.145,0.19,0.665
2,0,,0.45,0.295,0.255
2,2,,0.035,0.41,0.555
2,2,,0.065,0.065,0.87
2,2,,0.345,0.05,0.605
2,2,,0.25,0.33,0.42
2,2,,0.22,0.055,0.725
2,2,,0.01,0.195,0.795
2,2,,0.275,0.175,0.55
2,2,,0.02,0.135,0.845
2,2,,0.34,0.315,0.345
