ShapesAll,rstc,TEST,1,MILLISECONDS,Generated by run_classification_experiment on 07/25/2024, 20:49:19. Encoder dictionary: {'1': 0, '10': 1, '11': 2, '12': 3, '13': 4, '14': 5, '15': 6, '16': 7, '17': 8, '18': 9, '19': 10, '2': 11, '20': 12, '21': 13, '22': 14, '23': 15, '24': 16, '25': 17, '26': 18, '27': 19, '28': 20, '29': 21, '3': 22, '30': 23, '31': 24, '32': 25, '33': 26, '34': 27, '35': 28, '36': 29, '37': 30, '38': 31, '39': 32, '4': 33, '40': 34, '41': 35, '42': 36, '43': 37, '44': 38, '45': 39, '46': 40, '47': 41, '48': 42, '49': 43, '5': 44, '50': 45, '51': 46, '52': 47, '53': 48, '54': 49, '55': 50, '56': 51, '57': 52, '58': 53, '59': 54, '6': 55, '60': 56, '7': 57, '8': 58, '9': 59}
{'batch_size': 100, 'contract_max_n_shapelet_samples': inf, 'estimator': None, 'max_shapelet_length': None, 'max_shapelets': None, 'n_jobs': 1, 'n_shapelet_samples': 10000, 'random_state': 1, 'shapelet_quality': 'Kruskal_Wallis', 'time_limit_in_minutes': 0, 'transform_limit_in_minutes': 0}
0.8633333333333333,2522508,43767,-1,47411200,60,N/A,-1,-1
0,0,,0.965,0.0,0.0,0.0,0.0,0.0,0.0,0.0,0.0,0.0,0.0,0.0,0.005,0.0,0.0,0.0,0.0,0.0,0.0,0.01,0.0,0.0,0.0,0.0,0.0,0.0,0.0,0.005,0.0,0.0,0.0,0.0,0.0,0.0,0.0,0.005,0.0,0.0,0.0,0.0,0.0,0.0,0.005,0.0,0.0,0.0,0.0,0.0,0.0,0.0,0.0,0.005,0.0,0.0,0.0,0.0,0.0,0.0,0.0,0.0
0,0,,0.96,0.0,0.0,0.0,0.0,0.0,0.005,0.0,0.0,0.0,0.0,0.0,0.0,0.0,0.0,0.005,0.0,0.0,0.0,0.005,0.0,0.0,0.0,0.0,0.0,0.0,0.0,0.0,0.005,0.0,0.0,0.0,0.005,0.0,0.0,0.005,0.0,0.0,0.0,0.0,0.0,0.0,0.0,0.005,0.0,0.0,0.0,0.0,0.0,0.0,0.0,0.0,0.005,0.0,0.0,0.0,0.0,0.0,0.0,0.0
0,0,,0.615,0.0,0.0,0.005,0.0,0.0,0.0,0.0,0.035,0.0,0.0,0.035,0.0,0.0,0.0,0.0,0.0,0.0,0.005,0.025,0.0,0.0,0.01,0.005,0.0,0.0,0.005,0.005,0.035,0.01,0.035,0.0,0.01,0.01,0.0,0.005,0.005,0.0,0.0,0.0,0.0,0.0,0.065,0.0,0.0,0.005,0.005,0.0,0.0,0.0,0.0,0.005,0.05,0.0,0.005,0.0,0.005,0.0,0.0,0.005
0,0,,0.715,0.0,0.0,0.0,0.0,0.005,0.0,0.0,0.025,0.005,0.0,0.045,0.0,0.0,0.01,0.0,0.0,0.0,0.005,0.0,0.0,0.0,0.02,0.0,0.0,0.0,0.0,0.005,0.03,0.005,0.0,0.0,0.02,0.02,0.0,0.005,0.01,0.0,0.005,0.0,0.0,0.0,0.01,0.0,0.0,0.01,0.0,0.0,0.0,0.0,0.0,0.01,0.035,0.0,0.0,0.0,0.005,0.0,0.0,0.0
0,0,,0.925,0.0,0.0,0.0,0.0,0.005,0.005,0.0,0.0,0.0,0.0,0.0,0.0,0.0,0.0,0.005,0.0,0.005,0.0,0.005,0.0,0.0,0.005,0.0,0.0,0.0,0.0,0.0,0.01,0.01,0.0,0.0,0.0,0.0,0.0,0.005,0.0,0.0,0.0,0.0,0.0,0.0,0.01,0.0,0.0,0.0,0.0,0.0,0.0,0.0,0.0,0.0,0.0,0.0,0.0,0.0,0.0,0.0,0.0,0.01
0,0,,0.975,0.0,0.0,0.0,0.0,0.0,0.0,0.0,0.005,0.0,0.0,0.0,0.0,0.0,0.0,0.0,0.0,0.0,0.0,0.0,0.0,0.0,0.0,0.0,0.0,0.0,0.0,0.01,0.0,0.005,0.0,0.0,0.0,0.0,0.0,0.0,0.0,0.0,0.0,0.0,0.0,0.0,0.0,0.0,0.0,0.0,0.0,0.0,0.0,0.0,0.0,0.0,0.0,0.0,0.0,0.0,0.0,0.0,0.0,0.005
0,0,,0.95,0.0,0.0,0.0,0.0,0.0,0.0,0.0,0.005,0.0,0.0,0.005,0.0,0.0,0.0,0.0,0.0,0.0,0.0,0.005,0.0,0.0,0.0,0.0,0.0,0.0,0.0,0.005,0.005,0.0,0.005,0.0,0.0,0.0,0.0,0.0,0.0,0.0,0.0,0.0,0.0,0.0,0.0,0.0,0.0,0.0,0.0,0.0,0.0,0.005,0.0,0.005,0.01,0.0,0.0,0.0,0.0,0.0,0.0,0.0
0,0,,0.695,0.0,0.0,0.0,0.0,0.005,0.0,0.0,0.005,0.0,0.025,0.005,0.0,0.005,0.0,0.0,0.0,0.005,0.0,0.045,0.0,0.0,0.01,0.0,0.0,0.005,0.0,0.025,0.0,0.025,0.02,0.0,0.0,0.0,0.0,0.005,0.0,0.0,0.0,0.0,0.0,0.0,0.035,0.015,0.0,0.0,0.0,0.02,0.015,0.0,0.0,0.0,0.03,0.0,0.0,0.0,0.0,0.0,0.0,0.005
0,0,,0.705,0.0,0.0,0.0,0.0,0.01,0.0,0.0,0.02,0.0,0.0,0.02,0.0,0.0,0.0,0.01,0.0,0.0,0.01,0.015,0.005,0.0,0.015,0.0,0.0,0.0,0.0,0.035,0.005,0.02,0.005,0.0,0.005,0.01,0.0,0.015,0.005,0.0,0.0,0.0,0.0,0.0,0.02,0.005,0.0,0.0,0.0,0.02,0.0,0.0,0.0,0.0,0.03,0.0,0.0,0.0,0.0,0.0,0.0,0.015
0,0,,0.91,0.0,0.0,0.005,0.0,0.0,0.0,0.0,0.005,0.0,0.0,0.01,0.0,0.0,0.005,0.0,0.0,0.0,0.0,0.0,0.0,0.0,0.01,0.0,0.0,0.0,0.0,0.01,0.01,0.0,0.0,0.0,0.005,0.005,0.0,0.01,0.0,0.0,0.0,0.0,0.0,0.0,0.0,0.0,0.0,0.0,0.0,0.0,0.0,0.0,0.005,0.0,0.005,0.0,0.0,0.005,0.0,0.0,0.0,0.0
1,1,,0.0,0.905,0.0,0.0,0.0,0.0,0.0,0.0,0.0,0.02,0.0,0.0,0.005,0.0,0.0,0.0,0.0,0.0,0.0,0.0,0.0,0.0,0.005,0.0,0.0,0.0,0.0,0.0,0.0,0.0,0.0,0.0,0.0,0.0,0.0,0.0,0.0,0.0,0.02,0.0,0.0,0.0,0.0,0.0,0.0,0.0,0.025,0.0,0.0,0.0,0.0,0.005,0.0,0.0,0.015,0.0,0.0,0.0,0.0,0.0
1,1,,0.0,0.95,0.0,0.0,0.0,0.0,0.0,0.0,0.0,0.0,0.0,0.0,0.0,0.0,0.01,0.0,0.0,0.0,0.0,0.0,0.0,0.0,0.0,0.0,0.0,0.0,0.0,0.0,0.0,0.0,0.0,0.0,0.0,0.0,0.0,0.0,0.0,0.0,0.01,0.005,0.0,0.0,0.0,0.0,0.0,0.0,0.015,0.0,0.0,0.0,0.0,0.0,0.0,0.0,0.01,0.0,0.0,0.0,0.0,0.0
1,1,,0.0,0.38,0.025,0.0,0.0,0.0,0.025,0.005,0.0,0.155,0.0,0.0,0.0,0.0,0.03,0.015,0.0,0.0,0.0,0.0,0.0,0.0,0.005,0.01,0.0,0.0,0.0,0.0,0.03,0.0,0.0,0.0,0.0,0.0,0.025,0.0,0.005,0.0,0.025,0.005,0.0,0.0,0.0,0.0,0.0,0.06,0.07,0.0,0.0,0.0,0.0,0.0,0.0,0.02,0.065,0.005,0.04,0.0,0.0,0.0
1,46,,0.0,0.235,0.015,0.0,0.0,0.0,0.0,0.005,0.0,0.01,0.0,0.0,0.0,0.0,0.005,0.005,0.0,0.0,0.0,0.0,0.0,0.0,0.0,0.01,0.0,0.0,0.0,0.0,0.01,0.0,0.0,0.0,0.0,0.0,0.01,0.0,0.03,0.0,0.15,0.01,0.0,0.0,0.0,0.0,0.0,0.005,0.335,0.0,0.0,0.0,0.0,0.0,0.005,0.025,0.11,0.0,0.025,0.0,0.0,0.0
1,1,,0.0,0.525,0.005,0.015,0.0,0.0,0.0,0.005,0.0,0.035,0.0,0.0,0.0,0.0,0.02,0.015,0.01,0.0,0.0,0.0,0.0,0.0,0.0,0.01,0.0,0.0,0.0,0.0,0.02,0.0,0.0,0.0,0.0,0.0,0.005,0.0,0.02,0.0,0.01,0.005,0.0,0.0,0.0,0.0,0.0,0.01,0.075,0.0,0.0,0.0,0.0,0.0,0.005,0.005,0.12,0.0,0.085,0.0,0.0,0.0
1,1,,0.0,0.315,0.005,0.03,0.0,0.0,0.01,0.005,0.0,0.045,0.0,0.0,0.0,0.0,0.08,0.0,0.005,0.0,0.0,0.0,0.0,0.0,0.01,0.005,0.0,0.0,0.0,0.0,0.01,0.0,0.0,0.0,0.0,0.0,0.005,0.0,0.005,0.0,0.025,0.005,0.0,0.0,0.0,0.0,0.0,0.045,0.08,0.0,0.005,0.0,0.0,0.005,0.0,0.0,0.125,0.0,0.18,0.0,0.0,0.0
1,1,,0.0,0.545,0.01,0.005,0.0,0.0,0.015,0.0,0.0,0.085,0.0,0.0,0.0,0.0,0.095,0.01,0.0,0.0,0.0,0.0,0.0,0.0,0.0,0.0,0.0,0.0,0.0,0.0,0.03,0.0,0.0,0.0,0.0,0.0,0.0,0.0,0.0,0.0,0.01,0.005,0.0,0.0,0.0,0.0,0.0,0.045,0.045,0.0,0.0,0.0,0.0,0.005,0.005,0.0,0.04,0.0,0.05,0.0,0.0,0.0
1,1,,0.0,0.965,0.0,0.0,0.0,0.0,0.0,0.0,0.0,0.0,0.0,0.0,0.0,0.0,0.005,0.0,0.0,0.0,0.0,0.0,0.0,0.0,0.0,0.0,0.0,0.0,0.0,0.0,0.005,0.0,0.0,0.0,0.0,0.0,0.0,0.0,0.0,0.0,0.0,0.0,0.0,0.0,0.0,0.0,0.0,0.0,0.01,0.0,0.0,0.0,0.0,0.0,0.0,0.0,0.015,0.0,0.0,0.0,0.0,0.0
1,1,,0.0,0.585,0.01,0.0,0.0,0.0,0.005,0.0,0.0,0.075,0.0,0.0,0.0,0.0,0.01,0.005,0.0,0.0,0.0,0.0,0.0,0.0,0.0,0.0,0.0,0.0,0.0,0.0,0.01,0.0,0.0,0.0,0.0,0.0,0.005,0.0,0.0,0.0,0.04,0.01,0.0,0.0,0.0,0.0,0.0,0.005,0.15,0.0,0.0,0.0,0.0,0.0,0.0,0.0,0.06,0.0,0.03,0.0,0.0,0.0
1,1,,0.0,0.495,0.02,0.015,0.005,0.0,0.005,0.0,0.0,0.045,0.0,0.0,0.0,0.0,0.04,0.005,0.0,0.0,0.0,0.0,0.0,0.0,0.0,0.015,0.0,0.0,0.0,0.005,0.02,0.0,0.0,0.0,0.005,0.0,0.01,0.0,0.015,0.0,0.005,0.01,0.0,0.0,0.01,0.0,0.0,0.03,0.025,0.0,0.0,0.0,0.005,0.0,0.0,0.01,0.05,0.0,0.155,0.0,0.0,0.0
2,2,,0.0,0.0,0.82,0.0,0.0,0.0,0.0,0.005,0.0,0.0,0.0,0.005,0.005,0.0,0.005,0.005,0.0,0.0,0.0,0.0,0.0,0.0,0.0,0.005,0.0,0.0,0.0,0.0,0.0,0.0,0.0,0.0,0.005,0.0,0.01,0.0,0.015,0.0,0.0,0.005,0.0,0.0,0.0,0.0,0.0,0.005,0.05,0.0,0.0,0.0,0.0,0.0,0.01,0.025,0.02,0.0,0.005,0.0,0.0,0.0
2,2,,0.0,0.01,0.645,0.0,0.0,0.0,0.0,0.01,0.0,0.005,0.0,0.005,0.02,0.0,0.015,0.005,0.0,0.0,0.0,0.0,0.0,0.0,0.0,0.03,0.0,0.0,0.0,0.0,0.005,0.0,0.0,0.0,0.025,0.0,0.04,0.0,0.015,0.0,0.005,0.005,0.0,0.0,0.0,0.0,0.0,0.005,0.02,0.0,0.0,0.0,0.0,0.01,0.0,0.09,0.01,0.01,0.015,0.0,0.0,0.0
2,2,,0.0,0.02,0.615,0.0,0.0,0.0,0.0,0.0,0.0,0.01,0.0,0.005,0.0,0.0,0.02,0.0,0.0,0.0,0.0,0.0,0.0,0.0,0.0,0.015,0.0,0.0,0.0,0.0,0.005,0.0,0.0,0.0,0.01,0.0,0.005,0.0,0.01,0.0,0.07,0.035,0.0,0.0,0.0,0.0,0.0,0.02,0.055,0.0,0.0,0.0,0.0,0.0,0.005,0.01,0.06,0.0,0.03,0.0,0.0,0.0
2,2,,0.0,0.0,0.76,0.0,0.0,0.0,0.0,0.0,0.0,0.0,0.0,0.005,0.045,0.0,0.01,0.005,0.0,0.005,0.0,0.0,0.0,0.005,0.005,0.0,0.0,0.0,0.0,0.005,0.005,0.0,0.0,0.005,0.02,0.0,0.005,0.005,0.0,0.0,0.015,0.005,0.035,0.0,0.01,0.0,0.0,0.0,0.02,0.0,0.0,0.0,0.005,0.0,0.005,0.005,0.005,0.005,0.0,0.0,0.005,0.0
2,2,,0.0,0.0,0.71,0.0,0.0,0.0,0.005,0.0,0.005,0.0,0.0,0.015,0.085,0.0,0.01,0.0,0.0,0.0,0.0,0.0,0.0,0.005,0.005,0.0,0.0,0.0,0.0,0.0,0.005,0.0,0.0,0.0,0.02,0.0,0.01,0.0,0.02,0.0,0.01,0.005,0.035,0.0,0.0,0.0,0.0,0.0,0.005,0.0,0.0,0.0,0.005,0.0,0.005,0.01,0.005,0.005,0.005,0.0,0.01,0.005
2,2,,0.0,0.0,0.63,0.0,0.0,0.0,0.005,0.0,0.0,0.005,0.0,0.02,0.075,0.0,0.005,0.0,0.0,0.005,0.0,0.0,0.0,0.005,0.005,0.005,0.0,0.0,0.0,0.0,0.015,0.005,0.0,0.005,0.02,0.0,0.015,0.0,0.015,0.0,0.03,0.0,0.02,0.0,0.01,0.005,0.0,0.0,0.035,0.0,0.0,0.0,0.0,0.0,0.01,0.01,0.025,0.0,0.01,0.0,0.005,0.005
2,2,,0.0,0.005,0.645,0.005,0.0,0.005,0.005,0.005,0.005,0.005,0.0,0.01,0.025,0.0,0.0,0.0,0.005,0.005,0.0,0.0,0.0,0.005,0.0,0.005,0.0,0.0,0.0,0.0,0.015,0.0,0.0,0.005,0.01,0.0,0.06,0.0,0.015,0.0,0.005,0.015,0.025,0.0,0.0,0.01,0.005,0.0,0.04,0.0,0.0,0.0,0.01,0.005,0.0,0.005,0.02,0.0,0.01,0.0,0.005,0.005
2,2,,0.0,0.015,0.65,0.005,0.0,0.0,0.01,0.0,0.0,0.03,0.0,0.005,0.005,0.0,0.0,0.005,0.0,0.0,0.0,0.0,0.0,0.0,0.0,0.0,0.0,0.0,0.0,0.0,0.005,0.0,0.0,0.0,0.01,0.0,0.035,0.0,0.025,0.0,0.03,0.005,0.005,0.0,0.0,0.0,0.0,0.01,0.04,0.0,0.0,0.0,0.005,0.01,0.005,0.04,0.03,0.0,0.02,0.0,0.0,0.0
2,2,,0.0,0.0,0.565,0.0,0.0,0.0,0.0,0.0,0.0,0.01,0.0,0.015,0.03,0.0,0.01,0.0,0.0,0.0,0.005,0.0,0.0,0.01,0.01,0.005,0.0,0.0,0.0,0.0,0.035,0.005,0.0,0.0,0.05,0.0,0.025,0.005,0.025,0.0,0.02,0.015,0.045,0.0,0.01,0.0,0.0,0.0,0.045,0.0,0.0,0.0,0.0,0.005,0.01,0.01,0.03,0.0,0.005,0.0,0.0,0.0
2,2,,0.0,0.005,0.47,0.005,0.0,0.0,0.01,0.01,0.005,0.01,0.005,0.05,0.185,0.0,0.01,0.01,0.005,0.0,0.0,0.0,0.0,0.0,0.01,0.01,0.0,0.0,0.0,0.0,0.01,0.0,0.0,0.0,0.02,0.0,0.02,0.0,0.005,0.0,0.015,0.0,0.015,0.0,0.03,0.005,0.005,0.005,0.01,0.0,0.0,0.0,0.0,0.01,0.01,0.005,0.01,0.005,0.02,0.0,0.0,0.0
3,3,,0.01,0.005,0.005,0.8,0.0,0.0,0.005,0.005,0.005,0.0,0.0,0.01,0.0,0.0,0.015,0.01,0.0,0.0,0.0,0.0,0.0,0.0,0.005,0.005,0.0,0.0,0.0,0.0,0.005,0.0,0.0,0.0,0.0,0.0,0.0,0.005,0.01,0.0,0.0,0.005,0.0,0.0,0.01,0.0,0.0,0.03,0.0,0.0,0.0,0.0,0.0,0.0,0.035,0.0,0.01,0.0,0.01,0.0,0.0,0.0
3,3,,0.0,0.005,0.005,0.915,0.0,0.0,0.0,0.0,0.0,0.005,0.0,0.0,0.0,0.0,0.01,0.005,0.0,0.0,0.0,0.0,0.0,0.0,0.0,0.0,0.0,0.0,0.0,0.0,0.01,0.0,0.0,0.0,0.0,0.0,0.0,0.0,0.0,0.0,0.0,0.0,0.0,0.0,0.0,0.0,0.0,0.02,0.0,0.0,0.0,0.0,0.0,0.0,0.015,0.0,0.0,0.0,0.01,0.0,0.0,0.0
3,3,,0.0,0.01,0.01,0.765,0.0,0.0,0.0,0.0,0.0,0.005,0.0,0.005,0.0,0.0,0.04,0.01,0.0,0.0,0.0,0.0,0.0,0.0,0.005,0.0,0.0,0.0,0.0,0.0,0.005,0.0,0.0,0.0,0.0,0.0,0.0,0.0,0.0,0.0,0.0,0.0,0.0,0.0,0.0,0.0,0.0,0.105,0.005,0.0,0.0,0.0,0.0,0.0,0.005,0.0,0.01,0.0,0.02,0.0,0.0,0.0
3,3,,0.005,0.01,0.005,0.845,0.0,0.0,0.005,0.005,0.0,0.005,0.0,0.005,0.0,0.0,0.015,0.005,0.0,0.0,0.0,0.0,0.0,0.0,0.0,0.0,0.0,0.0,0.0,0.0,0.01,0.0,0.0,0.0,0.0,0.0,0.0,0.0,0.0,0.0,0.005,0.0,0.0,0.0,0.01,0.0,0.0,0.015,0.015,0.0,0.0,0.0,0.0,0.0,0.005,0.0,0.01,0.0,0.025,0.0,0.0,0.0
3,3,,0.0,0.005,0.015,0.78,0.0,0.005,0.005,0.0,0.0,0.015,0.0,0.01,0.0,0.0,0.02,0.0,0.0,0.0,0.0,0.0,0.0,0.0,0.005,0.0,0.0,0.0,0.0,0.0,0.015,0.0,0.0,0.0,0.0,0.0,0.0,0.0,0.0,0.0,0.0,0.005,0.0,0.0,0.0,0.0,0.0,0.08,0.005,0.0,0.0,0.0,0.0,0.0,0.025,0.005,0.0,0.0,0.005,0.0,0.0,0.0
3,3,,0.005,0.0,0.005,0.915,0.0,0.0,0.005,0.005,0.0,0.0,0.0,0.0,0.0,0.0,0.01,0.01,0.0,0.0,0.0,0.0,0.0,0.0,0.0,0.0,0.0,0.0,0.0,0.0,0.0,0.0,0.0,0.0,0.0,0.0,0.005,0.0,0.0,0.0,0.0,0.0,0.0,0.0,0.0,0.0,0.0,0.02,0.0,0.0,0.0,0.0,0.0,0.0,0.005,0.0,0.005,0.0,0.01,0.0,0.0,0.0
3,3,,0.0,0.01,0.01,0.9,0.0,0.0,0.0,0.0,0.0,0.005,0.0,0.0,0.0,0.0,0.0,0.0,0.0,0.0,0.0,0.0,0.0,0.0,0.0,0.0,0.0,0.0,0.0,0.0,0.01,0.0,0.0,0.0,0.0,0.0,0.0,0.0,0.005,0.0,0.0,0.0,0.0,0.0,0.0,0.0,0.0,0.04,0.01,0.0,0.0,0.0,0.0,0.0,0.0,0.0,0.005,0.0,0.005,0.0,0.0,0.0
3,3,,0.0,0.005,0.005,0.93,0.0,0.0,0.005,0.0,0.0,0.005,0.0,0.0,0.0,0.0,0.005,0.0,0.0,0.0,0.0,0.0,0.0,0.0,0.0,0.0,0.0,0.0,0.0,0.0,0.0,0.0,0.0,0.0,0.0,0.0,0.0,0.0,0.0,0.0,0.005,0.0,0.0,0.0,0.0,0.0,0.0,0.02,0.0,0.0,0.0,0.0,0.0,0.0,0.005,0.0,0.005,0.0,0.01,0.0,0.0,0.0
3,3,,0.0,0.0,0.005,0.925,0.0,0.0,0.005,0.0,0.0,0.01,0.0,0.0,0.0,0.0,0.01,0.005,0.0,0.0,0.0,0.0,0.0,0.0,0.0,0.0,0.0,0.0,0.0,0.0,0.0,0.0,0.0,0.0,0.0,0.0,0.0,0.0,0.0,0.0,0.0,0.0,0.0,0.0,0.0,0.0,0.0,0.025,0.0,0.0,0.0,0.0,0.0,0.0,0.0,0.0,0.01,0.0,0.005,0.0,0.0,0.0
3,3,,0.0,0.005,0.01,0.92,0.0,0.0,0.0,0.0,0.0,0.0,0.0,0.005,0.0,0.0,0.0,0.0,0.0,0.0,0.0,0.0,0.0,0.0,0.005,0.0,0.0,0.0,0.0,0.0,0.005,0.0,0.0,0.0,0.0,0.0,0.005,0.0,0.0,0.0,0.0,0.0,0.0,0.0,0.0,0.0,0.0,0.025,0.0,0.0,0.0,0.0,0.0,0.0,0.005,0.0,0.01,0.0,0.005,0.0,0.0,0.0
4,4,,0.0,0.0,0.0,0.0,0.62,0.005,0.0,0.0,0.0,0.0,0.0,0.0,0.0,0.06,0.0,0.0,0.08,0.01,0.01,0.0,0.0,0.005,0.0,0.0,0.025,0.005,0.0,0.005,0.0,0.0,0.005,0.015,0.01,0.015,0.0,0.015,0.015,0.0,0.0,0.0,0.005,0.005,0.01,0.01,0.005,0.0,0.0,0.0,0.0,0.0,0.04,0.0,0.005,0.0,0.0,0.01,0.0,0.0,0.005,0.005
4,4,,0.0,0.0,0.0,0.0,0.76,0.0,0.0,0.0,0.005,0.0,0.005,0.005,0.0,0.03,0.0,0.0,0.01,0.005,0.02,0.005,0.0,0.0,0.005,0.0,0.0,0.005,0.0,0.01,0.0,0.005,0.005,0.015,0.005,0.03,0.0,0.005,0.0,0.0,0.0,0.0,0.0,0.0,0.02,0.005,0.015,0.0,0.0,0.025,0.0,0.0,0.0,0.0,0.0,0.0,0.0,0.005,0.0,0.0,0.0,0.0
4,4,,0.005,0.0,0.0,0.0,0.59,0.0,0.0,0.0,0.005,0.0,0.005,0.0,0.0,0.01,0.0,0.0,0.06,0.03,0.025,0.005,0.0,0.0,0.025,0.0,0.005,0.01,0.005,0.01,0.0,0.01,0.0,0.005,0.0,0.03,0.0,0.015,0.005,0.0,0.0,0.0,0.0,0.0,0.02,0.01,0.05,0.0,0.0,0.04,0.0,0.005,0.005,0.0,0.0,0.0,0.0,0.01,0.0,0.0,0.005,0.0
4,4,,0.0,0.0,0.0,0.0,0.73,0.005,0.0,0.0,0.005,0.0,0.0,0.005,0.0,0.035,0.0,0.0,0.03,0.005,0.005,0.0,0.0,0.0,0.0,0.0,0.0,0.0,0.0,0.005,0.0,0.015,0.005,0.0,0.0,0.07,0.0,0.005,0.0,0.0,0.0,0.0,0.0,0.0,0.045,0.005,0.015,0.0,0.0,0.0,0.0,0.0,0.0,0.0,0.0,0.0,0.0,0.01,0.0,0.005,0.0,0.0
4,4,,0.005,0.0,0.005,0.0,0.65,0.02,0.0,0.0,0.005,0.0,0.01,0.015,0.0,0.035,0.0,0.0,0.005,0.01,0.0,0.0,0.0,0.0,0.0,0.0,0.0,0.025,0.0,0.01,0.0,0.0,0.01,0.035,0.015,0.02,0.0,0.01,0.005,0.005,0.0,0.0,0.0,0.01,0.04,0.005,0.01,0.0,0.0,0.0,0.005,0.0,0.02,0.0,0.0,0.0,0.0,0.015,0.0,0.0,0.0,0.0
4,4,,0.0,0.0,0.005,0.005,0.595,0.015,0.0,0.005,0.01,0.0,0.005,0.01,0.0,0.02,0.0,0.0,0.03,0.025,0.005,0.0,0.0,0.005,0.015,0.0,0.0,0.01,0.0,0.0,0.005,0.0,0.0,0.04,0.01,0.015,0.0,0.03,0.005,0.005,0.0,0.0,0.0,0.005,0.04,0.005,0.005,0.0,0.0,0.0,0.0,0.0,0.035,0.0,0.0,0.0,0.005,0.035,0.0,0.0,0.0,0.0
4,20,,0.005,0.0,0.0,0.005,0.03,0.06,0.0,0.0,0.04,0.0,0.005,0.0,0.0,0.015,0.0,0.0,0.0,0.025,0.075,0.045,0.29,0.0,0.005,0.0,0.005,0.005,0.0,0.015,0.005,0.005,0.13,0.035,0.0,0.01,0.0,0.06,0.005,0.0,0.0,0.0,0.005,0.02,0.02,0.0,0.0,0.0,0.0,0.01,0.0,0.005,0.03,0.01,0.01,0.0,0.005,0.005,0.0,0.005,0.0,0.0
4,4,,0.0,0.0,0.0,0.0,0.73,0.0,0.0,0.0,0.0,0.005,0.0,0.0,0.0,0.055,0.0,0.0,0.01,0.02,0.0,0.0,0.0,0.005,0.0,0.0,0.0,0.005,0.0,0.0,0.01,0.005,0.0,0.01,0.02,0.01,0.0,0.01,0.0,0.0,0.0,0.0,0.005,0.005,0.015,0.005,0.0,0.0,0.0,0.0,0.0,0.0,0.04,0.01,0.005,0.0,0.0,0.02,0.0,0.0,0.0,0.0
4,4,,0.0,0.005,0.005,0.0,0.665,0.0,0.0,0.0,0.01,0.005,0.0,0.005,0.0,0.015,0.0,0.005,0.0,0.035,0.0,0.01,0.0,0.005,0.01,0.0,0.0,0.015,0.0,0.0,0.005,0.0,0.0,0.025,0.02,0.01,0.0,0.025,0.0,0.0,0.0,0.0,0.01,0.005,0.015,0.005,0.025,0.0,0.0,0.0,0.005,0.0,0.04,0.0,0.005,0.0,0.0,0.01,0.0,0.0,0.005,0.0
4,50,,0.0,0.0,0.005,0.005,0.08,0.045,0.0,0.0,0.04,0.0,0.005,0.005,0.0,0.025,0.0,0.0,0.005,0.055,0.03,0.015,0.03,0.0,0.005,0.0,0.0,0.05,0.0,0.005,0.0,0.03,0.06,0.075,0.025,0.04,0.0,0.08,0.005,0.02,0.0,0.0,0.005,0.045,0.035,0.02,0.005,0.0,0.0,0.01,0.005,0.005,0.1,0.0,0.0,0.0,0.0,0.005,0.0,0.005,0.0,0.02
5,5,,0.005,0.0,0.0,0.0,0.01,0.325,0.0,0.0,0.03,0.0,0.025,0.0,0.0,0.025,0.0,0.005,0.015,0.03,0.035,0.015,0.015,0.0,0.01,0.0,0.005,0.065,0.01,0.015,0.005,0.025,0.025,0.0,0.03,0.03,0.0,0.02,0.02,0.0,0.0,0.0,0.0,0.0,0.05,0.05,0.0,0.0,0.0,0.015,0.015,0.005,0.03,0.0,0.0,0.0,0.0,0.01,0.0,0.0,0.0,0.03
5,5,,0.01,0.0,0.0,0.0,0.015,0.13,0.0,0.0,0.005,0.0,0.02,0.0,0.0,0.025,0.0,0.0,0.01,0.015,0.095,0.07,0.115,0.0,0.0,0.0,0.025,0.01,0.0,0.01,0.005,0.03,0.06,0.01,0.01,0.03,0.0,0.045,0.0,0.015,0.0,0.0,0.0,0.005,0.04,0.0,0.005,0.0,0.0,0.12,0.0,0.01,0.01,0.0,0.0,0.0,0.0,0.0,0.0,0.045,0.0,0.005
5,5,,0.0,0.0,0.0,0.0,0.06,0.18,0.0,0.0,0.0,0.0,0.03,0.0,0.0,0.005,0.0,0.0,0.035,0.01,0.15,0.01,0.09,0.0,0.0,0.0,0.07,0.0,0.0,0.005,0.0,0.015,0.02,0.0,0.035,0.05,0.0,0.04,0.0,0.02,0.0,0.0,0.0,0.03,0.005,0.0,0.0,0.0,0.0,0.035,0.01,0.015,0.0,0.0,0.005,0.0,0.0,0.005,0.0,0.07,0.0,0.0
5,18,,0.0,0.0,0.0,0.0,0.065,0.075,0.0,0.0,0.0,0.0,0.025,0.005,0.0,0.005,0.0,0.0,0.1,0.015,0.11,0.02,0.05,0.0,0.03,0.0,0.045,0.005,0.01,0.025,0.01,0.025,0.02,0.025,0.0,0.085,0.0,0.06,0.005,0.01,0.0,0.0,0.0,0.02,0.02,0.0,0.04,0.0,0.0,0.025,0.005,0.015,0.025,0.0,0.005,0.0,0.0,0.01,0.0,0.01,0.0,0.0
5,5,,0.0,0.0,0.0,0.0,0.005,0.295,0.0,0.0,0.015,0.0,0.085,0.005,0.0,0.05,0.0,0.0,0.015,0.025,0.045,0.025,0.075,0.005,0.0,0.0,0.0,0.03,0.005,0.005,0.0,0.02,0.04,0.01,0.02,0.01,0.0,0.025,0.0,0.005,0.0,0.0,0.0,0.015,0.015,0.01,0.005,0.0,0.0,0.015,0.01,0.015,0.06,0.0,0.0,0.0,0.0,0.01,0.0,0.01,0.005,0.015
5,5,,0.0,0.0,0.0,0.0,0.005,0.265,0.0,0.0,0.0,0.0,0.005,0.0,0.0,0.0,0.0,0.0,0.0,0.0,0.015,0.005,0.115,0.0,0.0,0.0,0.075,0.0,0.0,0.0,0.0,0.005,0.06,0.0,0.005,0.005,0.0,0.01,0.0,0.195,0.0,0.0,0.0,0.0,0.0,0.0,0.0,0.0,0.0,0.02,0.0,0.0,0.0,0.005,0.0,0.0,0.0,0.0,0.0,0.21,0.0,0.0
5,18,,0.005,0.0,0.0,0.0,0.07,0.055,0.0,0.0,0.035,0.0,0.005,0.005,0.0,0.015,0.0,0.0,0.03,0.005,0.165,0.05,0.075,0.0,0.01,0.0,0.05,0.005,0.0,0.01,0.0,0.03,0.035,0.005,0.01,0.085,0.0,0.065,0.005,0.01,0.0,0.0,0.005,0.035,0.015,0.0,0.0,0.0,0.0,0.02,0.005,0.01,0.005,0.0,0.025,0.0,0.0,0.01,0.0,0.025,0.005,0.005
5,20,,0.0,0.0,0.0,0.0,0.0,0.21,0.0,0.0,0.005,0.0,0.005,0.0,0.0,0.015,0.0,0.0,0.01,0.01,0.04,0.03,0.245,0.0,0.0,0.0,0.085,0.0,0.0,0.0,0.0,0.0,0.105,0.005,0.02,0.02,0.0,0.055,0.0,0.025,0.0,0.0,0.0,0.01,0.0,0.01,0.0,0.0,0.0,0.01,0.005,0.02,0.0,0.0,0.005,0.0,0.0,0.0,0.0,0.055,0.0,0.0
5,20,,0.005,0.0,0.0,0.0,0.015,0.24,0.0,0.0,0.0,0.0,0.005,0.0,0.0,0.015,0.0,0.0,0.0,0.005,0.015,0.0,0.305,0.0,0.0,0.0,0.03,0.0,0.0,0.0,0.0,0.0,0.06,0.005,0.0,0.005,0.0,0.025,0.0,0.17,0.0,0.0,0.0,0.0,0.0,0.0,0.0,0.0,0.0,0.0,0.0,0.005,0.0,0.0,0.0,0.0,0.0,0.0,0.0,0.095,0.0,0.0
5,19,,0.005,0.0,0.0,0.0,0.01,0.05,0.0,0.0,0.05,0.0,0.025,0.0,0.0,0.01,0.0,0.0,0.015,0.015,0.08,0.205,0.055,0.0,0.01,0.0,0.0,0.005,0.0,0.035,0.0,0.035,0.08,0.0,0.005,0.035,0.0,0.055,0.0,0.01,0.0,0.0,0.005,0.05,0.03,0.005,0.005,0.0,0.0,0.045,0.0,0.01,0.015,0.0,0.02,0.0,0.0,0.0,0.0,0.005,0.0,0.02
6,6,,0.0,0.02,0.015,0.03,0.0,0.0,0.63,0.01,0.0,0.04,0.0,0.005,0.01,0.0,0.035,0.01,0.0,0.0,0.0,0.0,0.0,0.0,0.0,0.015,0.0,0.0,0.0,0.0,0.01,0.0,0.0,0.0,0.0,0.0,0.005,0.0,0.0,0.0,0.0,0.05,0.0,0.0,0.0,0.0,0.0,0.04,0.0,0.0,0.0,0.0,0.0,0.005,0.015,0.0,0.01,0.005,0.04,0.0,0.0,0.0
6,6,,0.0,0.0,0.005,0.0,0.0,0.0,0.835,0.01,0.005,0.0,0.0,0.0,0.0,0.0,0.02,0.005,0.0,0.0,0.0,0.0,0.0,0.0,0.0,0.005,0.0,0.0,0.0,0.0,0.0,0.0,0.0,0.0,0.005,0.0,0.005,0.0,0.005,0.0,0.0,0.05,0.0,0.0,0.0,0.0,0.0,0.01,0.0,0.0,0.0,0.0,0.005,0.01,0.0,0.005,0.0,0.0,0.02,0.0,0.0,0.0
6,6,,0.0,0.0,0.0,0.005,0.0,0.0,0.855,0.01,0.005,0.005,0.0,0.0,0.005,0.0,0.025,0.0,0.005,0.0,0.0,0.0,0.0,0.0,0.0,0.015,0.0,0.0,0.0,0.0,0.005,0.0,0.0,0.0,0.005,0.0,0.0,0.0,0.015,0.0,0.0,0.015,0.0,0.0,0.0,0.0,0.0,0.01,0.0,0.0,0.0,0.0,0.0,0.015,0.0,0.005,0.0,0.0,0.0,0.0,0.0,0.0
6,6,,0.0,0.0,0.0,0.0,0.0,0.0,0.83,0.01,0.005,0.01,0.0,0.0,0.0,0.0,0.025,0.02,0.005,0.0,0.0,0.0,0.0,0.0,0.0,0.005,0.0,0.0,0.0,0.0,0.015,0.0,0.0,0.0,0.0,0.0,0.0,0.0,0.005,0.0,0.0,0.02,0.0,0.0,0.0,0.0,0.0,0.02,0.0,0.0,0.0,0.0,0.005,0.0,0.01,0.0,0.0,0.005,0.01,0.0,0.0,0.0
6,6,,0.0,0.0,0.0,0.0,0.0,0.0,0.815,0.02,0.005,0.0,0.0,0.0,0.005,0.0,0.01,0.01,0.005,0.0,0.0,0.0,0.0,0.0,0.0,0.02,0.0,0.0,0.0,0.005,0.01,0.0,0.0,0.0,0.02,0.0,0.005,0.0,0.02,0.0,0.0,0.01,0.0,0.0,0.005,0.0,0.0,0.005,0.005,0.0,0.0,0.0,0.005,0.01,0.005,0.0,0.0,0.0,0.005,0.0,0.0,0.0
6,6,,0.0,0.01,0.005,0.015,0.0,0.0,0.705,0.005,0.0,0.015,0.0,0.0,0.0,0.0,0.06,0.005,0.01,0.0,0.0,0.0,0.0,0.0,0.0,0.02,0.0,0.0,0.0,0.0,0.01,0.0,0.0,0.0,0.01,0.0,0.0,0.0,0.01,0.0,0.005,0.015,0.0,0.0,0.005,0.0,0.0,0.045,0.0,0.0,0.0,0.0,0.0,0.0,0.01,0.0,0.015,0.0,0.025,0.0,0.0,0.0
6,6,,0.0,0.015,0.0,0.005,0.0,0.0,0.61,0.01,0.0,0.0,0.0,0.005,0.005,0.0,0.05,0.05,0.005,0.0,0.0,0.0,0.0,0.0,0.0,0.015,0.0,0.0,0.0,0.0,0.02,0.0,0.0,0.0,0.005,0.0,0.015,0.0,0.005,0.0,0.005,0.025,0.005,0.0,0.0,0.0,0.0,0.045,0.0,0.0,0.0,0.0,0.005,0.04,0.005,0.01,0.015,0.005,0.025,0.0,0.0,0.0
6,6,,0.01,0.0,0.005,0.0,0.0,0.0,0.735,0.03,0.015,0.005,0.0,0.01,0.005,0.0,0.0,0.025,0.005,0.0,0.0,0.0,0.0,0.0,0.0,0.015,0.0,0.0,0.0,0.0,0.0,0.005,0.0,0.0,0.01,0.0,0.0,0.0,0.005,0.0,0.005,0.03,0.0,0.0,0.0,0.0,0.0,0.02,0.0,0.0,0.0,0.0,0.0,0.02,0.025,0.005,0.0,0.0,0.015,0.0,0.0,0.0
6,6,,0.0,0.0,0.0,0.0,0.0,0.0,0.905,0.005,0.0,0.0,0.0,0.005,0.0,0.0,0.0,0.005,0.0,0.0,0.0,0.0,0.0,0.0,0.0,0.01,0.0,0.0,0.0,0.0,0.0,0.0,0.0,0.0,0.0,0.0,0.0,0.0,0.01,0.0,0.0,0.005,0.0,0.0,0.0,0.0,0.0,0.015,0.0,0.0,0.0,0.0,0.0,0.025,0.005,0.0,0.0,0.0,0.01,0.0,0.0,0.0
6,6,,0.0,0.0,0.005,0.0,0.0,0.0,0.88,0.01,0.0,0.0,0.0,0.0,0.0,0.0,0.01,0.0,0.0,0.0,0.0,0.0,0.0,0.0,0.0,0.01,0.0,0.0,0.0,0.005,0.0,0.0,0.0,0.0,0.005,0.0,0.005,0.0,0.01,0.0,0.0,0.03,0.0,0.0,0.0,0.0,0.0,0.005,0.0,0.0,0.0,0.0,0.0,0.0,0.0,0.005,0.0,0.005,0.015,0.0,0.0,0.0
7,7,,0.005,0.0,0.0,0.0,0.0,0.0,0.015,0.905,0.0,0.005,0.0,0.0,0.0,0.0,0.0,0.01,0.0,0.0,0.0,0.0,0.0,0.0,0.0,0.0,0.0,0.0,0.0,0.005,0.0,0.0,0.0,0.0,0.015,0.0,0.0,0.005,0.02,0.0,0.0,0.0,0.0,0.0,0.0,0.0,0.0,0.0,0.0,0.0,0.0,0.0,0.0,0.0,0.005,0.0,0.005,0.005,0.0,0.0,0.0,0.0
7,7,,0.0,0.0,0.01,0.0,0.0,0.0,0.005,0.875,0.0,0.0,0.0,0.0,0.0,0.0,0.0,0.01,0.005,0.0,0.0,0.0,0.0,0.005,0.0,0.01,0.0,0.0,0.0,0.0,0.0,0.0,0.0,0.0,0.015,0.0,0.0,0.005,0.015,0.0,0.0,0.0,0.0,0.0,0.005,0.0,0.0,0.0,0.0,0.0,0.0,0.0,0.005,0.005,0.01,0.0,0.005,0.005,0.005,0.0,0.0,0.005
7,7,,0.0,0.0,0.005,0.0,0.0,0.0,0.015,0.93,0.0,0.0,0.0,0.0,0.0,0.0,0.0,0.015,0.0,0.0,0.0,0.0,0.0,0.0,0.0,0.01,0.0,0.0,0.0,0.0,0.0,0.0,0.0,0.0,0.0,0.0,0.0,0.0,0.01,0.0,0.0,0.005,0.0,0.0,0.0,0.0,0.0,0.0,0.0,0.0,0.0,0.0,0.005,0.0,0.0,0.0,0.005,0.0,0.0,0.0,0.0,0.0
7,7,,0.0,0.0,0.0,0.0,0.0,0.0,0.0,0.96,0.005,0.0,0.0,0.0,0.0,0.0,0.0,0.01,0.0,0.0,0.0,0.0,0.0,0.0,0.0,0.0,0.0,0.0,0.0,0.0,0.0,0.0,0.0,0.0,0.01,0.0,0.0,0.0,0.0,0.0,0.0,0.0,0.0,0.0,0.0,0.0,0.0,0.0,0.0,0.0,0.0,0.0,0.0,0.005,0.0,0.0,0.005,0.0,0.005,0.0,0.0,0.0
7,7,,0.005,0.005,0.005,0.0,0.0,0.0,0.03,0.695,0.005,0.0,0.0,0.0,0.015,0.0,0.015,0.075,0.0,0.0,0.0,0.0,0.0,0.0,0.005,0.02,0.0,0.0,0.0,0.0,0.005,0.0,0.0,0.0,0.02,0.0,0.005,0.0,0.03,0.0,0.005,0.02,0.0,0.0,0.0,0.0,0.0,0.005,0.0,0.005,0.0,0.0,0.0,0.02,0.005,0.0,0.005,0.0,0.0,0.0,0.0,0.0
7,7,,0.0,0.0,0.0,0.0,0.0,0.0,0.02,0.78,0.0,0.005,0.0,0.0,0.005,0.0,0.0,0.02,0.0,0.0,0.0,0.0,0.0,0.0,0.0,0.01,0.0,0.0,0.0,0.005,0.01,0.0,0.0,0.0,0.03,0.0,0.0,0.0,0.06,0.0,0.005,0.005,0.0,0.0,0.0,0.0,0.0,0.0,0.0,0.0,0.0,0.0,0.0,0.015,0.005,0.0,0.01,0.005,0.005,0.0,0.0,0.005
7,7,,0.005,0.0,0.02,0.0,0.005,0.0,0.01,0.7,0.0,0.005,0.005,0.0,0.01,0.0,0.0,0.02,0.0,0.0,0.0,0.0,0.0,0.0,0.005,0.025,0.0,0.0,0.0,0.0,0.005,0.0,0.0,0.0,0.01,0.0,0.015,0.005,0.055,0.0,0.0,0.0,0.0,0.0,0.005,0.0,0.0,0.0,0.0,0.0,0.0,0.0,0.0,0.005,0.005,0.005,0.01,0.065,0.0,0.0,0.0,0.005
7,7,,0.0,0.0,0.005,0.0,0.0,0.0,0.035,0.765,0.0,0.01,0.0,0.0,0.01,0.0,0.02,0.015,0.005,0.0,0.0,0.0,0.0,0.0,0.0,0.015,0.0,0.0,0.0,0.0,0.0,0.0,0.0,0.0,0.01,0.0,0.0,0.0,0.03,0.0,0.0,0.01,0.0,0.0,0.015,0.0,0.0,0.005,0.005,0.0,0.0,0.0,0.0,0.02,0.0,0.0,0.005,0.0,0.02,0.0,0.0,0.0
7,7,,0.0,0.0,0.01,0.0,0.0,0.0,0.035,0.78,0.0,0.005,0.0,0.005,0.005,0.0,0.01,0.03,0.01,0.0,0.0,0.0,0.0,0.0,0.005,0.005,0.0,0.0,0.0,0.0,0.0,0.0,0.0,0.0,0.02,0.0,0.0,0.0,0.045,0.0,0.0,0.0,0.0,0.0,0.0,0.0,0.0,0.0,0.0,0.0,0.0,0.0,0.0,0.01,0.0,0.015,0.005,0.005,0.0,0.0,0.0,0.0
7,7,,0.0,0.0,0.0,0.0,0.005,0.0,0.005,0.965,0.0,0.0,0.0,0.0,0.0,0.0,0.0,0.01,0.0,0.0,0.0,0.0,0.0,0.0,0.0,0.0,0.0,0.0,0.0,0.0,0.0,0.005,0.0,0.0,0.0,0.0,0.0,0.0,0.0,0.0,0.0,0.0,0.0,0.0,0.0,0.0,0.0,0.0,0.0,0.0,0.0,0.0,0.0,0.005,0.0,0.0,0.005,0.0,0.0,0.0,0.0,0.0
8,8,,0.005,0.0,0.0,0.0,0.0,0.015,0.0,0.0,0.43,0.0,0.0,0.0,0.0,0.0,0.0,0.0,0.0,0.0,0.01,0.04,0.01,0.0,0.005,0.0,0.0,0.005,0.0,0.09,0.005,0.025,0.235,0.005,0.0,0.0,0.0,0.07,0.0,0.0,0.0,0.0,0.0,0.005,0.005,0.0,0.0,0.0,0.0,0.01,0.0,0.005,0.0,0.0,0.01,0.0,0.0,0.005,0.0,0.005,0.0,0.005
8,8,,0.005,0.0,0.0,0.0,0.0,0.005,0.0,0.0,0.575,0.0,0.0,0.0,0.0,0.0,0.0,0.0,0.0,0.015,0.01,0.095,0.035,0.0,0.0,0.0,0.005,0.005,0.0,0.015,0.0,0.005,0.1,0.005,0.0,0.02,0.0,0.055,0.0,0.0,0.0,0.0,0.0,0.02,0.005,0.0,0.0,0.0,0.0,0.005,0.0,0.0,0.005,0.005,0.005,0.0,0.0,0.0,0.0,0.0,0.0,0.005
8,8,,0.0,0.0,0.0,0.0,0.005,0.035,0.0,0.0,0.205,0.0,0.0,0.0,0.0,0.0,0.0,0.0,0.0,0.035,0.035,0.19,0.185,0.0,0.0,0.0,0.005,0.0,0.0,0.0,0.005,0.0,0.18,0.025,0.0,0.005,0.0,0.015,0.0,0.01,0.0,0.0,0.0,0.01,0.01,0.0,0.0,0.0,0.0,0.005,0.0,0.0,0.01,0.0,0.01,0.0,0.0,0.0,0.0,0.02,0.0,0.0
8,30,,0.0,0.0,0.0,0.0,0.0,0.05,0.0,0.0,0.15,0.0,0.0,0.0,0.0,0.0,0.0,0.0,0.0,0.015,0.015,0.195,0.1,0.0,0.0,0.0,0.0,0.0,0.0,0.0,0.0,0.005,0.35,0.01,0.0,0.02,0.0,0.03,0.0,0.015,0.0,0.0,0.0,0.005,0.01,0.0,0.0,0.0,0.0,0.01,0.0,0.005,0.0,0.0,0.005,0.0,0.0,0.0,0.0,0.01,0.0,0.0
8,8,,0.0,0.0,0.0,0.0,0.005,0.025,0.0,0.0,0.385,0.0,0.005,0.0,0.0,0.005,0.0,0.0,0.005,0.035,0.015,0.085,0.03,0.005,0.005,0.0,0.005,0.0,0.0,0.025,0.0,0.0,0.035,0.04,0.01,0.02,0.0,0.075,0.0,0.01,0.0,0.0,0.01,0.04,0.01,0.02,0.0,0.0,0.0,0.01,0.0,0.005,0.055,0.0,0.015,0.0,0.0,0.005,0.0,0.0,0.005,0.0
8,8,,0.0,0.0,0.0,0.0,0.0,0.015,0.0,0.0,0.505,0.0,0.0,0.0,0.0,0.0,0.0,0.0,0.0,0.04,0.01,0.11,0.045,0.0,0.0,0.0,0.0,0.005,0.0,0.02,0.0,0.0,0.145,0.025,0.0,0.005,0.0,0.04,0.0,0.01,0.0,0.0,0.0,0.015,0.0,0.0,0.0,0.0,0.0,0.0,0.0,0.0,0.0,0.0,0.0,0.0,0.0,0.0,0.0,0.01,0.0,0.0
8,8,,0.01,0.0,0.0,0.0,0.0,0.0,0.0,0.0,0.48,0.0,0.015,0.0,0.0,0.0,0.0,0.0,0.0,0.01,0.01,0.01,0.01,0.0,0.0,0.0,0.0,0.005,0.0,0.15,0.005,0.0,0.17,0.005,0.005,0.01,0.0,0.03,0.0,0.0,0.0,0.0,0.0,0.0,0.01,0.0,0.0,0.0,0.0,0.015,0.0,0.0,0.01,0.0,0.015,0.0,0.005,0.005,0.0,0.0,0.005,0.01
8,8,,0.015,0.0,0.0,0.0,0.0,0.005,0.0,0.0,0.51,0.0,0.005,0.0,0.0,0.0,0.0,0.0,0.0,0.015,0.005,0.03,0.015,0.0,0.0,0.0,0.0,0.005,0.0,0.155,0.005,0.005,0.1,0.005,0.005,0.0,0.0,0.04,0.0,0.005,0.0,0.0,0.0,0.0,0.015,0.015,0.0,0.0,0.0,0.01,0.005,0.0,0.0,0.0,0.025,0.0,0.0,0.0,0.0,0.0,0.0,0.005
8,30,,0.01,0.0,0.0,0.0,0.0,0.01,0.0,0.0,0.27,0.0,0.0,0.0,0.0,0.0,0.0,0.0,0.0,0.015,0.03,0.145,0.09,0.0,0.0,0.0,0.0,0.0,0.0,0.0,0.005,0.005,0.305,0.0,0.0,0.01,0.0,0.06,0.005,0.0,0.0,0.0,0.0,0.015,0.01,0.0,0.0,0.0,0.0,0.01,0.0,0.0,0.0,0.0,0.0,0.0,0.0,0.0,0.0,0.0,0.0,0.005
8,19,,0.005,0.0,0.0,0.0,0.0,0.03,0.0,0.0,0.065,0.0,0.0,0.0,0.0,0.005,0.0,0.0,0.0,0.045,0.03,0.265,0.07,0.0,0.0,0.0,0.005,0.01,0.0,0.02,0.005,0.02,0.265,0.01,0.0,0.005,0.0,0.04,0.0,0.015,0.0,0.0,0.0,0.0,0.02,0.0,0.005,0.0,0.0,0.025,0.0,0.015,0.0,0.0,0.02,0.0,0.0,0.0,0.0,0.0,0.0,0.005
9,9,,0.0,0.015,0.01,0.0,0.0,0.0,0.0,0.0,0.0,0.95,0.0,0.0,0.005,0.0,0.0,0.0,0.0,0.0,0.0,0.0,0.0,0.0,0.0,0.0,0.0,0.0,0.0,0.0,0.0,0.0,0.0,0.0,0.0,0.0,0.0,0.0,0.0,0.0,0.0,0.0,0.0,0.0,0.0,0.0,0.0,0.01,0.01,0.0,0.0,0.0,0.0,0.0,0.0,0.0,0.0,0.0,0.0,0.0,0.0,0.0
9,9,,0.0,0.005,0.005,0.005,0.0,0.0,0.005,0.0,0.0,0.935,0.0,0.0,0.005,0.0,0.005,0.005,0.0,0.0,0.0,0.0,0.0,0.0,0.0,0.0,0.0,0.0,0.0,0.0,0.0,0.0,0.0,0.0,0.0,0.0,0.0,0.0,0.0,0.0,0.0,0.0,0.0,0.0,0.0,0.0,0.0,0.02,0.005,0.0,0.0,0.0,0.0,0.0,0.0,0.0,0.005,0.0,0.0,0.0,0.0,0.0
9,3,,0.0,0.02,0.095,0.29,0.0,0.0,0.005,0.0,0.0,0.035,0.0,0.005,0.0,0.0,0.095,0.01,0.0,0.0,0.0,0.0,0.0,0.0,0.0,0.0,0.0,0.0,0.0,0.0,0.02,0.0,0.0,0.0,0.0,0.0,0.02,0.0,0.005,0.0,0.03,0.03,0.0,0.0,0.0,0.0,0.0,0.105,0.09,0.0,0.0,0.0,0.0,0.0,0.01,0.005,0.105,0.0,0.025,0.0,0.0,0.0
9,9,,0.005,0.03,0.035,0.02,0.0,0.0,0.015,0.01,0.0,0.51,0.0,0.025,0.01,0.0,0.04,0.055,0.005,0.0,0.0,0.005,0.0,0.0,0.01,0.01,0.0,0.0,0.0,0.0,0.01,0.005,0.0,0.0,0.025,0.0,0.01,0.0,0.005,0.0,0.0,0.015,0.0,0.0,0.01,0.0,0.0,0.01,0.015,0.0,0.0,0.0,0.0,0.015,0.03,0.005,0.025,0.02,0.005,0.0,0.0,0.01
9,9,,0.0,0.0,0.005,0.0,0.0,0.0,0.0,0.0,0.0,0.96,0.0,0.005,0.0,0.0,0.005,0.005,0.0,0.0,0.0,0.0,0.0,0.0,0.0,0.0,0.0,0.0,0.0,0.0,0.0,0.0,0.0,0.0,0.0,0.0,0.0,0.0,0.0,0.0,0.0,0.0,0.0,0.0,0.0,0.0,0.0,0.01,0.0,0.0,0.0,0.0,0.0,0.0,0.005,0.0,0.005,0.0,0.0,0.0,0.0,0.0
9,9,,0.0,0.005,0.0,0.0,0.0,0.0,0.0,0.0,0.0,0.945,0.0,0.0,0.005,0.0,0.0,0.01,0.0,0.0,0.0,0.0,0.0,0.0,0.0,0.0,0.0,0.0,0.0,0.0,0.005,0.0,0.0,0.0,0.0,0.0,0.0,0.0,0.0,0.0,0.0,0.0,0.0,0.0,0.0,0.0,0.0,0.015,0.005,0.0,0.0,0.0,0.0,0.005,0.005,0.0,0.0,0.0,0.0,0.0,0.0,0.0
9,9,,0.0,0.015,0.01,0.0,0.0,0.0,0.005,0.0,0.0,0.925,0.0,0.0,0.0,0.0,0.005,0.0,0.0,0.0,0.0,0.0,0.0,0.0,0.0,0.0,0.0,0.0,0.0,0.0,0.0,0.0,0.0,0.0,0.0,0.0,0.0,0.0,0.0,0.0,0.0,0.0,0.0,0.0,0.0,0.0,0.0,0.025,0.015,0.0,0.0,0.0,0.0,0.0,0.0,0.0,0.0,0.0,0.0,0.0,0.0,0.0
9,9,,0.005,0.02,0.0,0.0,0.0,0.0,0.0,0.0,0.0,0.915,0.0,0.0,0.01,0.0,0.005,0.0,0.0,0.0,0.0,0.0,0.0,0.0,0.0,0.0,0.0,0.0,0.0,0.0,0.0,0.0,0.0,0.0,0.005,0.0,0.0,0.0,0.0,0.0,0.0,0.0,0.0,0.0,0.0,0.0,0.0,0.02,0.005,0.0,0.0,0.0,0.0,0.0,0.0,0.0,0.005,0.0,0.01,0.0,0.0,0.0
9,9,,0.005,0.04,0.0,0.01,0.0,0.0,0.0,0.0,0.0,0.89,0.0,0.0,0.005,0.0,0.0,0.005,0.0,0.0,0.0,0.0,0.0,0.0,0.0,0.0,0.0,0.0,0.0,0.0,0.0,0.0,0.0,0.0,0.0,0.0,0.0,0.0,0.0,0.0,0.0,0.0,0.0,0.0,0.0,0.0,0.0,0.03,0.01,0.0,0.0,0.0,0.0,0.0,0.0,0.0,0.005,0.0,0.0,0.0,0.0,0.0
9,9,,0.0,0.01,0.0,0.01,0.0,0.0,0.005,0.005,0.0,0.915,0.0,0.0,0.005,0.0,0.01,0.005,0.0,0.0,0.0,0.0,0.0,0.0,0.0,0.0,0.0,0.0,0.0,0.0,0.0,0.0,0.0,0.0,0.0,0.0,0.0,0.0,0.0,0.0,0.0,0.0,0.0,0.0,0.005,0.0,0.0,0.025,0.0,0.0,0.0,0.0,0.0,0.0,0.005,0.0,0.0,0.0,0.0,0.0,0.0,0.0
10,10,,0.015,0.0,0.0,0.0,0.0,0.0,0.0,0.0,0.015,0.0,0.155,0.0,0.0,0.0,0.0,0.0,0.005,0.045,0.015,0.0,0.0,0.0,0.02,0.0,0.0,0.025,0.105,0.04,0.04,0.02,0.0,0.005,0.005,0.01,0.0,0.03,0.005,0.0,0.0,0.0,0.0,0.0,0.045,0.095,0.0,0.0,0.0,0.01,0.095,0.01,0.01,0.0,0.005,0.0,0.0,0.005,0.0,0.0,0.015,0.155
10,48,,0.0,0.0,0.005,0.0,0.0,0.025,0.0,0.0,0.0,0.0,0.19,0.0,0.0,0.005,0.0,0.0,0.0,0.025,0.0,0.005,0.0,0.0,0.005,0.0,0.0,0.005,0.1,0.015,0.015,0.0,0.0,0.0,0.0,0.01,0.0,0.015,0.0,0.0,0.0,0.0,0.01,0.005,0.01,0.015,0.0,0.0,0.0,0.0,0.225,0.015,0.0,0.005,0.005,0.0,0.0,0.04,0.0,0.0,0.085,0.165
10,27,,0.015,0.0,0.0,0.0,0.01,0.02,0.0,0.0,0.03,0.0,0.085,0.005,0.0,0.005,0.0,0.0,0.005,0.015,0.005,0.025,0.0,0.0,0.03,0.0,0.005,0.01,0.025,0.1,0.04,0.05,0.01,0.01,0.0,0.03,0.01,0.035,0.0,0.005,0.0,0.0,0.0,0.015,0.06,0.025,0.01,0.0,0.01,0.065,0.06,0.025,0.01,0.005,0.015,0.0,0.0,0.025,0.0,0.0,0.015,0.08
10,10,,0.015,0.0,0.005,0.0,0.005,0.06,0.0,0.0,0.02,0.0,0.105,0.0,0.0,0.005,0.0,0.0,0.005,0.085,0.01,0.065,0.0,0.0,0.025,0.0,0.0,0.005,0.015,0.03,0.055,0.02,0.005,0.005,0.015,0.025,0.005,0.045,0.0,0.0,0.0,0.0,0.005,0.005,0.025,0.045,0.015,0.0,0.01,0.015,0.055,0.015,0.005,0.0,0.015,0.0,0.0,0.035,0.0,0.0,0.055,0.07
10,10,,0.0,0.0,0.0,0.0,0.0,0.0,0.0,0.0,0.005,0.0,0.73,0.005,0.0,0.0,0.0,0.0,0.0,0.02,0.01,0.005,0.0,0.0,0.0,0.0,0.0,0.04,0.015,0.01,0.0,0.01,0.005,0.0,0.0,0.005,0.0,0.0,0.0,0.0,0.0,0.0,0.0,0.0,0.0,0.035,0.0,0.0,0.0,0.0,0.05,0.005,0.0,0.0,0.0,0.0,0.0,0.005,0.0,0.0,0.0,0.045
10,10,,0.005,0.0,0.0,0.0,0.0,0.04,0.0,0.0,0.025,0.0,0.22,0.0,0.0,0.005,0.0,0.0,0.005,0.05,0.02,0.015,0.01,0.0,0.01,0.0,0.0,0.065,0.0,0.015,0.0,0.01,0.045,0.0,0.005,0.005,0.0,0.065,0.0,0.005,0.0,0.0,0.005,0.0,0.005,0.19,0.0,0.0,0.0,0.06,0.035,0.0,0.01,0.0,0.015,0.0,0.0,0.0,0.0,0.0,0.0,0.06
10,10,,0.02,0.0,0.0,0.005,0.005,0.005,0.0,0.0,0.005,0.0,0.16,0.0,0.0,0.01,0.0,0.005,0.005,0.06,0.005,0.01,0.0,0.0,0.03,0.0,0.0,0.005,0.04,0.015,0.035,0.07,0.0,0.005,0.025,0.05,0.0,0.025,0.005,0.0,0.0,0.0,0.0,0.005,0.035,0.03,0.015,0.0,0.005,0.005,0.09,0.0,0.005,0.005,0.005,0.0,0.0,0.02,0.0,0.0,0.085,0.095
10,43,,0.0,0.0,0.0,0.0,0.0,0.025,0.0,0.0,0.01,0.0,0.16,0.0,0.0,0.0,0.0,0.0,0.0,0.025,0.015,0.02,0.01,0.0,0.015,0.0,0.0,0.055,0.025,0.035,0.005,0.03,0.01,0.01,0.015,0.015,0.0,0.03,0.005,0.005,0.0,0.0,0.005,0.005,0.015,0.2,0.005,0.0,0.0,0.02,0.065,0.015,0.005,0.0,0.02,0.0,0.0,0.02,0.0,0.0,0.01,0.095
10,10,,0.005,0.0,0.0,0.0,0.0,0.005,0.0,0.0,0.005,0.0,0.36,0.005,0.0,0.0,0.0,0.0,0.0,0.025,0.01,0.01,0.0,0.005,0.02,0.0,0.0,0.025,0.04,0.07,0.01,0.025,0.0,0.0,0.0,0.005,0.0,0.015,0.0,0.0,0.0,0.0,0.0,0.0,0.025,0.045,0.0,0.0,0.0,0.0,0.125,0.015,0.0,0.0,0.01,0.0,0.0,0.005,0.0,0.0,0.015,0.12
10,10,,0.02,0.0,0.0,0.005,0.02,0.005,0.0,0.0,0.005,0.0,0.25,0.01,0.0,0.005,0.0,0.005,0.005,0.005,0.015,0.02,0.0,0.0,0.09,0.0,0.0,0.0,0.03,0.02,0.005,0.04,0.01,0.01,0.03,0.045,0.0,0.015,0.0,0.0,0.0,0.0,0.005,0.0,0.015,0.01,0.02,0.0,0.0,0.03,0.075,0.005,0.015,0.0,0.0,0.0,0.0,0.025,0.0,0.0,0.02,0.115
11,40,,0.005,0.0,0.06,0.0,0.005,0.0,0.0,0.0,0.015,0.0,0.015,0.015,0.005,0.005,0.0,0.0,0.01,0.01,0.0,0.0,0.0,0.08,0.01,0.015,0.0,0.005,0.0,0.01,0.0,0.005,0.0,0.045,0.12,0.01,0.0,0.01,0.01,0.0,0.0,0.0,0.225,0.0,0.015,0.075,0.0,0.0,0.02,0.005,0.0,0.0,0.1,0.005,0.015,0.0,0.015,0.03,0.0,0.0,0.02,0.01
11,40,,0.01,0.0,0.07,0.0,0.015,0.01,0.0,0.0,0.025,0.0,0.0,0.035,0.005,0.005,0.0,0.01,0.01,0.02,0.0,0.0,0.0,0.02,0.045,0.0,0.005,0.005,0.005,0.01,0.01,0.025,0.0,0.06,0.03,0.03,0.0,0.02,0.04,0.0,0.0,0.0,0.105,0.0,0.045,0.045,0.02,0.0,0.01,0.005,0.0,0.0,0.105,0.005,0.015,0.0,0.015,0.04,0.005,0.005,0.04,0.02
11,11,,0.025,0.0,0.02,0.0,0.0,0.01,0.01,0.01,0.0,0.0,0.0,0.46,0.005,0.0,0.01,0.025,0.02,0.01,0.0,0.0,0.0,0.0,0.01,0.015,0.0,0.005,0.0,0.025,0.035,0.05,0.0,0.01,0.035,0.0,0.0,0.005,0.015,0.0,0.0,0.0,0.01,0.0,0.035,0.045,0.01,0.01,0.005,0.0,0.0,0.0,0.02,0.015,0.01,0.0,0.005,0.02,0.0,0.0,0.0,0.005
11,11,,0.06,0.005,0.005,0.0,0.0,0.0,0.005,0.0,0.01,0.0,0.0,0.595,0.005,0.005,0.0,0.03,0.01,0.005,0.0,0.0,0.0,0.0,0.005,0.0,0.0,0.0,0.0,0.005,0.025,0.045,0.0,0.0,0.02,0.0,0.0,0.0,0.01,0.0,0.0,0.0,0.005,0.0,0.07,0.01,0.0,0.01,0.0,0.0,0.005,0.0,0.015,0.005,0.03,0.0,0.0,0.0,0.005,0.0,0.0,0.0
11,11,,0.005,0.005,0.025,0.01,0.0,0.0,0.015,0.01,0.005,0.0,0.0,0.575,0.01,0.005,0.02,0.035,0.0,0.0,0.0,0.0,0.0,0.0,0.005,0.02,0.0,0.0,0.0,0.015,0.005,0.035,0.0,0.0,0.03,0.0,0.0,0.005,0.025,0.0,0.0,0.035,0.0,0.0,0.01,0.005,0.0,0.005,0.0,0.0,0.0,0.0,0.005,0.02,0.04,0.01,0.005,0.0,0.0,0.0,0.0,0.005
11,11,,0.01,0.0,0.01,0.0,0.005,0.0,0.01,0.005,0.0,0.0,0.0,0.705,0.0,0.005,0.01,0.04,0.0,0.0,0.0,0.0,0.0,0.0,0.0,0.005,0.0,0.0,0.0,0.005,0.02,0.02,0.005,0.005,0.01,0.005,0.0,0.01,0.005,0.0,0.01,0.015,0.0,0.0,0.01,0.0,0.0,0.0,0.01,0.0,0.0,0.0,0.0,0.025,0.03,0.0,0.005,0.0,0.005,0.0,0.0,0.0
11,11,,0.02,0.0,0.01,0.0,0.0,0.0,0.0,0.0,0.025,0.0,0.0,0.225,0.02,0.0,0.0,0.01,0.02,0.055,0.005,0.0,0.0,0.015,0.03,0.0,0.0,0.015,0.005,0.04,0.06,0.03,0.005,0.01,0.05,0.035,0.0,0.01,0.005,0.0,0.0,0.0,0.005,0.005,0.07,0.09,0.0,0.0,0.01,0.005,0.01,0.005,0.035,0.005,0.015,0.0,0.005,0.005,0.0,0.0,0.0,0.035
11,11,,0.015,0.0,0.08,0.015,0.0,0.0,0.0,0.015,0.0,0.01,0.005,0.35,0.095,0.0,0.01,0.04,0.005,0.0,0.0,0.0,0.0,0.0,0.005,0.005,0.0,0.0,0.0,0.005,0.045,0.01,0.0,0.005,0.065,0.0,0.05,0.0,0.02,0.0,0.01,0.01,0.015,0.0,0.01,0.005,0.0,0.0,0.005,0.0,0.0,0.0,0.02,0.0,0.01,0.005,0.015,0.04,0.0,0.0,0.0,0.005
11,11,,0.035,0.0,0.0,0.0,0.0,0.0,0.0,0.01,0.01,0.0,0.0,0.505,0.005,0.005,0.0,0.015,0.025,0.005,0.005,0.005,0.005,0.0,0.005,0.01,0.0,0.015,0.0,0.01,0.02,0.055,0.0,0.0,0.035,0.01,0.0,0.005,0.01,0.0,0.0,0.0,0.0,0.005,0.065,0.035,0.005,0.0,0.0,0.01,0.005,0.0,0.03,0.01,0.02,0.0,0.0,0.01,0.0,0.0,0.0,0.0
11,11,,0.015,0.0,0.02,0.0,0.0,0.0,0.015,0.005,0.0,0.005,0.0,0.515,0.015,0.005,0.015,0.05,0.0,0.0,0.0,0.0,0.005,0.005,0.005,0.03,0.0,0.0,0.0,0.015,0.02,0.03,0.005,0.005,0.03,0.0,0.0,0.005,0.04,0.0,0.0,0.015,0.005,0.0,0.005,0.005,0.0,0.005,0.005,0.0,0.005,0.0,0.005,0.035,0.04,0.01,0.005,0.0,0.005,0.0,0.0,0.0
12,12,,0.0,0.0,0.01,0.0,0.0,0.0,0.0,0.005,0.0,0.0,0.0,0.0,0.95,0.0,0.0,0.0,0.0,0.0,0.0,0.0,0.0,0.0,0.0,0.0,0.0,0.0,0.0,0.0,0.005,0.0,0.0,0.0,0.01,0.0,0.0,0.0,0.0,0.0,0.0,0.005,0.0,0.0,0.0,0.0,0.0,0.0,0.005,0.0,0.0,0.0,0.0,0.0,0.005,0.005,0.0,0.0,0.0,0.0,0.0,0.0
12,12,,0.0,0.0,0.0,0.0,0.0,0.0,0.0,0.0,0.0,0.0,0.0,0.0,0.995,0.0,0.0,0.0,0.0,0.0,0.0,0.0,0.0,0.0,0.0,0.0,0.0,0.0,0.0,0.0,0.0,0.0,0.0,0.0,0.0,0.0,0.0,0.0,0.0,0.0,0.0,0.0,0.0,0.0,0.0,0.0,0.0,0.0,0.0,0.0,0.0,0.0,0.0,0.0,0.0,0.0,0.005,0.0,0.0,0.0,0.0,0.0
12,12,,0.0,0.0,0.005,0.0,0.0,0.0,0.0,0.005,0.0,0.0,0.0,0.005,0.915,0.0,0.0,0.0,0.0,0.0,0.0,0.0,0.0,0.005,0.005,0.005,0.0,0.0,0.0,0.0,0.0,0.0,0.0,0.0,0.005,0.0,0.0,0.0,0.01,0.0,0.0,0.01,0.0,0.0,0.0,0.0,0.0,0.005,0.005,0.0,0.0,0.0,0.005,0.0,0.0,0.01,0.0,0.0,0.0,0.0,0.0,0.005
12,12,,0.0,0.0,0.01,0.0,0.0,0.0,0.0,0.0,0.0,0.0,0.0,0.0,0.985,0.0,0.0,0.0,0.0,0.0,0.0,0.0,0.0,0.0,0.0,0.0,0.0,0.0,0.0,0.0,0.005,0.0,0.0,0.0,0.0,0.0,0.0,0.0,0.0,0.0,0.0,0.0,0.0,0.0,0.0,0.0,0.0,0.0,0.0,0.0,0.0,0.0,0.0,0.0,0.0,0.0,0.0,0.0,0.0,0.0,0.0,0.0
12,12,,0.0,0.0,0.045,0.0,0.0,0.0,0.0,0.005,0.0,0.0,0.0,0.005,0.92,0.0,0.0,0.0,0.0,0.0,0.0,0.0,0.0,0.0,0.0,0.0,0.0,0.0,0.0,0.0,0.005,0.0,0.0,0.0,0.0,0.0,0.0,0.0,0.0,0.0,0.005,0.005,0.0,0.0,0.0,0.0,0.0,0.0,0.0,0.0,0.0,0.0,0.0,0.0,0.0,0.005,0.005,0.0,0.0,0.0,0.0,0.0
12,12,,0.0,0.0,0.0,0.0,0.0,0.0,0.0,0.0,0.0,0.0,0.0,0.0,0.985,0.0,0.0,0.0,0.0,0.0,0.0,0.0,0.0,0.0,0.0,0.0,0.0,0.0,0.0,0.0,0.0,0.0,0.0,0.0,0.005,0.0,0.005,0.0,0.0,0.0,0.0,0.005,0.0,0.0,0.0,0.0,0.0,0.0,0.0,0.0,0.0,0.0,0.0,0.0,0.0,0.0,0.0,0.0,0.0,0.0,0.0,0.0
12,12,,0.0,0.0,0.0,0.0,0.0,0.0,0.0,0.0,0.0,0.0,0.0,0.0,0.995,0.0,0.0,0.0,0.0,0.0,0.0,0.0,0.0,0.0,0.0,0.0,0.0,0.0,0.0,0.0,0.0,0.0,0.0,0.0,0.0,0.0,0.0,0.0,0.0,0.0,0.0,0.005,0.0,0.0,0.0,0.0,0.0,0.0,0.0,0.0,0.0,0.0,0.0,0.0,0.0,0.0,0.0,0.0,0.0,0.0,0.0,0.0
12,12,,0.0,0.0,0.015,0.0,0.0,0.0,0.005,0.0,0.0,0.0,0.0,0.0,0.945,0.0,0.0,0.0,0.0,0.0,0.0,0.0,0.0,0.0,0.0,0.0,0.0,0.0,0.0,0.005,0.0,0.0,0.0,0.0,0.005,0.0,0.0,0.0,0.0,0.0,0.005,0.005,0.0,0.0,0.0,0.0,0.0,0.0,0.0,0.0,0.0,0.0,0.0,0.0,0.005,0.0,0.005,0.0,0.005,0.0,0.0,0.0
12,12,,0.0,0.0,0.0,0.0,0.0,0.0,0.0,0.0,0.0,0.0,0.0,0.0,0.98,0.0,0.0,0.0,0.0,0.0,0.0,0.0,0.0,0.005,0.0,0.0,0.0,0.0,0.0,0.0,0.0,0.0,0.0,0.0,0.005,0.0,0.0,0.0,0.0,0.0,0.005,0.005,0.0,0.0,0.0,0.0,0.0,0.0,0.0,0.0,0.0,0.0,0.0,0.0,0.0,0.0,0.0,0.0,0.0,0.0,0.0,0.0
12,12,,0.0,0.0,0.005,0.0,0.0,0.0,0.0,0.0,0.0,0.0,0.0,0.0,0.98,0.0,0.0,0.0,0.0,0.0,0.0,0.0,0.0,0.0,0.0,0.0,0.0,0.0,0.0,0.0,0.0,0.0,0.0,0.0,0.0,0.0,0.0,0.0,0.0,0.0,0.0,0.005,0.0,0.0,0.0,0.0,0.0,0.0,0.005,0.0,0.0,0.0,0.0,0.0,0.005,0.0,0.0,0.0,0.0,0.0,0.0,0.0
13,13,,0.0,0.0,0.0,0.0,0.0,0.01,0.0,0.0,0.0,0.0,0.0,0.005,0.0,0.845,0.0,0.0,0.015,0.0,0.0,0.0,0.0,0.0,0.0,0.0,0.0,0.025,0.0,0.005,0.0,0.005,0.0,0.01,0.01,0.0,0.0,0.0,0.0,0.0,0.0,0.0,0.0,0.0,0.0,0.015,0.01,0.0,0.0,0.005,0.0,0.0,0.025,0.0,0.0,0.0,0.0,0.01,0.0,0.0,0.005,0.0
13,13,,0.005,0.0,0.0,0.0,0.06,0.005,0.0,0.0,0.005,0.0,0.0,0.005,0.0,0.62,0.0,0.0,0.025,0.0,0.01,0.01,0.0,0.0,0.0,0.005,0.0,0.0,0.005,0.0,0.005,0.0,0.01,0.0,0.015,0.035,0.0,0.03,0.01,0.005,0.0,0.0,0.005,0.005,0.025,0.01,0.015,0.0,0.0,0.015,0.0,0.0,0.05,0.0,0.005,0.0,0.0,0.005,0.0,0.0,0.0,0.0
13,13,,0.0,0.0,0.0,0.0,0.07,0.01,0.0,0.0,0.0,0.0,0.005,0.005,0.0,0.635,0.0,0.0,0.07,0.005,0.01,0.0,0.005,0.0,0.0,0.0,0.015,0.0,0.0,0.0,0.0,0.0,0.0,0.01,0.015,0.015,0.0,0.03,0.0,0.0,0.0,0.0,0.005,0.0,0.015,0.015,0.0,0.0,0.0,0.005,0.0,0.01,0.035,0.005,0.0,0.0,0.0,0.0,0.0,0.01,0.0,0.0
13,13,,0.005,0.0,0.0,0.0,0.05,0.01,0.0,0.0,0.0,0.0,0.0,0.005,0.0,0.755,0.0,0.0,0.005,0.005,0.005,0.0,0.0,0.0,0.0,0.0,0.005,0.0,0.0,0.005,0.0,0.005,0.0,0.0,0.035,0.005,0.0,0.05,0.0,0.0,0.0,0.0,0.005,0.0,0.0,0.005,0.0,0.0,0.0,0.0,0.005,0.005,0.02,0.0,0.005,0.0,0.0,0.0,0.0,0.0,0.005,0.005
13,13,,0.0,0.0,0.0,0.0,0.03,0.015,0.0,0.0,0.005,0.0,0.035,0.005,0.0,0.52,0.0,0.0,0.03,0.005,0.03,0.005,0.005,0.0,0.005,0.0,0.005,0.01,0.0,0.005,0.0,0.025,0.005,0.015,0.03,0.055,0.0,0.01,0.005,0.0,0.0,0.0,0.0,0.0,0.02,0.015,0.01,0.0,0.0,0.075,0.0,0.005,0.005,0.0,0.0,0.0,0.0,0.0,0.0,0.015,0.0,0.0
13,13,,0.01,0.0,0.0,0.0,0.0,0.015,0.0,0.0,0.0,0.0,0.01,0.005,0.0,0.605,0.0,0.0,0.025,0.0,0.015,0.005,0.0,0.0,0.0,0.0,0.005,0.035,0.005,0.025,0.0,0.01,0.005,0.01,0.025,0.025,0.0,0.02,0.0,0.0,0.0,0.0,0.0,0.0,0.02,0.02,0.005,0.0,0.0,0.015,0.015,0.0,0.06,0.0,0.0,0.0,0.0,0.005,0.0,0.0,0.0,0.005
13,13,,0.0,0.0,0.0,0.0,0.035,0.02,0.0,0.0,0.0,0.0,0.01,0.0,0.0,0.755,0.0,0.0,0.03,0.0,0.015,0.005,0.0,0.0,0.0,0.0,0.005,0.01,0.01,0.005,0.0,0.0,0.0,0.005,0.01,0.005,0.0,0.025,0.0,0.0,0.0,0.0,0.0,0.005,0.005,0.005,0.0,0.0,0.0,0.005,0.005,0.005,0.015,0.0,0.005,0.0,0.0,0.005,0.0,0.0,0.0,0.0
13,13,,0.0,0.0,0.0,0.0,0.01,0.0,0.0,0.0,0.0,0.0,0.015,0.0,0.0,0.845,0.0,0.0,0.01,0.0,0.01,0.0,0.005,0.0,0.0,0.0,0.02,0.005,0.0,0.0,0.0,0.005,0.0,0.005,0.01,0.005,0.0,0.01,0.0,0.0,0.0,0.0,0.0,0.0,0.0,0.015,0.0,0.0,0.0,0.01,0.0,0.0,0.015,0.0,0.005,0.0,0.0,0.0,0.0,0.0,0.0,0.0
13,13,,0.0,0.0,0.0,0.0,0.01,0.005,0.0,0.0,0.005,0.0,0.015,0.005,0.0,0.76,0.0,0.0,0.01,0.005,0.025,0.005,0.015,0.0,0.0,0.0,0.01,0.015,0.0,0.0,0.005,0.01,0.0,0.0,0.025,0.025,0.0,0.005,0.0,0.0,0.0,0.0,0.0,0.0,0.0,0.0,0.005,0.0,0.0,0.01,0.005,0.0,0.025,0.0,0.0,0.0,0.0,0.0,0.0,0.0,0.0,0.0
13,13,,0.0,0.0,0.0,0.0,0.01,0.01,0.0,0.0,0.0,0.0,0.005,0.005,0.0,0.78,0.0,0.0,0.015,0.0,0.03,0.0,0.005,0.0,0.0,0.0,0.005,0.01,0.0,0.0,0.0,0.005,0.0,0.0,0.025,0.03,0.0,0.02,0.0,0.0,0.0,0.0,0.0,0.0,0.005,0.005,0.01,0.0,0.0,0.025,0.0,0.0,0.0,0.0,0.0,0.0,0.0,0.0,0.0,0.0,0.0,0.0
14,14,,0.0,0.025,0.015,0.015,0.0,0.0,0.005,0.005,0.0,0.01,0.0,0.0,0.0,0.0,0.46,0.0,0.0,0.0,0.0,0.0,0.0,0.0,0.0,0.01,0.0,0.0,0.0,0.0,0.015,0.0,0.0,0.0,0.0,0.0,0.05,0.0,0.025,0.0,0.02,0.07,0.0,0.0,0.0,0.0,0.0,0.035,0.035,0.0,0.0,0.0,0.0,0.01,0.005,0.02,0.06,0.0,0.11,0.0,0.0,0.0
14,14,,0.0,0.02,0.01,0.015,0.0,0.0,0.01,0.0,0.0,0.02,0.0,0.005,0.0,0.0,0.665,0.015,0.0,0.0,0.0,0.0,0.0,0.0,0.005,0.01,0.0,0.0,0.0,0.0,0.015,0.0,0.0,0.0,0.005,0.0,0.0,0.0,0.0,0.0,0.0,0.01,0.0,0.0,0.0,0.0,0.0,0.125,0.025,0.0,0.0,0.0,0.0,0.01,0.005,0.0,0.01,0.0,0.02,0.0,0.0,0.0
14,9,,0.005,0.14,0.03,0.075,0.0,0.0,0.04,0.0,0.0,0.24,0.0,0.0,0.005,0.0,0.11,0.02,0.0,0.0,0.0,0.0,0.0,0.0,0.0,0.01,0.0,0.0,0.0,0.0,0.03,0.0,0.0,0.0,0.005,0.0,0.0,0.0,0.0,0.0,0.005,0.02,0.005,0.0,0.01,0.0,0.0,0.095,0.02,0.0,0.0,0.0,0.0,0.0,0.015,0.005,0.025,0.0,0.09,0.0,0.0,0.0
14,14,,0.0,0.02,0.025,0.03,0.0,0.0,0.0,0.015,0.0,0.015,0.0,0.0,0.0,0.0,0.495,0.005,0.0,0.0,0.0,0.0,0.0,0.0,0.01,0.005,0.0,0.0,0.0,0.0,0.005,0.0,0.0,0.0,0.005,0.0,0.015,0.0,0.03,0.0,0.0,0.1,0.0,0.0,0.0,0.0,0.0,0.065,0.015,0.0,0.0,0.0,0.0,0.005,0.005,0.01,0.025,0.0,0.1,0.0,0.0,0.0
14,14,,0.0,0.0,0.015,0.02,0.0,0.0,0.015,0.005,0.0,0.01,0.0,0.015,0.005,0.0,0.63,0.0,0.0,0.0,0.0,0.0,0.0,0.0,0.0,0.015,0.0,0.0,0.0,0.0,0.03,0.0,0.0,0.0,0.015,0.0,0.01,0.0,0.035,0.0,0.005,0.03,0.0,0.0,0.005,0.0,0.0,0.045,0.02,0.0,0.0,0.0,0.0,0.0,0.01,0.015,0.01,0.005,0.03,0.0,0.0,0.005
14,14,,0.005,0.015,0.035,0.035,0.0,0.0,0.02,0.005,0.0,0.0,0.0,0.015,0.005,0.0,0.545,0.005,0.0,0.0,0.0,0.0,0.0,0.0,0.0,0.005,0.0,0.0,0.0,0.0,0.02,0.0,0.0,0.0,0.005,0.0,0.025,0.0,0.04,0.0,0.005,0.05,0.0,0.0,0.005,0.0,0.0,0.025,0.005,0.0,0.0,0.0,0.0,0.005,0.005,0.03,0.05,0.005,0.03,0.0,0.0,0.005
14,14,,0.0,0.01,0.02,0.05,0.0,0.0,0.005,0.0,0.0,0.005,0.0,0.0,0.0,0.0,0.59,0.0,0.0,0.0,0.0,0.0,0.0,0.0,0.0,0.005,0.0,0.0,0.0,0.0,0.005,0.0,0.0,0.0,0.0,0.0,0.0,0.0,0.0,0.0,0.005,0.025,0.0,0.0,0.0,0.0,0.0,0.215,0.03,0.0,0.0,0.0,0.0,0.0,0.0,0.005,0.02,0.0,0.01,0.0,0.0,0.0
14,56,,0.0,0.01,0.025,0.035,0.0,0.0,0.005,0.005,0.0,0.005,0.0,0.01,0.0,0.0,0.16,0.005,0.005,0.0,0.0,0.005,0.0,0.0,0.005,0.04,0.0,0.0,0.0,0.01,0.035,0.0,0.0,0.0,0.0,0.0,0.045,0.0,0.04,0.0,0.01,0.025,0.0,0.0,0.005,0.0,0.0,0.005,0.05,0.0,0.0,0.0,0.0,0.0,0.02,0.02,0.06,0.015,0.345,0.0,0.0,0.0
14,39,,0.0,0.005,0.055,0.06,0.005,0.0,0.025,0.01,0.0,0.005,0.0,0.01,0.015,0.0,0.215,0.015,0.0,0.0,0.0,0.0,0.0,0.0,0.0,0.02,0.0,0.0,0.0,0.0,0.035,0.0,0.0,0.0,0.005,0.0,0.0,0.0,0.02,0.0,0.01,0.29,0.0,0.0,0.0,0.0,0.0,0.08,0.015,0.0,0.0,0.0,0.0,0.005,0.02,0.005,0.025,0.0,0.05,0.0,0.0,0.0
14,14,,0.0,0.025,0.005,0.04,0.0,0.0,0.005,0.005,0.0,0.02,0.0,0.005,0.005,0.0,0.525,0.005,0.0,0.0,0.0,0.0,0.0,0.0,0.005,0.015,0.0,0.0,0.0,0.0,0.02,0.0,0.0,0.0,0.005,0.0,0.02,0.0,0.015,0.0,0.005,0.06,0.0,0.0,0.0,0.0,0.0,0.035,0.02,0.0,0.0,0.0,0.0,0.005,0.005,0.01,0.035,0.0,0.105,0.0,0.0,0.0
15,15,,0.0,0.0,0.0,0.0,0.0,0.0,0.0,0.0,0.0,0.0,0.0,0.0,0.0,0.0,0.0,0.995,0.0,0.0,0.0,0.0,0.0,0.0,0.0,0.0,0.0,0.0,0.0,0.0,0.0,0.0,0.0,0.0,0.0,0.0,0.0,0.0,0.0,0.0,0.0,0.0,0.0,0.0,0.0,0.0,0.0,0.0,0.0,0.0,0.0,0.0,0.0,0.0,0.005,0.0,0.0,0.0,0.0,0.0,0.0,0.0
15,15,,0.0,0.0,0.0,0.0,0.0,0.0,0.005,0.0,0.0,0.01,0.0,0.0,0.0,0.0,0.0,0.95,0.0,0.0,0.0,0.0,0.0,0.0,0.0,0.0,0.0,0.0,0.0,0.0,0.0,0.0,0.0,0.0,0.005,0.0,0.0,0.0,0.0,0.0,0.0,0.005,0.0,0.0,0.0,0.0,0.0,0.0,0.0,0.0,0.0,0.0,0.0,0.01,0.0,0.0,0.005,0.0,0.005,0.0,0.0,0.005
15,15,,0.01,0.015,0.015,0.015,0.0,0.0,0.025,0.04,0.005,0.015,0.0,0.005,0.005,0.0,0.03,0.595,0.0,0.0,0.0,0.0,0.0,0.0,0.0,0.05,0.0,0.0,0.0,0.0,0.015,0.01,0.0,0.0,0.005,0.0,0.005,0.0,0.015,0.0,0.0,0.02,0.0,0.0,0.0,0.0,0.0,0.015,0.0,0.0,0.0,0.0,0.0,0.02,0.0,0.01,0.0,0.0,0.06,0.0,0.0,0.0
15,15,,0.01,0.06,0.02,0.035,0.0,0.0,0.035,0.02,0.0,0.125,0.0,0.025,0.0,0.0,0.035,0.335,0.0,0.0,0.0,0.0,0.0,0.0,0.0,0.025,0.0,0.0,0.0,0.0,0.05,0.005,0.0,0.0,0.0,0.0,0.005,0.0,0.015,0.0,0.01,0.035,0.005,0.0,0.005,0.0,0.0,0.035,0.01,0.0,0.0,0.0,0.0,0.015,0.02,0.02,0.005,0.0,0.04,0.0,0.0,0.0
15,15,,0.015,0.01,0.025,0.0,0.0,0.0,0.02,0.015,0.005,0.03,0.0,0.03,0.005,0.0,0.015,0.62,0.0,0.0,0.0,0.015,0.0,0.0,0.02,0.005,0.0,0.0,0.0,0.0,0.02,0.01,0.0,0.0,0.005,0.005,0.0,0.0,0.0,0.0,0.0,0.0,0.0,0.0,0.02,0.005,0.0,0.005,0.0,0.005,0.0,0.0,0.0,0.04,0.035,0.005,0.005,0.01,0.0,0.0,0.0,0.0
15,15,,0.04,0.0,0.04,0.0,0.0,0.0,0.005,0.035,0.0,0.025,0.0,0.05,0.015,0.0,0.0,0.425,0.0,0.0,0.0,0.0,0.0,0.0,0.035,0.015,0.0,0.0,0.0,0.01,0.035,0.005,0.0,0.0,0.015,0.005,0.0,0.005,0.02,0.0,0.005,0.0,0.005,0.0,0.02,0.01,0.0,0.0,0.025,0.0,0.0,0.0,0.005,0.08,0.06,0.0,0.005,0.0,0.0,0.0,0.0,0.005
15,15,,0.01,0.0,0.01,0.0,0.0,0.0,0.01,0.015,0.01,0.005,0.0,0.005,0.005,0.0,0.005,0.845,0.0,0.0,0.0,0.0,0.0,0.0,0.0,0.04,0.0,0.0,0.0,0.0,0.01,0.0,0.0,0.0,0.0,0.0,0.005,0.0,0.005,0.0,0.0,0.0,0.0,0.0,0.005,0.0,0.0,0.01,0.0,0.0,0.0,0.0,0.0,0.005,0.0,0.0,0.0,0.0,0.0,0.0,0.0,0.0
15,15,,0.005,0.005,0.01,0.005,0.0,0.0,0.025,0.015,0.005,0.14,0.0,0.02,0.0,0.0,0.005,0.61,0.005,0.0,0.0,0.0,0.0,0.0,0.01,0.005,0.0,0.0,0.0,0.0,0.01,0.0,0.0,0.0,0.0,0.0,0.0,0.005,0.0,0.0,0.0,0.0,0.0,0.0,0.015,0.0,0.0,0.05,0.005,0.0,0.0,0.0,0.005,0.005,0.005,0.0,0.015,0.01,0.005,0.0,0.0,0.005
15,15,,0.01,0.035,0.01,0.005,0.0,0.0,0.015,0.04,0.0,0.02,0.0,0.035,0.0,0.0,0.015,0.6,0.0,0.0,0.0,0.0,0.0,0.0,0.025,0.025,0.0,0.0,0.0,0.0,0.025,0.0,0.0,0.0,0.01,0.0,0.015,0.0,0.0,0.0,0.0,0.01,0.005,0.0,0.005,0.0,0.0,0.005,0.01,0.0,0.005,0.0,0.0,0.015,0.02,0.01,0.02,0.005,0.005,0.0,0.0,0.0
15,15,,0.005,0.0,0.0,0.0,0.0,0.0,0.04,0.045,0.0,0.0,0.0,0.01,0.0,0.0,0.01,0.79,0.0,0.0,0.0,0.0,0.0,0.0,0.0,0.0,0.0,0.0,0.0,0.0,0.01,0.0,0.0,0.0,0.01,0.0,0.005,0.0,0.025,0.0,0.005,0.0,0.0,0.0,0.005,0.0,0.0,0.0,0.0,0.0,0.0,0.0,0.01,0.005,0.0,0.0,0.005,0.015,0.005,0.0,0.0,0.0
16,16,,0.0,0.0,0.005,0.0,0.095,0.015,0.0,0.005,0.0,0.0,0.0,0.0,0.0,0.05,0.0,0.0,0.505,0.0,0.01,0.0,0.005,0.005,0.015,0.005,0.015,0.01,0.005,0.005,0.005,0.015,0.0,0.005,0.015,0.025,0.0,0.025,0.01,0.0,0.0,0.0,0.005,0.005,0.005,0.015,0.005,0.0,0.0,0.005,0.0,0.005,0.025,0.0,0.02,0.0,0.0,0.04,0.0,0.01,0.0,0.01
16,16,,0.005,0.0,0.02,0.015,0.015,0.0,0.0,0.025,0.005,0.005,0.0,0.005,0.005,0.005,0.005,0.025,0.455,0.0,0.0,0.0,0.0,0.0,0.045,0.025,0.0,0.0,0.0,0.0,0.01,0.005,0.0,0.015,0.045,0.005,0.01,0.01,0.025,0.0,0.0,0.005,0.005,0.0,0.01,0.0,0.01,0.02,0.015,0.0,0.0,0.0,0.025,0.025,0.025,0.0,0.005,0.045,0.015,0.0,0.005,0.005
16,16,,0.0,0.0,0.0,0.0,0.11,0.0,0.0,0.0,0.0,0.0,0.0,0.005,0.0,0.055,0.0,0.0,0.565,0.005,0.03,0.0,0.005,0.005,0.015,0.0,0.01,0.0,0.0,0.005,0.0,0.01,0.0,0.01,0.01,0.06,0.0,0.02,0.0,0.0,0.0,0.0,0.0,0.01,0.01,0.01,0.025,0.0,0.0,0.005,0.0,0.005,0.015,0.0,0.0,0.0,0.0,0.0,0.0,0.0,0.0,0.0
16,16,,0.0,0.0,0.0,0.0,0.09,0.01,0.0,0.0,0.0,0.0,0.0,0.0,0.0,0.005,0.0,0.0,0.36,0.04,0.045,0.0,0.0,0.0,0.0,0.0,0.04,0.0,0.0,0.0,0.0,0.005,0.0,0.01,0.0,0.125,0.0,0.035,0.0,0.0,0.0,0.0,0.005,0.0,0.015,0.0,0.135,0.0,0.0,0.01,0.0,0.025,0.01,0.0,0.0,0.0,0.0,0.0,0.0,0.03,0.0,0.005
16,16,,0.0,0.0,0.005,0.0,0.01,0.0,0.0,0.0,0.0,0.0,0.01,0.015,0.0,0.01,0.0,0.0,0.665,0.025,0.015,0.0,0.0,0.005,0.005,0.0,0.005,0.0,0.005,0.0,0.005,0.015,0.0,0.01,0.01,0.025,0.0,0.005,0.005,0.0,0.0,0.0,0.015,0.0,0.015,0.025,0.025,0.0,0.0,0.005,0.0,0.005,0.01,0.015,0.0,0.0,0.0,0.015,0.0,0.0,0.01,0.01
16,16,,0.0,0.0,0.0,0.0,0.05,0.01,0.0,0.0,0.0,0.0,0.0,0.0,0.0,0.025,0.0,0.0,0.595,0.02,0.03,0.0,0.0,0.0,0.0,0.0,0.025,0.0,0.0,0.0,0.0,0.005,0.0,0.02,0.0,0.055,0.0,0.03,0.0,0.0,0.0,0.0,0.0,0.0,0.02,0.005,0.055,0.0,0.0,0.01,0.0,0.02,0.0,0.0,0.0,0.0,0.0,0.0,0.0,0.02,0.005,0.0
16,16,,0.005,0.005,0.01,0.005,0.04,0.0,0.01,0.005,0.0,0.0,0.0,0.015,0.0,0.015,0.005,0.005,0.59,0.01,0.01,0.0,0.0,0.0,0.035,0.005,0.005,0.0,0.0,0.0,0.02,0.005,0.0,0.0,0.02,0.02,0.0,0.015,0.03,0.005,0.0,0.01,0.01,0.0,0.025,0.005,0.005,0.005,0.0,0.0,0.005,0.0,0.02,0.0,0.01,0.0,0.0,0.015,0.0,0.0,0.0,0.0
16,16,,0.0,0.0,0.0,0.0,0.03,0.015,0.0,0.0,0.0,0.0,0.005,0.0,0.0,0.025,0.0,0.0,0.705,0.005,0.02,0.0,0.0,0.0,0.0,0.0,0.005,0.0,0.0,0.0,0.0,0.005,0.0,0.02,0.01,0.025,0.0,0.025,0.0,0.0,0.0,0.0,0.0,0.005,0.005,0.005,0.065,0.0,0.0,0.01,0.0,0.005,0.0,0.0,0.0,0.0,0.0,0.01,0.0,0.0,0.0,0.0
16,16,,0.005,0.0,0.02,0.005,0.005,0.005,0.015,0.035,0.01,0.005,0.0,0.0,0.005,0.01,0.005,0.015,0.295,0.0,0.0,0.0,0.0,0.005,0.025,0.035,0.005,0.0,0.0,0.0,0.04,0.015,0.0,0.015,0.07,0.005,0.0,0.015,0.05,0.0,0.0,0.01,0.015,0.0,0.0,0.0,0.0,0.005,0.005,0.0,0.0,0.005,0.04,0.06,0.03,0.005,0.0,0.065,0.035,0.0,0.005,0.005
16,16,,0.0,0.0,0.0,0.0,0.035,0.01,0.0,0.0,0.0,0.0,0.0,0.0,0.0,0.01,0.0,0.0,0.7,0.01,0.01,0.0,0.005,0.0,0.0,0.0,0.01,0.0,0.005,0.0,0.0,0.005,0.0,0.015,0.0,0.035,0.0,0.02,0.0,0.0,0.0,0.0,0.0,0.0,0.0,0.01,0.07,0.0,0.0,0.005,0.0,0.015,0.015,0.005,0.0,0.0,0.0,0.0,0.0,0.01,0.0,0.0
17,17,,0.0,0.0,0.01,0.0,0.025,0.015,0.0,0.0,0.005,0.0,0.04,0.01,0.005,0.02,0.0,0.0,0.025,0.155,0.03,0.01,0.005,0.005,0.015,0.0,0.0,0.015,0.045,0.02,0.015,0.065,0.005,0.01,0.025,0.035,0.0,0.04,0.005,0.0,0.0,0.0,0.055,0.02,0.025,0.065,0.02,0.0,0.005,0.025,0.0,0.015,0.04,0.005,0.0,0.0,0.005,0.015,0.005,0.005,0.0,0.04
17,17,,0.0,0.0,0.005,0.0,0.01,0.01,0.0,0.0,0.005,0.0,0.0,0.01,0.0,0.005,0.0,0.0,0.01,0.765,0.0,0.005,0.0,0.0,0.005,0.0,0.0,0.0,0.0,0.015,0.0,0.005,0.0,0.015,0.005,0.03,0.0,0.02,0.0,0.0,0.0,0.0,0.0,0.005,0.01,0.02,0.025,0.0,0.0,0.005,0.0,0.0,0.005,0.0,0.01,0.0,0.0,0.0,0.0,0.0,0.0,0.0
17,17,,0.005,0.0,0.015,0.0,0.015,0.03,0.0,0.0,0.015,0.0,0.03,0.02,0.0,0.005,0.0,0.0,0.025,0.16,0.01,0.02,0.005,0.01,0.02,0.0,0.0,0.005,0.015,0.025,0.015,0.04,0.01,0.02,0.015,0.045,0.0,0.065,0.0,0.0,0.0,0.0,0.035,0.03,0.045,0.06,0.015,0.0,0.015,0.02,0.0,0.005,0.065,0.01,0.005,0.0,0.0,0.005,0.0,0.005,0.015,0.03
17,17,,0.015,0.0,0.0,0.0,0.01,0.01,0.0,0.0,0.01,0.0,0.005,0.01,0.0,0.0,0.0,0.005,0.01,0.645,0.0,0.025,0.015,0.0,0.0,0.0,0.0,0.015,0.0,0.025,0.0,0.005,0.0,0.01,0.005,0.04,0.0,0.015,0.0,0.01,0.0,0.0,0.005,0.0,0.01,0.02,0.04,0.0,0.0,0.015,0.0,0.005,0.005,0.0,0.005,0.0,0.0,0.0,0.0,0.01,0.0,0.0
17,17,,0.0,0.0,0.0,0.0,0.005,0.01,0.0,0.0,0.005,0.0,0.0,0.0,0.0,0.01,0.0,0.0,0.02,0.695,0.005,0.0,0.015,0.0,0.005,0.0,0.0,0.015,0.005,0.01,0.005,0.015,0.015,0.01,0.005,0.03,0.0,0.015,0.0,0.0,0.0,0.0,0.0,0.005,0.01,0.025,0.025,0.0,0.0,0.03,0.0,0.0,0.0,0.0,0.0,0.0,0.0,0.0,0.0,0.005,0.0,0.005
17,17,,0.0,0.0,0.0,0.0,0.005,0.025,0.0,0.0,0.01,0.0,0.0,0.0,0.0,0.005,0.0,0.0,0.015,0.66,0.015,0.005,0.015,0.0,0.005,0.0,0.0,0.0,0.005,0.005,0.0,0.015,0.025,0.005,0.02,0.055,0.0,0.03,0.0,0.0,0.0,0.0,0.0,0.0,0.005,0.015,0.01,0.0,0.0,0.035,0.0,0.0,0.0,0.005,0.005,0.0,0.0,0.0,0.0,0.0,0.0,0.005
17,17,,0.005,0.0,0.0,0.0,0.01,0.015,0.0,0.0,0.075,0.0,0.01,0.005,0.0,0.0,0.0,0.0,0.005,0.165,0.035,0.095,0.105,0.0,0.0,0.0,0.015,0.005,0.0,0.025,0.0,0.01,0.145,0.025,0.0,0.045,0.0,0.055,0.0,0.01,0.0,0.0,0.0,0.045,0.015,0.02,0.0,0.0,0.0,0.015,0.01,0.005,0.01,0.0,0.005,0.0,0.0,0.0,0.0,0.0,0.0,0.015
17,17,,0.0,0.0,0.0,0.0,0.005,0.015,0.0,0.0,0.0,0.0,0.01,0.005,0.0,0.01,0.0,0.0,0.02,0.38,0.035,0.015,0.005,0.0,0.005,0.0,0.005,0.01,0.04,0.045,0.0,0.03,0.01,0.01,0.03,0.07,0.0,0.035,0.0,0.01,0.0,0.0,0.0,0.01,0.065,0.025,0.0,0.0,0.0,0.035,0.005,0.02,0.015,0.0,0.0,0.0,0.0,0.01,0.0,0.0,0.005,0.01
17,27,,0.025,0.0,0.0,0.0,0.0,0.0,0.0,0.0,0.07,0.0,0.02,0.025,0.0,0.015,0.0,0.0,0.01,0.03,0.0,0.055,0.005,0.0,0.015,0.0,0.0,0.015,0.0,0.135,0.015,0.125,0.035,0.025,0.01,0.02,0.0,0.03,0.0,0.0,0.0,0.0,0.005,0.01,0.07,0.085,0.0,0.0,0.005,0.015,0.015,0.0,0.01,0.0,0.06,0.0,0.0,0.0,0.005,0.0,0.005,0.035
17,17,,0.0,0.0,0.0,0.0,0.025,0.005,0.0,0.0,0.005,0.0,0.0,0.005,0.0,0.0,0.0,0.0,0.0,0.725,0.01,0.015,0.0,0.0,0.01,0.0,0.0,0.0,0.0,0.0,0.0,0.0,0.01,0.015,0.005,0.025,0.0,0.03,0.005,0.01,0.0,0.0,0.0,0.005,0.005,0.01,0.035,0.0,0.0,0.02,0.0,0.015,0.005,0.0,0.0,0.0,0.0,0.005,0.0,0.0,0.0,0.0
18,18,,0.0,0.0,0.0,0.0,0.01,0.03,0.0,0.0,0.02,0.0,0.015,0.0,0.0,0.01,0.0,0.0,0.005,0.03,0.41,0.05,0.075,0.0,0.01,0.0,0.005,0.0,0.005,0.005,0.0,0.005,0.075,0.005,0.0,0.015,0.0,0.06,0.0,0.0,0.0,0.0,0.005,0.04,0.02,0.0,0.0,0.0,0.0,0.035,0.0,0.005,0.015,0.0,0.02,0.0,0.0,0.0,0.005,0.005,0.0,0.01
18,18,,0.0,0.0,0.0,0.0,0.01,0.015,0.0,0.0,0.0,0.0,0.0,0.0,0.0,0.0,0.0,0.0,0.02,0.04,0.495,0.005,0.055,0.0,0.0,0.0,0.02,0.005,0.0,0.0,0.0,0.015,0.02,0.015,0.005,0.015,0.0,0.03,0.0,0.13,0.0,0.0,0.0,0.04,0.0,0.005,0.005,0.0,0.0,0.01,0.0,0.01,0.02,0.0,0.005,0.0,0.0,0.0,0.0,0.01,0.0,0.0
18,18,,0.0,0.0,0.0,0.0,0.005,0.165,0.0,0.0,0.0,0.0,0.0,0.0,0.0,0.0,0.0,0.0,0.005,0.01,0.28,0.01,0.12,0.0,0.0,0.0,0.045,0.0,0.0,0.005,0.0,0.01,0.05,0.01,0.01,0.035,0.0,0.005,0.0,0.145,0.0,0.0,0.0,0.03,0.0,0.0,0.005,0.0,0.0,0.01,0.0,0.015,0.01,0.0,0.0,0.0,0.0,0.0,0.0,0.02,0.0,0.0
18,33,,0.0,0.0,0.0,0.0,0.13,0.01,0.0,0.0,0.0,0.0,0.01,0.005,0.0,0.075,0.0,0.0,0.075,0.045,0.06,0.005,0.005,0.005,0.025,0.0,0.015,0.04,0.01,0.02,0.0,0.0,0.0,0.005,0.015,0.155,0.0,0.025,0.005,0.0,0.0,0.0,0.005,0.005,0.06,0.025,0.045,0.0,0.0,0.04,0.005,0.03,0.03,0.0,0.0,0.0,0.0,0.01,0.0,0.0,0.005,0.0
18,18,,0.0,0.0,0.0,0.0,0.03,0.1,0.0,0.0,0.01,0.0,0.02,0.0,0.0,0.0,0.0,0.005,0.035,0.015,0.32,0.03,0.15,0.0,0.005,0.0,0.035,0.0,0.0,0.0,0.0,0.0,0.03,0.005,0.02,0.015,0.0,0.01,0.0,0.015,0.0,0.0,0.0,0.035,0.015,0.0,0.005,0.0,0.0,0.025,0.0,0.015,0.01,0.0,0.005,0.0,0.0,0.0,0.0,0.04,0.0,0.0
18,18,,0.0,0.0,0.0,0.0,0.01,0.025,0.0,0.0,0.0,0.0,0.005,0.0,0.0,0.0,0.0,0.0,0.0,0.005,0.83,0.0,0.02,0.0,0.0,0.0,0.015,0.0,0.0,0.0,0.0,0.005,0.0,0.005,0.0,0.005,0.0,0.0,0.0,0.03,0.0,0.0,0.0,0.0,0.0,0.0,0.0,0.0,0.0,0.02,0.0,0.0,0.005,0.0,0.0,0.0,0.0,0.0,0.0,0.02,0.0,0.0
18,18,,0.0,0.0,0.0,0.0,0.015,0.03,0.0,0.0,0.0,0.0,0.015,0.0,0.0,0.025,0.0,0.0,0.005,0.025,0.485,0.005,0.03,0.0,0.01,0.0,0.08,0.005,0.0,0.03,0.005,0.02,0.005,0.005,0.01,0.025,0.0,0.03,0.0,0.005,0.0,0.0,0.0,0.01,0.005,0.005,0.005,0.0,0.0,0.01,0.01,0.05,0.015,0.0,0.005,0.0,0.0,0.0,0.0,0.005,0.0,0.015
18,18,,0.0,0.0,0.0,0.0,0.01,0.035,0.0,0.0,0.0,0.0,0.0,0.0,0.0,0.0,0.0,0.0,0.0,0.0,0.875,0.0,0.02,0.0,0.0,0.0,0.005,0.0,0.0,0.0,0.0,0.01,0.005,0.0,0.0,0.0,0.0,0.005,0.0,0.01,0.0,0.0,0.0,0.0,0.0,0.0,0.0,0.0,0.0,0.015,0.0,0.0,0.0,0.0,0.0,0.0,0.0,0.0,0.0,0.01,0.0,0.0
18,18,,0.005,0.0,0.0,0.0,0.02,0.015,0.0,0.0,0.005,0.0,0.04,0.0,0.0,0.04,0.0,0.0,0.01,0.02,0.455,0.01,0.005,0.0,0.015,0.0,0.015,0.025,0.005,0.01,0.0,0.025,0.015,0.0,0.0,0.04,0.0,0.04,0.005,0.01,0.0,0.0,0.0,0.005,0.01,0.01,0.005,0.0,0.0,0.065,0.01,0.02,0.0,0.0,0.0,0.0,0.0,0.0,0.0,0.03,0.0,0.015
18,18,,0.0,0.0,0.0,0.0,0.025,0.02,0.0,0.0,0.005,0.0,0.01,0.005,0.0,0.015,0.0,0.0,0.01,0.025,0.415,0.005,0.02,0.0,0.005,0.0,0.06,0.005,0.005,0.015,0.0,0.0,0.0,0.005,0.04,0.065,0.0,0.065,0.0,0.005,0.0,0.0,0.0,0.015,0.015,0.005,0.01,0.0,0.0,0.03,0.015,0.04,0.025,0.0,0.0,0.0,0.0,0.005,0.0,0.015,0.0,0.0
19,19,,0.015,0.0,0.0,0.0,0.01,0.04,0.0,0.0,0.06,0.0,0.025,0.005,0.0,0.005,0.0,0.0,0.0,0.09,0.015,0.195,0.02,0.0,0.005,0.0,0.0,0.0,0.005,0.125,0.005,0.02,0.1,0.03,0.0,0.01,0.0,0.05,0.005,0.005,0.0,0.0,0.0,0.0,0.015,0.035,0.0,0.005,0.0,0.03,0.005,0.015,0.015,0.0,0.01,0.0,0.0,0.005,0.0,0.0,0.0,0.025
19,19,,0.005,0.0,0.0,0.0,0.005,0.05,0.0,0.0,0.115,0.0,0.025,0.005,0.0,0.005,0.0,0.0,0.0,0.06,0.015,0.195,0.025,0.0,0.005,0.0,0.0,0.005,0.005,0.115,0.005,0.02,0.1,0.025,0.005,0.005,0.0,0.035,0.01,0.005,0.0,0.0,0.0,0.0,0.025,0.035,0.0,0.005,0.0,0.01,0.0,0.0,0.02,0.0,0.01,0.0,0.0,0.015,0.0,0.0,0.0,0.035
19,19,,0.005,0.0,0.0,0.0,0.0,0.04,0.0,0.0,0.055,0.0,0.005,0.0,0.0,0.0,0.0,0.0,0.0,0.03,0.025,0.295,0.04,0.0,0.01,0.0,0.0,0.0,0.0,0.08,0.01,0.015,0.15,0.01,0.005,0.025,0.0,0.035,0.0,0.005,0.0,0.0,0.0,0.015,0.05,0.005,0.0,0.0,0.005,0.04,0.0,0.005,0.005,0.0,0.025,0.0,0.0,0.0,0.0,0.005,0.0,0.005
19,19,,0.015,0.0,0.0,0.0,0.0,0.01,0.0,0.0,0.075,0.0,0.0,0.0,0.0,0.0,0.0,0.0,0.0,0.015,0.005,0.555,0.015,0.0,0.0,0.0,0.0,0.0,0.0,0.04,0.0,0.0,0.135,0.005,0.0,0.035,0.0,0.035,0.0,0.0,0.0,0.0,0.0,0.005,0.005,0.01,0.0,0.0,0.0,0.015,0.0,0.0,0.0,0.0,0.005,0.0,0.0,0.0,0.0,0.005,0.0,0.015
19,19,,0.02,0.0,0.0,0.0,0.005,0.0,0.0,0.0,0.02,0.0,0.01,0.0,0.0,0.0,0.0,0.0,0.005,0.015,0.015,0.775,0.0,0.0,0.0,0.0,0.0,0.0,0.0,0.0,0.005,0.01,0.05,0.0,0.0,0.005,0.0,0.015,0.0,0.0,0.0,0.0,0.0,0.0,0.025,0.01,0.0,0.0,0.0,0.005,0.0,0.0,0.0,0.0,0.01,0.0,0.0,0.0,0.0,0.0,0.0,0.0
19,19,,0.01,0.0,0.0,0.0,0.0,0.005,0.0,0.0,0.025,0.0,0.005,0.0,0.0,0.0,0.0,0.0,0.0,0.005,0.005,0.82,0.0,0.0,0.015,0.0,0.0,0.0,0.0,0.015,0.01,0.005,0.03,0.01,0.0,0.005,0.0,0.005,0.0,0.0,0.0,0.0,0.0,0.0,0.015,0.0,0.0,0.0,0.0,0.005,0.0,0.0,0.0,0.0,0.01,0.0,0.0,0.0,0.0,0.0,0.0,0.0
19,19,,0.015,0.0,0.0,0.0,0.01,0.005,0.0,0.0,0.1,0.0,0.025,0.005,0.0,0.0,0.0,0.0,0.0,0.025,0.0,0.455,0.0,0.0,0.02,0.0,0.0,0.0,0.0,0.08,0.01,0.005,0.03,0.0,0.01,0.015,0.0,0.02,0.005,0.0,0.0,0.0,0.0,0.0,0.02,0.005,0.0,0.0,0.005,0.005,0.0,0.0,0.005,0.0,0.08,0.0,0.0,0.0,0.0,0.0,0.0,0.045
19,19,,0.015,0.0,0.0,0.0,0.01,0.05,0.0,0.0,0.055,0.0,0.015,0.0,0.0,0.005,0.0,0.0,0.0,0.08,0.025,0.205,0.005,0.0,0.01,0.0,0.0,0.0,0.01,0.105,0.005,0.02,0.135,0.015,0.005,0.005,0.0,0.035,0.005,0.0,0.0,0.0,0.0,0.0,0.01,0.04,0.0,0.005,0.0,0.05,0.005,0.01,0.01,0.0,0.015,0.0,0.0,0.01,0.0,0.0,0.0,0.03
19,19,,0.08,0.0,0.005,0.0,0.0,0.01,0.0,0.0,0.16,0.005,0.005,0.01,0.005,0.005,0.0,0.0,0.0,0.04,0.005,0.225,0.0,0.0,0.015,0.005,0.0,0.0,0.0,0.03,0.02,0.015,0.035,0.005,0.005,0.01,0.0,0.04,0.02,0.0,0.0,0.0,0.0,0.0,0.045,0.04,0.0,0.0,0.0,0.005,0.0,0.0,0.01,0.02,0.1,0.0,0.0,0.0,0.01,0.0,0.0,0.015
19,19,,0.01,0.0,0.0,0.0,0.0,0.02,0.0,0.0,0.015,0.0,0.015,0.0,0.0,0.01,0.0,0.0,0.0,0.025,0.03,0.52,0.01,0.0,0.005,0.0,0.0,0.015,0.0,0.005,0.0,0.02,0.155,0.005,0.0,0.035,0.0,0.01,0.0,0.0,0.0,0.0,0.0,0.0,0.01,0.01,0.005,0.0,0.0,0.055,0.0,0.0,0.0,0.0,0.015,0.0,0.0,0.0,0.0,0.0,0.0,0.0
20,37,,0.0,0.0,0.0,0.0,0.005,0.08,0.0,0.0,0.01,0.0,0.0,0.0,0.0,0.005,0.0,0.0,0.03,0.09,0.02,0.01,0.22,0.0,0.0,0.0,0.005,0.0,0.0,0.005,0.0,0.015,0.04,0.02,0.005,0.045,0.0,0.035,0.0,0.26,0.0,0.0,0.0,0.03,0.015,0.01,0.0,0.0,0.0,0.005,0.0,0.005,0.015,0.0,0.005,0.0,0.0,0.0,0.0,0.005,0.0,0.01
20,16,,0.0,0.0,0.0,0.0,0.215,0.035,0.0,0.0,0.005,0.0,0.015,0.005,0.0,0.01,0.0,0.0,0.31,0.01,0.035,0.0,0.0,0.0,0.01,0.0,0.0,0.0,0.0,0.0,0.0,0.005,0.005,0.025,0.005,0.15,0.0,0.025,0.0,0.0,0.0,0.0,0.01,0.0,0.005,0.01,0.06,0.0,0.0,0.03,0.0,0.02,0.0,0.0,0.0,0.0,0.0,0.0,0.0,0.0,0.0,0.0
20,20,,0.0,0.0,0.0,0.0,0.0,0.085,0.0,0.0,0.035,0.0,0.015,0.0,0.0,0.0,0.0,0.0,0.005,0.005,0.01,0.01,0.62,0.0,0.0,0.0,0.0,0.0,0.0,0.0,0.0,0.0,0.06,0.01,0.0,0.015,0.0,0.025,0.0,0.09,0.0,0.0,0.0,0.005,0.0,0.0,0.0,0.0,0.0,0.0,0.0,0.0,0.0,0.0,0.005,0.0,0.0,0.0,0.0,0.005,0.0,0.0
20,20,,0.0,0.0,0.0,0.0,0.0,0.1,0.0,0.0,0.005,0.0,0.0,0.0,0.0,0.0,0.0,0.0,0.005,0.015,0.01,0.01,0.565,0.0,0.0,0.0,0.015,0.005,0.0,0.0,0.0,0.0,0.07,0.03,0.005,0.035,0.0,0.01,0.0,0.095,0.0,0.0,0.0,0.015,0.0,0.0,0.0,0.0,0.0,0.01,0.0,0.0,0.0,0.0,0.0,0.0,0.0,0.0,0.0,0.0,0.0,0.0
20,20,,0.0,0.0,0.0,0.0,0.005,0.22,0.0,0.0,0.01,0.0,0.015,0.0,0.0,0.005,0.0,0.0,0.0,0.02,0.035,0.025,0.26,0.0,0.0,0.0,0.02,0.005,0.0,0.01,0.0,0.0,0.14,0.005,0.005,0.0,0.0,0.055,0.0,0.125,0.0,0.0,0.0,0.01,0.0,0.0,0.0,0.0,0.0,0.0,0.0,0.0,0.0,0.0,0.005,0.0,0.0,0.0,0.0,0.02,0.0,0.005
20,19,,0.04,0.0,0.0,0.0,0.01,0.04,0.0,0.0,0.045,0.0,0.015,0.005,0.0,0.025,0.0,0.0,0.005,0.025,0.035,0.115,0.035,0.0,0.025,0.0,0.005,0.01,0.0,0.08,0.0,0.025,0.055,0.015,0.005,0.045,0.0,0.095,0.005,0.01,0.0,0.0,0.0,0.01,0.04,0.015,0.0,0.0,0.0,0.01,0.01,0.0,0.01,0.0,0.105,0.0,0.0,0.02,0.0,0.005,0.0,0.005
20,20,,0.0,0.0,0.0,0.0,0.0,0.125,0.0,0.0,0.0,0.0,0.005,0.0,0.0,0.0,0.0,0.0,0.005,0.0,0.025,0.005,0.385,0.0,0.0,0.0,0.0,0.0,0.0,0.005,0.0,0.005,0.06,0.01,0.0,0.01,0.0,0.01,0.0,0.33,0.0,0.0,0.0,0.0,0.0,0.0,0.0,0.0,0.0,0.005,0.0,0.0,0.0,0.0,0.0,0.0,0.0,0.0,0.0,0.015,0.0,0.0
20,35,,0.005,0.0,0.0,0.0,0.0,0.06,0.0,0.0,0.04,0.0,0.035,0.005,0.0,0.02,0.0,0.0,0.0,0.035,0.06,0.055,0.055,0.0,0.03,0.0,0.005,0.01,0.0,0.06,0.005,0.01,0.035,0.005,0.02,0.02,0.0,0.085,0.015,0.005,0.0,0.0,0.0,0.0,0.02,0.05,0.0,0.0,0.0,0.025,0.02,0.005,0.03,0.0,0.065,0.0,0.0,0.025,0.0,0.015,0.0,0.07
20,30,,0.01,0.0,0.0,0.0,0.005,0.115,0.0,0.0,0.09,0.0,0.005,0.0,0.0,0.01,0.0,0.0,0.005,0.02,0.035,0.165,0.125,0.0,0.005,0.0,0.005,0.01,0.0,0.035,0.005,0.005,0.21,0.005,0.0,0.015,0.0,0.025,0.0,0.025,0.0,0.0,0.0,0.0,0.005,0.02,0.0,0.0,0.0,0.03,0.0,0.0,0.0,0.0,0.0,0.0,0.0,0.0,0.0,0.015,0.0,0.0
20,20,,0.005,0.0,0.0,0.0,0.015,0.12,0.0,0.0,0.02,0.0,0.0,0.0,0.0,0.0,0.0,0.0,0.015,0.02,0.1,0.05,0.325,0.0,0.0,0.0,0.01,0.0,0.0,0.01,0.0,0.005,0.085,0.005,0.0,0.07,0.0,0.015,0.0,0.03,0.0,0.0,0.0,0.01,0.01,0.005,0.0,0.0,0.0,0.02,0.0,0.005,0.02,0.0,0.015,0.0,0.0,0.0,0.0,0.015,0.0,0.0
21,21,,0.0,0.0,0.0,0.0,0.0,0.0,0.0,0.0,0.0,0.0,0.0,0.0,0.0,0.0,0.0,0.0,0.0,0.005,0.0,0.0,0.0,0.955,0.0,0.0,0.0,0.0,0.0,0.0,0.0,0.0,0.0,0.0,0.005,0.0,0.0,0.005,0.0,0.0,0.0,0.0,0.005,0.0,0.0,0.0,0.0,0.0,0.0,0.0,0.0,0.0,0.015,0.0,0.005,0.0,0.005,0.0,0.0,0.0,0.0,0.0
21,21,,0.0,0.0,0.005,0.0,0.0,0.0,0.0,0.0,0.005,0.0,0.0,0.0,0.0,0.0,0.0,0.0,0.0,0.005,0.0,0.0,0.0,0.85,0.0,0.0,0.0,0.0,0.0,0.0,0.0,0.0,0.0,0.0,0.045,0.0,0.0,0.0,0.015,0.0,0.0,0.0,0.01,0.005,0.01,0.0,0.0,0.0,0.005,0.0,0.0,0.0,0.035,0.0,0.005,0.0,0.0,0.005,0.0,0.0,0.0,0.0
21,21,,0.0,0.0,0.005,0.0,0.005,0.0,0.0,0.0,0.005,0.0,0.0,0.0,0.015,0.0,0.0,0.0,0.0,0.005,0.0,0.0,0.005,0.705,0.0,0.0,0.0,0.0,0.0,0.005,0.005,0.0,0.0,0.01,0.08,0.005,0.0,0.005,0.02,0.0,0.0,0.0,0.02,0.0,0.0,0.005,0.005,0.0,0.005,0.0,0.0,0.0,0.07,0.0,0.015,0.0,0.0,0.005,0.0,0.0,0.0,0.0
21,21,,0.0,0.0,0.005,0.0,0.0,0.005,0.0,0.0,0.0,0.0,0.0,0.0,0.01,0.0,0.0,0.0,0.0,0.005,0.0,0.0,0.0,0.81,0.0,0.0,0.0,0.0,0.0,0.0,0.0,0.0,0.0,0.0,0.075,0.0,0.0,0.005,0.01,0.0,0.0,0.0,0.01,0.005,0.015,0.0,0.0,0.0,0.01,0.0,0.0,0.0,0.025,0.0,0.0,0.0,0.005,0.005,0.0,0.0,0.0,0.0
21,21,,0.0,0.0,0.0,0.0,0.0,0.0,0.0,0.0,0.01,0.0,0.0,0.0,0.005,0.0,0.0,0.0,0.0,0.005,0.0,0.0,0.0,0.925,0.0,0.0,0.0,0.0,0.0,0.0,0.005,0.0,0.0,0.005,0.025,0.0,0.0,0.005,0.005,0.0,0.0,0.0,0.0,0.0,0.005,0.0,0.0,0.0,0.005,0.0,0.0,0.0,0.0,0.0,0.0,0.0,0.0,0.0,0.0,0.0,0.0,0.0
21,21,,0.0,0.0,0.0,0.0,0.0,0.0,0.0,0.0,0.0,0.0,0.0,0.0,0.005,0.0,0.0,0.0,0.005,0.01,0.0,0.0,0.0,0.715,0.0,0.0,0.0,0.0,0.0,0.005,0.0,0.0,0.0,0.0,0.11,0.0,0.0,0.005,0.02,0.0,0.0,0.0,0.015,0.005,0.025,0.0,0.0,0.0,0.005,0.0,0.0,0.0,0.06,0.0,0.005,0.0,0.005,0.005,0.0,0.0,0.0,0.0
21,21,,0.0,0.0,0.0,0.0,0.0,0.0,0.0,0.0,0.005,0.0,0.0,0.0,0.0,0.0,0.0,0.0,0.0,0.0,0.0,0.0,0.0,0.935,0.0,0.0,0.0,0.0,0.0,0.0,0.005,0.0,0.0,0.005,0.015,0.0,0.0,0.0,0.0,0.0,0.0,0.0,0.0,0.0,0.0,0.0,0.0,0.0,0.0,0.0,0.0,0.0,0.025,0.0,0.0,0.0,0.005,0.005,0.0,0.0,0.0,0.0
21,21,,0.0,0.0,0.01,0.0,0.005,0.0,0.0,0.0,0.0,0.0,0.0,0.0,0.0,0.0,0.0,0.0,0.0,0.0,0.0,0.0,0.005,0.92,0.0,0.0,0.0,0.0,0.0,0.0,0.005,0.0,0.0,0.0,0.025,0.0,0.0,0.0,0.005,0.0,0.0,0.0,0.005,0.0,0.0,0.0,0.0,0.0,0.0,0.0,0.0,0.0,0.02,0.0,0.0,0.0,0.0,0.0,0.0,0.0,0.0,0.0
21,21,,0.0,0.0,0.0,0.0,0.0,0.005,0.0,0.0,0.0,0.0,0.0,0.0,0.0,0.005,0.0,0.0,0.0,0.015,0.0,0.0,0.0,0.84,0.0,0.0,0.0,0.0,0.0,0.005,0.0,0.0,0.0,0.0,0.04,0.005,0.0,0.005,0.01,0.0,0.0,0.0,0.005,0.01,0.01,0.0,0.005,0.0,0.005,0.0,0.0,0.0,0.025,0.0,0.005,0.0,0.0,0.005,0.0,0.0,0.0,0.0
21,21,,0.0,0.005,0.03,0.0,0.0,0.0,0.0,0.0,0.005,0.0,0.0,0.0,0.01,0.0,0.01,0.0,0.0,0.0,0.0,0.0,0.0,0.69,0.0,0.0,0.0,0.0,0.0,0.005,0.01,0.005,0.0,0.0,0.08,0.0,0.005,0.01,0.005,0.0,0.0,0.0,0.03,0.0,0.02,0.0,0.005,0.0,0.02,0.0,0.0,0.0,0.025,0.0,0.005,0.0,0.0,0.015,0.0,0.0,0.005,0.005
22,22,,0.01,0.0,0.0,0.0,0.0,0.005,0.0,0.005,0.0,0.0,0.12,0.0,0.0,0.005,0.0,0.015,0.005,0.015,0.0,0.0,0.0,0.0,0.53,0.0,0.0,0.015,0.025,0.0,0.04,0.01,0.0,0.0,0.005,0.0,0.0,0.01,0.0,0.0,0.0,0.0,0.005,0.0,0.01,0.015,0.005,0.0,0.0,0.0,0.015,0.01,0.01,0.0,0.005,0.0,0.0,0.04,0.0,0.0,0.02,0.05
22,22,,0.01,0.0,0.005,0.0,0.01,0.0,0.0,0.0,0.01,0.0,0.0,0.0,0.0,0.0,0.0,0.005,0.005,0.005,0.0,0.01,0.0,0.0,0.73,0.0,0.0,0.005,0.0,0.005,0.025,0.01,0.0,0.005,0.0,0.02,0.0,0.0,0.0,0.0,0.0,0.0,0.005,0.005,0.035,0.02,0.01,0.0,0.0,0.005,0.0,0.0,0.01,0.005,0.01,0.0,0.0,0.03,0.0,0.0,0.0,0.005
22,22,,0.02,0.0,0.0,0.0,0.0,0.0,0.0,0.005,0.03,0.0,0.08,0.005,0.0,0.0,0.0,0.005,0.0,0.02,0.005,0.015,0.005,0.0,0.35,0.0,0.0,0.015,0.0,0.05,0.02,0.0,0.01,0.005,0.0,0.005,0.0,0.005,0.0,0.0,0.0,0.0,0.0,0.0,0.065,0.025,0.005,0.0,0.0,0.01,0.05,0.005,0.015,0.0,0.025,0.0,0.0,0.03,0.0,0.0,0.015,0.105
22,22,,0.035,0.0,0.0,0.0,0.0,0.005,0.0,0.005,0.0,0.0,0.015,0.01,0.0,0.0,0.0,0.005,0.0,0.015,0.0,0.01,0.0,0.0,0.775,0.0,0.0,0.0,0.0,0.02,0.005,0.01,0.0,0.0,0.005,0.0,0.0,0.01,0.005,0.0,0.0,0.0,0.0,0.0,0.025,0.01,0.0,0.0,0.0,0.015,0.0,0.0,0.0,0.0,0.01,0.0,0.0,0.0,0.0,0.0,0.0,0.01
22,22,,0.015,0.0,0.0,0.0,0.0,0.0,0.0,0.005,0.01,0.0,0.055,0.0,0.0,0.0,0.0,0.0,0.0,0.005,0.005,0.0,0.0,0.0,0.685,0.0,0.0,0.01,0.0,0.015,0.01,0.0,0.005,0.0,0.005,0.0,0.0,0.0,0.0,0.0,0.0,0.0,0.0,0.0,0.035,0.02,0.005,0.0,0.0,0.005,0.015,0.0,0.015,0.0,0.005,0.0,0.0,0.03,0.0,0.0,0.015,0.03
22,22,,0.01,0.0,0.0,0.0,0.0,0.0,0.0,0.0,0.01,0.0,0.005,0.0,0.0,0.0,0.0,0.0,0.005,0.015,0.0,0.01,0.0,0.005,0.83,0.0,0.0,0.0,0.0,0.005,0.005,0.0,0.0,0.0,0.0,0.005,0.0,0.0,0.0,0.0,0.0,0.0,0.0,0.0,0.05,0.01,0.01,0.0,0.0,0.0,0.0,0.0,0.0,0.0,0.01,0.0,0.0,0.01,0.0,0.0,0.0,0.005
22,22,,0.015,0.01,0.02,0.015,0.02,0.0,0.015,0.01,0.01,0.005,0.005,0.03,0.015,0.0,0.045,0.025,0.01,0.005,0.005,0.005,0.0,0.005,0.315,0.005,0.0,0.0,0.0,0.015,0.045,0.0,0.0,0.0,0.025,0.0,0.02,0.005,0.005,0.005,0.005,0.005,0.015,0.0,0.04,0.0,0.015,0.025,0.04,0.0,0.005,0.0,0.01,0.01,0.005,0.005,0.05,0.025,0.025,0.0,0.0,0.01
22,22,,0.0,0.0,0.0,0.0,0.0,0.015,0.0,0.0,0.01,0.005,0.015,0.005,0.0,0.005,0.0,0.0,0.0,0.01,0.0,0.0,0.0,0.005,0.73,0.0,0.0,0.005,0.005,0.005,0.005,0.0,0.0,0.005,0.0,0.0,0.0,0.01,0.0,0.0,0.0,0.0,0.0,0.0,0.055,0.035,0.0,0.0,0.0,0.0,0.0,0.0,0.005,0.005,0.01,0.0,0.0,0.03,0.005,0.0,0.005,0.015
22,22,,0.005,0.0,0.0,0.005,0.0,0.015,0.0,0.0,0.0,0.0,0.2,0.01,0.0,0.0,0.0,0.01,0.01,0.015,0.01,0.005,0.0,0.0,0.245,0.0,0.0,0.0,0.085,0.01,0.02,0.01,0.0,0.005,0.015,0.015,0.0,0.01,0.0,0.0,0.0,0.0,0.0,0.005,0.015,0.045,0.02,0.0,0.005,0.025,0.06,0.01,0.0,0.0,0.005,0.0,0.0,0.01,0.0,0.0,0.0,0.1
22,22,,0.03,0.0,0.0,0.0,0.0,0.0,0.0,0.005,0.0,0.0,0.025,0.0,0.0,0.0,0.0,0.005,0.0,0.0,0.0,0.005,0.0,0.0,0.75,0.0,0.0,0.0,0.005,0.015,0.005,0.0,0.0,0.0,0.01,0.01,0.0,0.0,0.0,0.0,0.0,0.0,0.0,0.0,0.015,0.005,0.0,0.0,0.0,0.0,0.02,0.0,0.01,0.0,0.015,0.0,0.0,0.04,0.005,0.0,0.01,0.015
23,23,,0.0,0.0,0.005,0.0,0.0,0.0,0.005,0.0,0.0,0.0,0.0,0.0,0.0,0.0,0.03,0.005,0.0,0.0,0.0,0.0,0.0,0.0,0.0,0.5,0.0,0.0,0.0,0.0,0.0,0.0,0.0,0.0,0.0,0.0,0.0,0.0,0.075,0.0,0.025,0.075,0.0,0.0,0.0,0.0,0.0,0.0,0.005,0.0,0.0,0.0,0.005,0.0,0.01,0.09,0.015,0.0,0.155,0.0,0.0,0.0
23,23,,0.0,0.0,0.005,0.0,0.0,0.0,0.0,0.01,0.0,0.0,0.0,0.0,0.01,0.0,0.015,0.005,0.0,0.0,0.0,0.0,0.0,0.0,0.0,0.855,0.0,0.0,0.0,0.0,0.01,0.0,0.0,0.0,0.0,0.0,0.005,0.0,0.025,0.0,0.0,0.02,0.0,0.0,0.0,0.0,0.0,0.0,0.0,0.0,0.0,0.0,0.01,0.0,0.0,0.01,0.005,0.015,0.0,0.0,0.0,0.0
23,23,,0.0,0.0,0.01,0.005,0.0,0.0,0.005,0.01,0.0,0.0,0.0,0.0,0.0,0.0,0.0,0.02,0.005,0.0,0.0,0.0,0.0,0.0,0.0,0.705,0.0,0.0,0.0,0.005,0.0,0.0,0.0,0.0,0.01,0.0,0.0,0.0,0.055,0.0,0.005,0.02,0.0,0.0,0.0,0.0,0.0,0.0,0.0,0.0,0.0,0.0,0.0,0.0,0.0,0.08,0.01,0.03,0.02,0.0,0.0,0.005
23,23,,0.0,0.0,0.015,0.0,0.0,0.0,0.015,0.02,0.0,0.0,0.0,0.005,0.02,0.02,0.0,0.045,0.025,0.0,0.0,0.0,0.0,0.0,0.005,0.49,0.0,0.0,0.0,0.035,0.0,0.005,0.0,0.005,0.02,0.0,0.005,0.0,0.025,0.0,0.0,0.0,0.01,0.005,0.04,0.0,0.0,0.0,0.005,0.0,0.0,0.0,0.035,0.005,0.06,0.0,0.0,0.04,0.03,0.0,0.0,0.015
23,23,,0.0,0.0,0.0,0.0,0.0,0.0,0.005,0.005,0.0,0.0,0.0,0.0,0.0,0.0,0.005,0.005,0.0,0.0,0.0,0.0,0.0,0.0,0.0,0.86,0.0,0.0,0.0,0.0,0.0,0.0,0.0,0.0,0.005,0.0,0.01,0.0,0.04,0.0,0.005,0.01,0.0,0.0,0.0,0.0,0.0,0.0,0.0,0.0,0.0,0.0,0.0,0.0,0.0,0.03,0.005,0.0,0.015,0.0,0.0,0.0
23,32,,0.005,0.0,0.035,0.005,0.0,0.0,0.02,0.025,0.01,0.005,0.0,0.02,0.0,0.02,0.005,0.025,0.01,0.0,0.0,0.0,0.0,0.005,0.01,0.075,0.0,0.0,0.0,0.015,0.025,0.005,0.0,0.01,0.275,0.005,0.055,0.01,0.13,0.0,0.0,0.015,0.02,0.0,0.01,0.005,0.005,0.005,0.0,0.005,0.0,0.0,0.03,0.01,0.01,0.015,0.02,0.035,0.005,0.0,0.0,0.005
23,23,,0.0,0.0,0.005,0.0,0.0,0.0,0.005,0.055,0.0,0.0,0.0,0.0,0.025,0.0,0.015,0.04,0.01,0.0,0.0,0.0,0.0,0.0,0.005,0.395,0.0,0.0,0.0,0.005,0.01,0.005,0.0,0.0,0.1,0.005,0.015,0.005,0.12,0.0,0.005,0.03,0.0,0.0,0.0,0.0,0.0,0.0,0.005,0.0,0.0,0.0,0.015,0.025,0.015,0.015,0.015,0.045,0.005,0.0,0.0,0.005
23,23,,0.0,0.0,0.015,0.0,0.0,0.0,0.015,0.015,0.0,0.0,0.0,0.0,0.0,0.0,0.02,0.03,0.005,0.0,0.0,0.0,0.0,0.0,0.0,0.585,0.0,0.0,0.0,0.0,0.005,0.0,0.0,0.0,0.0,0.0,0.0,0.0,0.07,0.0,0.0,0.035,0.005,0.0,0.0,0.0,0.0,0.0,0.015,0.0,0.0,0.0,0.005,0.0,0.0,0.05,0.015,0.0,0.115,0.0,0.0,0.0
23,23,,0.0,0.0,0.01,0.0,0.0,0.0,0.005,0.01,0.0,0.0,0.0,0.005,0.005,0.0,0.005,0.02,0.0,0.0,0.0,0.0,0.0,0.0,0.0,0.88,0.0,0.0,0.0,0.0,0.0,0.0,0.0,0.0,0.005,0.0,0.0,0.0,0.005,0.0,0.005,0.0,0.0,0.0,0.0,0.0,0.0,0.005,0.0,0.0,0.0,0.0,0.0,0.0,0.01,0.015,0.005,0.005,0.005,0.0,0.0,0.0
23,23,,0.0,0.0,0.005,0.005,0.0,0.0,0.01,0.0,0.0,0.0,0.0,0.0,0.0,0.0,0.015,0.01,0.005,0.0,0.0,0.0,0.0,0.0,0.0,0.59,0.0,0.0,0.0,0.0,0.01,0.0,0.0,0.0,0.01,0.0,0.01,0.0,0.17,0.0,0.0,0.02,0.0,0.0,0.0,0.0,0.0,0.0,0.005,0.0,0.0,0.0,0.005,0.0,0.0,0.075,0.0,0.0,0.055,0.0,0.0,0.0
24,24,,0.0,0.0,0.0,0.0,0.015,0.015,0.0,0.0,0.0,0.0,0.0,0.0,0.0,0.005,0.0,0.0,0.025,0.0,0.03,0.0,0.025,0.0,0.0,0.0,0.755,0.0,0.0,0.0,0.0,0.0,0.0,0.0,0.005,0.005,0.0,0.0,0.0,0.03,0.0,0.0,0.0,0.0,0.0,0.0,0.005,0.0,0.0,0.005,0.0,0.0,0.0,0.0,0.0,0.0,0.0,0.0,0.0,0.075,0.005,0.0
24,24,,0.005,0.0,0.0,0.0,0.02,0.12,0.0,0.0,0.025,0.0,0.03,0.0,0.0,0.06,0.0,0.0,0.01,0.045,0.045,0.0,0.03,0.0,0.0,0.0,0.125,0.035,0.005,0.01,0.0,0.005,0.025,0.005,0.03,0.025,0.0,0.075,0.0,0.04,0.0,0.0,0.0,0.015,0.02,0.025,0.0,0.0,0.0,0.025,0.015,0.005,0.04,0.0,0.0,0.0,0.0,0.0,0.0,0.06,0.0,0.025
24,24,,0.0,0.0,0.0,0.0,0.0,0.01,0.0,0.0,0.0,0.0,0.0,0.0,0.0,0.0,0.0,0.0,0.0,0.0,0.005,0.0,0.0,0.0,0.0,0.0,0.785,0.005,0.0,0.0,0.0,0.0,0.0,0.0,0.005,0.0,0.0,0.005,0.0,0.045,0.0,0.0,0.0,0.0,0.0,0.0,0.0,0.0,0.0,0.005,0.0,0.0,0.0,0.0,0.005,0.0,0.0,0.0,0.0,0.13,0.0,0.0
24,24,,0.0,0.0,0.0,0.0,0.005,0.06,0.0,0.0,0.0,0.0,0.0,0.005,0.0,0.005,0.0,0.0,0.005,0.0,0.045,0.0,0.015,0.0,0.0,0.0,0.485,0.005,0.0,0.0,0.0,0.0,0.01,0.005,0.025,0.0,0.0,0.005,0.0,0.16,0.0,0.0,0.0,0.01,0.0,0.005,0.0,0.0,0.0,0.035,0.0,0.015,0.0,0.0,0.005,0.0,0.0,0.0,0.0,0.095,0.0,0.0
24,24,,0.0,0.0,0.0,0.0,0.015,0.01,0.0,0.0,0.0,0.0,0.0,0.0,0.0,0.005,0.0,0.0,0.035,0.0,0.01,0.0,0.005,0.0,0.0,0.0,0.685,0.005,0.0,0.0,0.0,0.0,0.0,0.0,0.005,0.025,0.0,0.005,0.0,0.06,0.0,0.0,0.0,0.0,0.0,0.0,0.03,0.0,0.0,0.01,0.0,0.01,0.0,0.0,0.0,0.0,0.0,0.0,0.0,0.085,0.0,0.0
24,24,,0.0,0.0,0.0,0.0,0.015,0.025,0.0,0.0,0.0,0.0,0.0,0.0,0.0,0.005,0.0,0.0,0.005,0.0,0.0,0.0,0.01,0.0,0.0,0.0,0.645,0.005,0.0,0.0,0.0,0.005,0.0,0.0,0.0,0.0,0.0,0.005,0.0,0.09,0.0,0.0,0.0,0.0,0.0,0.005,0.0,0.0,0.0,0.0,0.005,0.0,0.0,0.0,0.0,0.0,0.0,0.0,0.0,0.18,0.0,0.0
24,24,,0.0,0.0,0.0,0.0,0.005,0.055,0.0,0.0,0.0,0.0,0.005,0.0,0.0,0.0,0.0,0.0,0.005,0.0,0.02,0.0,0.015,0.0,0.0,0.0,0.54,0.005,0.0,0.0,0.0,0.0,0.0,0.005,0.01,0.0,0.0,0.005,0.0,0.19,0.0,0.0,0.0,0.0,0.0,0.0,0.0,0.0,0.0,0.02,0.0,0.0,0.0,0.0,0.0,0.0,0.0,0.0,0.0,0.12,0.0,0.0
24,24,,0.0,0.0,0.0,0.0,0.0,0.02,0.0,0.0,0.0,0.0,0.0,0.0,0.0,0.005,0.0,0.0,0.0,0.0,0.005,0.0,0.01,0.0,0.0,0.0,0.69,0.005,0.0,0.0,0.0,0.005,0.0,0.0,0.01,0.0,0.0,0.005,0.0,0.05,0.0,0.0,0.0,0.0,0.0,0.005,0.0,0.0,0.0,0.005,0.0,0.0,0.0,0.0,0.0,0.0,0.0,0.0,0.0,0.185,0.0,0.0
24,24,,0.005,0.0,0.0,0.0,0.06,0.055,0.0,0.0,0.0,0.0,0.02,0.0,0.0,0.035,0.0,0.0,0.035,0.005,0.04,0.005,0.005,0.0,0.005,0.0,0.285,0.02,0.0,0.0,0.0,0.015,0.01,0.0,0.03,0.045,0.0,0.025,0.0,0.005,0.0,0.0,0.0,0.005,0.005,0.0,0.015,0.0,0.0,0.08,0.0,0.01,0.01,0.0,0.005,0.0,0.0,0.0,0.0,0.16,0.0,0.005
24,24,,0.0,0.0,0.0,0.0,0.005,0.02,0.0,0.0,0.0,0.0,0.0,0.0,0.0,0.0,0.0,0.0,0.005,0.0,0.005,0.0,0.01,0.0,0.0,0.0,0.655,0.0,0.0,0.0,0.0,0.0,0.0,0.0,0.01,0.0,0.0,0.0,0.0,0.135,0.0,0.0,0.0,0.0,0.005,0.0,0.0,0.0,0.0,0.015,0.0,0.0,0.0,0.0,0.0,0.0,0.0,0.0,0.0,0.135,0.0,0.0
25,25,,0.0,0.0,0.0,0.0,0.005,0.0,0.0,0.0,0.0,0.0,0.02,0.0,0.0,0.01,0.0,0.0,0.005,0.01,0.015,0.005,0.0,0.0,0.005,0.0,0.005,0.775,0.0,0.005,0.0,0.005,0.005,0.0,0.005,0.0,0.0,0.005,0.005,0.0,0.0,0.0,0.005,0.0,0.0,0.03,0.03,0.0,0.0,0.035,0.005,0.005,0.0,0.0,0.0,0.0,0.0,0.0,0.0,0.0,0.0,0.005
25,25,,0.0,0.0,0.0,0.0,0.01,0.01,0.0,0.0,0.0,0.0,0.01,0.0,0.0,0.015,0.0,0.0,0.0,0.015,0.01,0.0,0.0,0.0,0.0,0.0,0.0,0.71,0.01,0.005,0.0,0.03,0.01,0.0,0.005,0.005,0.0,0.005,0.0,0.005,0.0,0.0,0.0,0.005,0.0,0.055,0.02,0.0,0.0,0.035,0.01,0.005,0.0,0.0,0.0,0.0,0.0,0.0,0.0,0.005,0.0,0.01
25,25,,0.0,0.0,0.0,0.0,0.005,0.01,0.0,0.0,0.0,0.0,0.015,0.0,0.0,0.015,0.0,0.0,0.005,0.015,0.0,0.0,0.0,0.0,0.0,0.0,0.0,0.785,0.015,0.015,0.0,0.005,0.0,0.005,0.0,0.005,0.0,0.0,0.005,0.0,0.0,0.0,0.0,0.0,0.01,0.025,0.01,0.0,0.0,0.01,0.01,0.01,0.02,0.0,0.0,0.0,0.0,0.005,0.0,0.0,0.0,0.0
25,25,,0.0,0.0,0.0,0.0,0.0,0.01,0.0,0.0,0.01,0.0,0.025,0.0,0.0,0.01,0.0,0.0,0.005,0.015,0.01,0.005,0.005,0.0,0.0,0.0,0.005,0.7,0.015,0.01,0.0,0.0,0.01,0.01,0.005,0.0,0.0,0.01,0.0,0.0,0.0,0.0,0.005,0.0,0.005,0.045,0.005,0.0,0.0,0.005,0.025,0.0,0.025,0.0,0.0,0.0,0.0,0.0,0.0,0.0,0.0,0.025
25,25,,0.0,0.0,0.0,0.0,0.0,0.01,0.0,0.0,0.0,0.0,0.01,0.0,0.0,0.01,0.0,0.0,0.005,0.025,0.005,0.0,0.0,0.0,0.0,0.0,0.005,0.78,0.005,0.01,0.0,0.005,0.005,0.0,0.0,0.025,0.0,0.015,0.0,0.0,0.0,0.0,0.0,0.0,0.01,0.015,0.02,0.0,0.0,0.0,0.005,0.015,0.005,0.0,0.0,0.0,0.0,0.0,0.0,0.0,0.0,0.015
25,25,,0.005,0.0,0.0,0.0,0.015,0.01,0.0,0.0,0.0,0.0,0.01,0.0,0.0,0.02,0.0,0.0,0.005,0.04,0.035,0.0,0.01,0.0,0.0,0.0,0.015,0.51,0.015,0.015,0.0,0.005,0.0,0.0,0.015,0.045,0.0,0.025,0.0,0.0,0.0,0.0,0.0,0.0,0.0,0.025,0.06,0.0,0.0,0.07,0.0,0.03,0.01,0.0,0.0,0.0,0.0,0.005,0.0,0.005,0.0,0.0
25,25,,0.0,0.0,0.0,0.0,0.0,0.0,0.0,0.0,0.0,0.0,0.0,0.0,0.0,0.005,0.0,0.0,0.005,0.015,0.005,0.005,0.0,0.0,0.0,0.0,0.0,0.855,0.005,0.0,0.0,0.025,0.0,0.0,0.005,0.005,0.0,0.0,0.0,0.0,0.0,0.0,0.0,0.0,0.0,0.04,0.01,0.0,0.0,0.005,0.005,0.005,0.0,0.0,0.005,0.0,0.0,0.0,0.0,0.0,0.0,0.0
25,25,,0.0,0.0,0.005,0.0,0.005,0.01,0.0,0.0,0.005,0.0,0.03,0.005,0.0,0.01,0.0,0.0,0.0,0.05,0.0,0.005,0.005,0.0,0.015,0.0,0.0,0.32,0.12,0.01,0.025,0.005,0.0,0.01,0.035,0.01,0.0,0.0,0.0,0.005,0.0,0.0,0.015,0.0,0.035,0.085,0.01,0.0,0.0,0.005,0.035,0.01,0.035,0.0,0.005,0.0,0.0,0.025,0.0,0.0,0.02,0.035
25,25,,0.0,0.0,0.0,0.0,0.0,0.0,0.0,0.0,0.0,0.0,0.005,0.0,0.0,0.005,0.0,0.0,0.0,0.0,0.0,0.0,0.0,0.0,0.0,0.0,0.0,0.92,0.005,0.005,0.0,0.01,0.0,0.0,0.0,0.0,0.0,0.0,0.0,0.0,0.0,0.0,0.0,0.0,0.0,0.025,0.005,0.0,0.0,0.005,0.0,0.015,0.0,0.0,0.0,0.0,0.0,0.0,0.0,0.0,0.0,0.0
25,25,,0.0,0.0,0.0,0.0,0.0,0.0,0.0,0.0,0.0,0.0,0.005,0.0,0.0,0.01,0.0,0.0,0.0,0.015,0.005,0.0,0.0,0.0,0.0,0.0,0.01,0.86,0.01,0.0,0.0,0.005,0.005,0.0,0.0,0.005,0.0,0.005,0.0,0.0,0.0,0.0,0.005,0.005,0.0,0.02,0.01,0.0,0.0,0.01,0.005,0.01,0.0,0.0,0.0,0.0,0.0,0.0,0.0,0.0,0.0,0.0
26,26,,0.0,0.0,0.0,0.0,0.0,0.0,0.0,0.0,0.005,0.0,0.005,0.0,0.0,0.01,0.0,0.0,0.0,0.005,0.0,0.0,0.0,0.0,0.01,0.0,0.0,0.005,0.915,0.0,0.0,0.005,0.0,0.005,0.0,0.0,0.0,0.005,0.0,0.0,0.0,0.0,0.005,0.0,0.0,0.015,0.0,0.0,0.0,0.0,0.0,0.0,0.0,0.0,0.0,0.0,0.0,0.005,0.0,0.0,0.0,0.005
26,26,,0.0,0.0,0.0,0.0,0.0,0.0,0.0,0.0,0.0,0.0,0.02,0.0,0.0,0.0,0.0,0.0,0.0,0.025,0.0,0.0,0.0,0.0,0.0,0.0,0.0,0.005,0.89,0.0,0.0,0.005,0.0,0.0,0.005,0.0,0.0,0.0,0.0,0.0,0.0,0.0,0.01,0.0,0.005,0.015,0.0,0.0,0.0,0.0,0.0,0.005,0.0,0.0,0.0,0.0,0.0,0.005,0.0,0.0,0.0,0.01
26,26,,0.0,0.0,0.0,0.0,0.0,0.005,0.0,0.0,0.0,0.0,0.005,0.0,0.0,0.0,0.0,0.0,0.0,0.005,0.0,0.0,0.0,0.0,0.0,0.0,0.0,0.0,0.915,0.0,0.0,0.0,0.0,0.0,0.0,0.005,0.0,0.0,0.0,0.0,0.0,0.0,0.0,0.0,0.005,0.02,0.015,0.0,0.0,0.005,0.0,0.01,0.0,0.0,0.0,0.0,0.0,0.0,0.0,0.0,0.005,0.005
26,26,,0.0,0.0,0.0,0.0,0.0,0.0,0.0,0.0,0.0,0.0,0.005,0.0,0.0,0.0,0.0,0.0,0.0,0.005,0.0,0.0,0.0,0.0,0.005,0.0,0.0,0.005,0.96,0.0,0.0,0.0,0.0,0.0,0.0,0.0,0.0,0.0,0.0,0.0,0.0,0.0,0.0,0.0,0.0,0.0,0.005,0.0,0.0,0.0,0.005,0.005,0.0,0.0,0.0,0.0,0.0,0.0,0.0,0.0,0.0,0.005
26,26,,0.0,0.0,0.0,0.0,0.005,0.0,0.0,0.0,0.0,0.0,0.02,0.0,0.0,0.0,0.0,0.0,0.0,0.015,0.005,0.005,0.0,0.0,0.005,0.0,0.0,0.005,0.84,0.005,0.005,0.0,0.0,0.0,0.0,0.005,0.0,0.0,0.005,0.005,0.0,0.0,0.0,0.0,0.005,0.0,0.005,0.0,0.0,0.0,0.005,0.01,0.01,0.005,0.005,0.0,0.0,0.0,0.0,0.0,0.02,0.01
26,26,,0.0,0.0,0.0,0.0,0.0,0.0,0.0,0.0,0.0,0.0,0.005,0.0,0.0,0.0,0.0,0.0,0.0,0.0,0.0,0.0,0.0,0.0,0.005,0.0,0.0,0.0,0.975,0.0,0.0,0.0,0.0,0.0,0.0,0.0,0.0,0.0,0.0,0.0,0.0,0.0,0.0,0.0,0.0,0.0,0.0,0.0,0.0,0.0,0.005,0.005,0.0,0.0,0.0,0.0,0.0,0.0,0.0,0.0,0.005,0.0
26,26,,0.0,0.0,0.0,0.0,0.0,0.005,0.0,0.0,0.0,0.0,0.005,0.0,0.0,0.0,0.0,0.0,0.005,0.005,0.0,0.0,0.0,0.0,0.005,0.0,0.0,0.0,0.93,0.0,0.0,0.0,0.0,0.0,0.0,0.005,0.0,0.0,0.0,0.0,0.0,0.0,0.0,0.0,0.005,0.0,0.01,0.0,0.0,0.0,0.0,0.01,0.0,0.0,0.0,0.0,0.0,0.0,0.0,0.0,0.015,0.0
26,26,,0.0,0.0,0.0,0.0,0.0,0.0,0.0,0.0,0.0,0.0,0.01,0.0,0.0,0.005,0.0,0.0,0.0,0.0,0.0,0.0,0.0,0.0,0.0,0.0,0.0,0.005,0.885,0.0,0.005,0.0,0.0,0.005,0.0,0.0,0.0,0.0,0.0,0.0,0.0,0.0,0.0,0.005,0.005,0.0,0.0,0.0,0.0,0.0,0.035,0.005,0.005,0.0,0.0,0.0,0.0,0.005,0.0,0.0,0.025,0.0
26,26,,0.0,0.0,0.0,0.0,0.0,0.0,0.0,0.0,0.0,0.0,0.01,0.0,0.0,0.005,0.0,0.0,0.0,0.0,0.0,0.0,0.0,0.0,0.015,0.0,0.0,0.005,0.895,0.0,0.0,0.0,0.0,0.0,0.0,0.0,0.0,0.005,0.005,0.0,0.0,0.0,0.0,0.0,0.005,0.01,0.01,0.0,0.0,0.0,0.02,0.0,0.005,0.0,0.0,0.0,0.0,0.0,0.0,0.0,0.005,0.005
26,26,,0.0,0.0,0.0,0.0,0.005,0.0,0.0,0.0,0.0,0.0,0.02,0.0,0.0,0.0,0.0,0.0,0.005,0.0,0.0,0.0,0.0,0.0,0.0,0.0,0.0,0.0,0.91,0.0,0.0,0.0,0.0,0.0,0.0,0.0,0.0,0.005,0.005,0.0,0.0,0.0,0.0,0.0,0.0,0.0,0.0,0.0,0.0,0.0,0.025,0.005,0.005,0.0,0.0,0.0,0.0,0.005,0.0,0.0,0.01,0.0
27,27,,0.015,0.0,0.0,0.0,0.0,0.03,0.0,0.0,0.03,0.0,0.005,0.0,0.0,0.025,0.0,0.0,0.01,0.035,0.055,0.025,0.015,0.0,0.02,0.005,0.01,0.0,0.005,0.34,0.0,0.01,0.055,0.0,0.015,0.02,0.0,0.04,0.0,0.01,0.0,0.0,0.0,0.005,0.055,0.01,0.03,0.0,0.0,0.075,0.005,0.02,0.01,0.0,0.015,0.0,0.0,0.0,0.0,0.0,0.0,0.0
27,27,,0.005,0.0,0.0,0.0,0.0,0.07,0.0,0.0,0.03,0.0,0.02,0.005,0.0,0.015,0.0,0.0,0.0,0.105,0.005,0.055,0.02,0.0,0.0,0.0,0.0,0.05,0.0,0.145,0.005,0.005,0.04,0.005,0.01,0.04,0.0,0.025,0.0,0.025,0.0,0.0,0.005,0.005,0.025,0.13,0.01,0.0,0.0,0.075,0.0,0.0,0.015,0.005,0.0,0.0,0.0,0.0,0.0,0.0,0.0,0.05
27,19,,0.0,0.0,0.0,0.0,0.005,0.14,0.0,0.0,0.025,0.0,0.035,0.0,0.0,0.01,0.0,0.0,0.005,0.04,0.04,0.2,0.06,0.0,0.005,0.0,0.0,0.005,0.0,0.04,0.0,0.02,0.11,0.01,0.01,0.005,0.0,0.025,0.0,0.0,0.0,0.0,0.0,0.01,0.005,0.03,0.01,0.0,0.0,0.12,0.0,0.01,0.0,0.0,0.01,0.0,0.0,0.0,0.0,0.005,0.0,0.01
27,26,,0.0,0.0,0.0,0.0,0.01,0.015,0.0,0.0,0.0,0.0,0.15,0.0,0.0,0.005,0.0,0.0,0.005,0.05,0.005,0.01,0.0,0.005,0.04,0.005,0.0,0.055,0.205,0.04,0.005,0.015,0.0,0.0,0.025,0.005,0.0,0.01,0.0,0.0,0.0,0.0,0.0,0.0,0.005,0.075,0.015,0.0,0.005,0.01,0.05,0.04,0.015,0.0,0.005,0.0,0.0,0.015,0.0,0.005,0.04,0.06
27,47,,0.005,0.0,0.0,0.0,0.005,0.105,0.0,0.0,0.0,0.0,0.035,0.0,0.0,0.005,0.0,0.0,0.005,0.12,0.04,0.055,0.025,0.0,0.01,0.0,0.0,0.0,0.015,0.04,0.0,0.05,0.035,0.005,0.01,0.04,0.0,0.04,0.0,0.035,0.0,0.0,0.005,0.015,0.015,0.04,0.025,0.0,0.0,0.135,0.0,0.04,0.005,0.0,0.01,0.0,0.0,0.0,0.0,0.02,0.0,0.01
27,27,,0.0,0.0,0.0,0.0,0.005,0.01,0.0,0.0,0.115,0.0,0.065,0.01,0.0,0.005,0.0,0.0,0.0,0.01,0.0,0.035,0.01,0.0,0.015,0.0,0.0,0.01,0.005,0.455,0.0,0.01,0.05,0.0,0.0,0.02,0.0,0.035,0.0,0.0,0.0,0.0,0.0,0.0,0.01,0.065,0.0,0.0,0.0,0.015,0.005,0.005,0.005,0.0,0.01,0.0,0.0,0.0,0.0,0.0,0.0,0.02
27,27,,0.005,0.0,0.0,0.0,0.01,0.0,0.0,0.0,0.025,0.0,0.025,0.01,0.0,0.02,0.0,0.0,0.005,0.02,0.015,0.02,0.0,0.005,0.015,0.0,0.0,0.025,0.01,0.54,0.025,0.005,0.01,0.01,0.005,0.005,0.0,0.02,0.0,0.0,0.0,0.0,0.0,0.005,0.01,0.035,0.0,0.0,0.0,0.005,0.0,0.005,0.035,0.0,0.01,0.0,0.0,0.005,0.0,0.0,0.01,0.05
27,47,,0.0,0.0,0.0,0.0,0.005,0.13,0.0,0.0,0.0,0.0,0.05,0.0,0.0,0.0,0.0,0.0,0.005,0.12,0.05,0.075,0.02,0.0,0.01,0.0,0.01,0.005,0.015,0.06,0.0,0.04,0.025,0.01,0.01,0.02,0.0,0.04,0.0,0.02,0.0,0.0,0.005,0.01,0.015,0.015,0.01,0.0,0.0,0.145,0.0,0.025,0.01,0.0,0.025,0.0,0.0,0.0,0.005,0.01,0.0,0.005
27,47,,0.015,0.0,0.0,0.0,0.005,0.12,0.0,0.0,0.01,0.0,0.05,0.0,0.0,0.005,0.0,0.0,0.005,0.07,0.02,0.065,0.025,0.0,0.01,0.0,0.005,0.02,0.005,0.05,0.0,0.03,0.03,0.015,0.01,0.02,0.0,0.025,0.0,0.01,0.0,0.0,0.0,0.0,0.025,0.105,0.02,0.0,0.0,0.125,0.005,0.005,0.01,0.0,0.02,0.0,0.0,0.01,0.0,0.02,0.01,0.025
27,27,,0.02,0.0,0.0,0.0,0.0,0.0,0.0,0.0,0.015,0.0,0.03,0.0,0.0,0.005,0.0,0.0,0.0,0.015,0.005,0.02,0.0,0.0,0.03,0.0,0.0,0.005,0.015,0.72,0.005,0.01,0.0,0.005,0.005,0.0,0.005,0.0,0.0,0.0,0.0,0.0,0.0,0.0,0.02,0.01,0.0,0.0,0.0,0.0,0.015,0.0,0.005,0.0,0.01,0.0,0.0,0.01,0.005,0.0,0.0,0.015
28,28,,0.0,0.0,0.0,0.005,0.0,0.0,0.0,0.005,0.0,0.0,0.0,0.005,0.0,0.0,0.0,0.0,0.0,0.0,0.0,0.0,0.0,0.0,0.01,0.0,0.0,0.0,0.0,0.0,0.735,0.0,0.0,0.0,0.0,0.005,0.13,0.0,0.01,0.0,0.005,0.0,0.0,0.0,0.0,0.005,0.005,0.005,0.005,0.0,0.0,0.0,0.005,0.0,0.005,0.0,0.035,0.02,0.005,0.0,0.0,0.0
28,28,,0.0,0.005,0.01,0.005,0.0,0.0,0.0,0.005,0.005,0.0,0.0,0.005,0.005,0.0,0.045,0.0,0.0,0.0,0.0,0.0,0.0,0.0,0.01,0.005,0.0,0.0,0.0,0.0,0.34,0.0,0.0,0.0,0.005,0.005,0.25,0.0,0.06,0.0,0.01,0.01,0.005,0.0,0.0,0.0,0.0,0.025,0.015,0.0,0.0,0.0,0.01,0.005,0.0,0.02,0.1,0.015,0.02,0.0,0.0,0.005
28,28,,0.155,0.01,0.01,0.005,0.0,0.005,0.01,0.005,0.025,0.0,0.005,0.03,0.005,0.0,0.015,0.025,0.005,0.005,0.005,0.03,0.005,0.0,0.035,0.01,0.0,0.0,0.005,0.01,0.27,0.01,0.01,0.02,0.005,0.005,0.01,0.01,0.005,0.0,0.005,0.0,0.0,0.0,0.065,0.005,0.0,0.045,0.0,0.0,0.0,0.0,0.005,0.015,0.04,0.0,0.005,0.02,0.02,0.0,0.005,0.01
28,28,,0.0,0.0,0.005,0.01,0.0,0.0,0.005,0.0,0.005,0.0,0.0,0.015,0.025,0.0,0.01,0.0,0.0,0.0,0.0,0.0,0.0,0.0,0.005,0.0,0.0,0.0,0.0,0.0,0.75,0.0,0.0,0.0,0.025,0.0,0.06,0.0,0.005,0.0,0.0,0.0,0.0,0.0,0.005,0.0,0.0,0.0,0.0,0.0,0.0,0.005,0.025,0.0,0.0,0.0,0.02,0.015,0.0,0.0,0.005,0.005
28,28,,0.03,0.0,0.015,0.0,0.0,0.0,0.005,0.0,0.005,0.0,0.02,0.03,0.005,0.0,0.005,0.0,0.0,0.04,0.0,0.005,0.0,0.01,0.02,0.0,0.0,0.01,0.01,0.085,0.31,0.025,0.0,0.005,0.035,0.01,0.015,0.01,0.0,0.0,0.0,0.0,0.01,0.0,0.035,0.07,0.0,0.0,0.01,0.005,0.01,0.0,0.015,0.005,0.015,0.0,0.005,0.015,0.0,0.0,0.015,0.085
28,45,,0.045,0.02,0.005,0.065,0.0,0.0,0.035,0.0,0.04,0.025,0.0,0.02,0.005,0.0,0.055,0.02,0.01,0.005,0.0,0.025,0.0,0.0,0.04,0.015,0.0,0.0,0.0,0.015,0.08,0.0,0.005,0.0,0.0,0.005,0.0,0.005,0.005,0.0,0.005,0.01,0.005,0.0,0.05,0.0,0.005,0.155,0.005,0.0,0.0,0.0,0.005,0.01,0.09,0.0,0.045,0.015,0.05,0.0,0.0,0.005
28,28,,0.005,0.0,0.015,0.01,0.005,0.0,0.0,0.0,0.0,0.0,0.0,0.025,0.0,0.0,0.025,0.0,0.0,0.0,0.0,0.0,0.0,0.005,0.0,0.0,0.0,0.0,0.0,0.0,0.565,0.015,0.0,0.0,0.01,0.01,0.08,0.0,0.04,0.0,0.005,0.005,0.005,0.0,0.005,0.01,0.0,0.01,0.015,0.0,0.0,0.0,0.025,0.01,0.005,0.0,0.045,0.02,0.025,0.0,0.0,0.005
28,28,,0.0,0.0,0.0,0.0,0.0,0.0,0.005,0.0,0.005,0.0,0.0,0.05,0.0,0.0,0.005,0.0,0.0,0.0,0.0,0.0,0.0,0.005,0.01,0.005,0.0,0.0,0.0,0.01,0.79,0.0,0.0,0.0,0.02,0.005,0.02,0.0,0.0,0.0,0.0,0.0,0.01,0.0,0.01,0.005,0.005,0.005,0.0,0.0,0.01,0.0,0.01,0.0,0.0,0.0,0.0,0.0,0.005,0.0,0.005,0.005
28,19,,0.07,0.0,0.0,0.0,0.005,0.005,0.0,0.0,0.07,0.005,0.03,0.01,0.0,0.005,0.0,0.005,0.0,0.02,0.005,0.115,0.005,0.0,0.055,0.0,0.0,0.0,0.005,0.1,0.03,0.02,0.035,0.005,0.01,0.005,0.0,0.025,0.01,0.0,0.0,0.0,0.0,0.0,0.105,0.04,0.005,0.0,0.0,0.005,0.01,0.0,0.005,0.01,0.08,0.0,0.0,0.05,0.0,0.0,0.0,0.04
28,28,,0.0,0.0,0.0,0.0,0.0,0.0,0.0,0.0,0.01,0.005,0.0,0.04,0.005,0.0,0.005,0.0,0.0,0.0,0.0,0.0,0.0,0.005,0.015,0.005,0.0,0.0,0.0,0.005,0.725,0.0,0.0,0.0,0.015,0.005,0.045,0.0,0.005,0.0,0.0,0.0,0.005,0.0,0.005,0.005,0.005,0.005,0.005,0.0,0.0,0.0,0.005,0.005,0.005,0.0,0.02,0.03,0.005,0.0,0.005,0.005
29,29,,0.045,0.0,0.005,0.0,0.01,0.01,0.0,0.0,0.0,0.0,0.005,0.115,0.0,0.0,0.005,0.01,0.0,0.0,0.0,0.0,0.0,0.0,0.01,0.01,0.0,0.005,0.0,0.005,0.03,0.485,0.0,0.005,0.035,0.005,0.005,0.01,0.025,0.0,0.0,0.0,0.0,0.005,0.025,0.025,0.0,0.0,0.0,0.005,0.0,0.0,0.02,0.03,0.045,0.0,0.0,0.01,0.0,0.0,0.0,0.0
29,29,,0.025,0.0,0.02,0.0,0.005,0.005,0.0,0.0,0.005,0.0,0.005,0.075,0.0,0.045,0.005,0.0,0.01,0.01,0.0,0.0,0.0,0.005,0.01,0.005,0.0,0.01,0.005,0.025,0.055,0.155,0.005,0.005,0.06,0.01,0.015,0.005,0.03,0.0,0.0,0.0,0.01,0.0,0.02,0.12,0.015,0.0,0.005,0.015,0.045,0.0,0.03,0.01,0.045,0.005,0.01,0.03,0.005,0.0,0.0,0.025
29,29,,0.03,0.0,0.0,0.0,0.005,0.015,0.0,0.0,0.005,0.0,0.085,0.0,0.0,0.0,0.0,0.0,0.01,0.06,0.03,0.015,0.005,0.0,0.01,0.0,0.005,0.0,0.035,0.045,0.01,0.28,0.005,0.005,0.01,0.05,0.0,0.025,0.0,0.0,0.0,0.0,0.005,0.0,0.025,0.04,0.015,0.0,0.0,0.07,0.005,0.04,0.005,0.0,0.025,0.0,0.0,0.0,0.0,0.0,0.015,0.015
29,29,,0.02,0.0,0.0,0.0,0.01,0.025,0.0,0.0,0.02,0.0,0.01,0.01,0.0,0.005,0.0,0.0,0.0,0.03,0.03,0.025,0.0,0.005,0.02,0.0,0.005,0.0,0.01,0.0,0.0,0.465,0.045,0.0,0.01,0.03,0.0,0.04,0.0,0.0,0.0,0.0,0.0,0.01,0.025,0.045,0.0,0.0,0.0,0.085,0.0,0.0,0.005,0.0,0.005,0.0,0.0,0.0,0.0,0.005,0.0,0.005
29,29,,0.005,0.0,0.015,0.0,0.0,0.0,0.0,0.0,0.0,0.0,0.0,0.15,0.0,0.0,0.005,0.01,0.005,0.015,0.0,0.0,0.0,0.0,0.01,0.0,0.0,0.02,0.0,0.005,0.01,0.485,0.0,0.025,0.025,0.0,0.0,0.0,0.01,0.0,0.0,0.0,0.025,0.0,0.005,0.04,0.0,0.0,0.0,0.02,0.02,0.0,0.015,0.01,0.03,0.0,0.0,0.01,0.0,0.0,0.005,0.025
29,29,,0.005,0.0,0.0,0.0,0.005,0.015,0.0,0.0,0.0,0.0,0.025,0.02,0.0,0.0,0.0,0.0,0.0,0.02,0.0,0.0,0.0,0.0,0.005,0.0,0.0,0.0,0.0,0.0,0.005,0.81,0.005,0.0,0.0,0.0,0.0,0.0,0.0,0.0,0.0,0.0,0.0,0.0,0.015,0.045,0.005,0.0,0.0,0.005,0.0,0.0,0.0,0.0,0.005,0.0,0.0,0.0,0.0,0.0,0.0,0.01
29,11,,0.035,0.0,0.035,0.005,0.0,0.0,0.05,0.0,0.005,0.01,0.005,0.26,0.0,0.005,0.025,0.035,0.015,0.0,0.0,0.0,0.0,0.0,0.005,0.015,0.0,0.005,0.0,0.01,0.075,0.185,0.005,0.01,0.01,0.005,0.005,0.01,0.01,0.0,0.0,0.02,0.0,0.0,0.025,0.0,0.0,0.005,0.01,0.0,0.0,0.0,0.02,0.02,0.045,0.0,0.005,0.005,0.01,0.0,0.0,0.0
29,29,,0.05,0.005,0.0,0.0,0.01,0.0,0.02,0.0,0.005,0.0,0.005,0.07,0.0,0.02,0.01,0.01,0.005,0.0,0.005,0.005,0.0,0.0,0.015,0.01,0.0,0.005,0.0,0.01,0.025,0.415,0.0,0.005,0.015,0.005,0.005,0.005,0.045,0.0,0.0,0.0,0.0,0.0,0.05,0.01,0.0,0.005,0.015,0.0,0.005,0.0,0.03,0.04,0.05,0.0,0.005,0.005,0.0,0.0,0.0,0.005
29,11,,0.02,0.0,0.025,0.0,0.0,0.0,0.065,0.01,0.0,0.01,0.005,0.16,0.015,0.01,0.085,0.055,0.015,0.0,0.0,0.0,0.0,0.0,0.0,0.02,0.0,0.0,0.0,0.01,0.065,0.06,0.0,0.0,0.03,0.0,0.045,0.005,0.05,0.0,0.005,0.015,0.0,0.0,0.035,0.0,0.005,0.01,0.01,0.005,0.0,0.0,0.015,0.055,0.035,0.005,0.01,0.005,0.015,0.0,0.0,0.015
29,29,,0.01,0.0,0.005,0.0,0.0,0.01,0.0,0.0,0.0,0.0,0.015,0.03,0.0,0.0,0.0,0.0,0.0,0.005,0.0,0.005,0.005,0.0,0.005,0.0,0.0,0.025,0.005,0.005,0.005,0.71,0.01,0.03,0.005,0.0,0.0,0.005,0.0,0.0,0.0,0.0,0.0,0.0,0.0,0.055,0.0,0.0,0.0,0.0,0.015,0.0,0.01,0.005,0.0,0.0,0.0,0.0,0.0,0.0,0.005,0.02
30,30,,0.01,0.0,0.0,0.0,0.015,0.045,0.0,0.0,0.075,0.0,0.0,0.005,0.0,0.005,0.0,0.005,0.01,0.055,0.015,0.095,0.085,0.0,0.0,0.0,0.005,0.0,0.0,0.0,0.0,0.0,0.21,0.03,0.01,0.03,0.0,0.115,0.005,0.015,0.0,0.0,0.01,0.035,0.015,0.015,0.005,0.0,0.0,0.005,0.0,0.0,0.04,0.0,0.02,0.0,0.0,0.0,0.0,0.01,0.0,0.005
30,19,,0.015,0.0,0.0,0.0,0.005,0.02,0.0,0.0,0.215,0.0,0.005,0.005,0.0,0.0,0.0,0.0,0.005,0.02,0.03,0.375,0.015,0.0,0.005,0.0,0.0,0.0,0.0,0.055,0.005,0.015,0.065,0.0,0.0,0.005,0.0,0.025,0.0,0.0,0.0,0.0,0.005,0.01,0.02,0.015,0.0,0.0,0.0,0.025,0.0,0.0,0.005,0.0,0.03,0.0,0.0,0.0,0.0,0.0,0.005,0.0
30,30,,0.0,0.0,0.0,0.0,0.0,0.055,0.0,0.0,0.03,0.0,0.0,0.0,0.0,0.0,0.0,0.0,0.0,0.005,0.035,0.205,0.135,0.0,0.0,0.0,0.0,0.0,0.0,0.0,0.0,0.0,0.505,0.0,0.0,0.0,0.0,0.01,0.0,0.0,0.0,0.0,0.0,0.0,0.0,0.0,0.0,0.0,0.0,0.01,0.0,0.0,0.0,0.0,0.0,0.0,0.0,0.0,0.0,0.005,0.0,0.005
30,19,,0.01,0.0,0.0,0.0,0.01,0.045,0.0,0.0,0.085,0.0,0.0,0.0,0.0,0.015,0.0,0.005,0.0,0.035,0.015,0.28,0.035,0.0,0.01,0.0,0.005,0.01,0.0,0.015,0.005,0.01,0.145,0.03,0.01,0.015,0.0,0.055,0.01,0.005,0.0,0.0,0.0,0.025,0.03,0.0,0.005,0.0,0.0,0.0,0.0,0.0,0.015,0.0,0.04,0.0,0.005,0.005,0.0,0.0,0.005,0.01
30,30,,0.01,0.0,0.0,0.0,0.0,0.035,0.0,0.0,0.08,0.0,0.01,0.0,0.0,0.0,0.0,0.0,0.0,0.015,0.03,0.03,0.01,0.0,0.0,0.0,0.005,0.025,0.0,0.025,0.0,0.0,0.565,0.005,0.005,0.0,0.0,0.04,0.0,0.015,0.0,0.0,0.0,0.005,0.01,0.02,0.0,0.0,0.0,0.03,0.0,0.01,0.01,0.0,0.005,0.0,0.0,0.0,0.0,0.0,0.0,0.005
30,30,,0.0,0.0,0.0,0.0,0.0,0.12,0.0,0.0,0.065,0.0,0.005,0.0,0.0,0.0,0.0,0.0,0.0,0.015,0.015,0.25,0.095,0.0,0.0,0.0,0.0,0.01,0.0,0.015,0.0,0.005,0.265,0.005,0.0,0.005,0.0,0.03,0.005,0.005,0.0,0.0,0.0,0.0,0.02,0.02,0.0,0.0,0.0,0.025,0.0,0.0,0.0,0.0,0.0,0.0,0.0,0.0,0.0,0.025,0.0,0.0
30,19,,0.005,0.0,0.0,0.0,0.01,0.11,0.0,0.0,0.06,0.0,0.015,0.0,0.0,0.005,0.0,0.0,0.0,0.015,0.01,0.25,0.12,0.0,0.01,0.0,0.0,0.005,0.0,0.015,0.0,0.02,0.17,0.01,0.005,0.0,0.0,0.03,0.01,0.005,0.0,0.0,0.0,0.01,0.02,0.025,0.0,0.0,0.0,0.035,0.0,0.0,0.0,0.0,0.005,0.0,0.0,0.0,0.0,0.02,0.0,0.005
30,30,,0.005,0.0,0.0,0.0,0.0,0.07,0.0,0.0,0.03,0.0,0.01,0.0,0.0,0.0,0.0,0.0,0.0,0.01,0.015,0.185,0.22,0.0,0.0,0.0,0.01,0.0,0.0,0.0,0.0,0.0,0.415,0.0,0.0,0.0,0.0,0.005,0.0,0.0,0.0,0.0,0.0,0.005,0.0,0.0,0.0,0.0,0.0,0.0,0.0,0.0,0.0,0.0,0.0,0.0,0.0,0.0,0.0,0.015,0.0,0.005
30,19,,0.01,0.0,0.0,0.0,0.0,0.02,0.0,0.0,0.165,0.0,0.005,0.0,0.0,0.0,0.0,0.0,0.0,0.005,0.015,0.385,0.045,0.0,0.005,0.0,0.0,0.0,0.0,0.005,0.005,0.005,0.2,0.0,0.0,0.025,0.0,0.025,0.0,0.0,0.0,0.0,0.0,0.02,0.03,0.005,0.0,0.0,0.0,0.02,0.0,0.0,0.0,0.0,0.005,0.0,0.0,0.0,0.0,0.0,0.0,0.0
30,30,,0.01,0.0,0.0,0.0,0.01,0.05,0.0,0.0,0.085,0.0,0.03,0.01,0.0,0.005,0.0,0.0,0.005,0.025,0.025,0.03,0.025,0.0,0.01,0.0,0.01,0.075,0.0,0.095,0.005,0.01,0.22,0.01,0.01,0.03,0.0,0.04,0.0,0.04,0.0,0.0,0.0,0.015,0.01,0.025,0.0,0.0,0.0,0.045,0.0,0.005,0.005,0.0,0.005,0.0,0.0,0.0,0.0,0.005,0.0,0.02
31,31,,0.005,0.0,0.0,0.0,0.0,0.015,0.0,0.0,0.005,0.0,0.0,0.0,0.0,0.0,0.0,0.0,0.005,0.0,0.015,0.005,0.0,0.005,0.0,0.0,0.0,0.005,0.0,0.01,0.0,0.01,0.015,0.875,0.005,0.0,0.0,0.0,0.01,0.0,0.0,0.0,0.0,0.0,0.0,0.005,0.0,0.0,0.0,0.0,0.0,0.0,0.0,0.005,0.005,0.0,0.0,0.0,0.0,0.0,0.0,0.0
31,31,,0.0,0.0,0.0,0.0,0.0,0.01,0.0,0.0,0.005,0.0,0.0,0.005,0.005,0.0,0.0,0.0,0.0,0.0,0.005,0.005,0.005,0.0,0.0,0.0,0.0,0.0,0.0,0.0,0.005,0.01,0.005,0.875,0.01,0.005,0.0,0.01,0.005,0.0,0.0,0.0,0.0,0.0,0.005,0.0,0.005,0.0,0.0,0.0,0.0,0.0,0.01,0.005,0.005,0.0,0.0,0.005,0.0,0.0,0.0,0.0
31,31,,0.005,0.0,0.005,0.0,0.005,0.01,0.0,0.0,0.005,0.0,0.0,0.0,0.0,0.015,0.0,0.0,0.0,0.02,0.01,0.005,0.0,0.0,0.0,0.0,0.005,0.015,0.0,0.0,0.0,0.035,0.01,0.72,0.015,0.005,0.0,0.025,0.01,0.0,0.0,0.0,0.0,0.005,0.015,0.005,0.005,0.0,0.0,0.0,0.005,0.0,0.02,0.0,0.015,0.0,0.0,0.005,0.0,0.0,0.0,0.005
31,31,,0.005,0.0,0.005,0.005,0.0,0.0,0.0,0.0,0.035,0.0,0.005,0.005,0.01,0.0,0.0,0.005,0.015,0.005,0.0,0.03,0.005,0.005,0.01,0.0,0.0,0.005,0.0,0.02,0.005,0.01,0.005,0.675,0.015,0.015,0.0,0.025,0.005,0.0,0.0,0.0,0.01,0.01,0.005,0.01,0.0,0.0,0.005,0.0,0.0,0.0,0.005,0.005,0.02,0.0,0.0,0.005,0.0,0.0,0.0,0.0
31,31,,0.005,0.0,0.0,0.0,0.0,0.01,0.0,0.0,0.01,0.0,0.0,0.01,0.0,0.0,0.0,0.01,0.01,0.005,0.005,0.025,0.005,0.005,0.0,0.0,0.0,0.0,0.0,0.005,0.005,0.005,0.005,0.785,0.02,0.0,0.0,0.01,0.005,0.005,0.0,0.0,0.0,0.0,0.005,0.0,0.005,0.0,0.0,0.005,0.0,0.0,0.005,0.01,0.025,0.0,0.0,0.0,0.0,0.0,0.0,0.0
31,31,,0.0,0.0,0.005,0.0,0.0,0.0,0.0,0.005,0.015,0.0,0.0,0.005,0.0,0.0,0.0,0.0,0.01,0.015,0.01,0.03,0.04,0.0,0.0,0.0,0.0,0.005,0.0,0.005,0.005,0.005,0.01,0.76,0.01,0.0,0.0,0.02,0.0,0.0,0.0,0.0,0.0,0.01,0.005,0.0,0.0,0.0,0.0,0.005,0.0,0.0,0.01,0.0,0.005,0.0,0.0,0.005,0.0,0.0,0.0,0.005
31,31,,0.0,0.0,0.0,0.0,0.0,0.005,0.0,0.0,0.0,0.0,0.0,0.0,0.0,0.0,0.0,0.0,0.005,0.01,0.0,0.005,0.01,0.005,0.005,0.0,0.0,0.0,0.0,0.0,0.0,0.01,0.02,0.855,0.015,0.0,0.0,0.01,0.01,0.0,0.0,0.0,0.005,0.0,0.0,0.005,0.005,0.0,0.0,0.0,0.0,0.0,0.0,0.005,0.015,0.0,0.0,0.0,0.0,0.0,0.0,0.0
31,31,,0.0,0.0,0.005,0.0,0.0,0.015,0.0,0.0,0.01,0.0,0.0,0.0,0.0,0.0,0.0,0.0,0.0,0.015,0.0,0.0,0.03,0.0,0.0,0.0,0.0,0.005,0.0,0.005,0.0,0.01,0.015,0.78,0.025,0.01,0.0,0.02,0.0,0.01,0.0,0.0,0.0,0.005,0.0,0.005,0.005,0.0,0.0,0.005,0.0,0.0,0.015,0.005,0.005,0.0,0.0,0.0,0.0,0.0,0.0,0.0
31,31,,0.005,0.0,0.005,0.0,0.035,0.01,0.0,0.005,0.01,0.0,0.01,0.02,0.005,0.005,0.0,0.0,0.055,0.02,0.0,0.0,0.0,0.01,0.02,0.0,0.0,0.005,0.015,0.01,0.0,0.01,0.0,0.445,0.01,0.035,0.005,0.02,0.005,0.0,0.0,0.0,0.035,0.005,0.025,0.03,0.045,0.0,0.005,0.0,0.0,0.005,0.01,0.005,0.02,0.0,0.0,0.015,0.0,0.0,0.01,0.015
31,31,,0.005,0.0,0.01,0.0,0.005,0.005,0.0,0.0,0.005,0.0,0.005,0.01,0.0,0.01,0.0,0.0,0.04,0.025,0.0,0.0,0.0,0.015,0.01,0.005,0.0,0.015,0.005,0.015,0.0,0.02,0.0,0.5,0.02,0.03,0.005,0.035,0.005,0.0,0.0,0.0,0.005,0.005,0.02,0.045,0.05,0.0,0.005,0.005,0.005,0.0,0.015,0.005,0.0,0.0,0.0,0.02,0.0,0.0,0.015,0.005
32,32,,0.005,0.0,0.0,0.0,0.015,0.015,0.0,0.0,0.045,0.0,0.005,0.0,0.005,0.02,0.0,0.0,0.0,0.055,0.0,0.0,0.0,0.09,0.01,0.0,0.0,0.005,0.0,0.01,0.0,0.0,0.02,0.065,0.21,0.03,0.0,0.05,0.0,0.025,0.0,0.0,0.015,0.045,0.04,0.005,0.015,0.0,0.005,0.01,0.005,0.005,0.135,0.0,0.015,0.0,0.0,0.005,0.0,0.01,0.0,0.01
32,57,,0.0,0.0,0.0,0.0,0.01,0.115,0.0,0.0,0.0,0.0,0.005,0.005,0.0,0.035,0.0,0.0,0.075,0.005,0.04,0.005,0.045,0.0,0.0,0.0,0.155,0.0,0.0,0.005,0.0,0.03,0.01,0.015,0.09,0.015,0.0,0.025,0.0,0.03,0.0,0.0,0.0,0.0,0.005,0.005,0.005,0.0,0.0,0.03,0.005,0.005,0.015,0.0,0.0,0.0,0.0,0.0,0.0,0.215,0.0,0.0
32,39,,0.005,0.025,0.095,0.02,0.0,0.0,0.03,0.01,0.0,0.045,0.0,0.015,0.015,0.0,0.05,0.005,0.0,0.0,0.0,0.0,0.0,0.0,0.0,0.04,0.0,0.0,0.0,0.0,0.055,0.0,0.0,0.0,0.025,0.0,0.045,0.0,0.05,0.0,0.01,0.19,0.0,0.0,0.005,0.0,0.0,0.035,0.03,0.0,0.0,0.0,0.0,0.005,0.005,0.095,0.025,0.01,0.06,0.0,0.0,0.0
32,32,,0.0,0.0,0.005,0.0,0.0,0.055,0.0,0.0,0.005,0.0,0.01,0.0,0.0,0.025,0.0,0.0,0.025,0.08,0.015,0.0,0.005,0.005,0.0,0.0,0.01,0.015,0.02,0.01,0.0,0.03,0.015,0.05,0.295,0.045,0.0,0.025,0.0,0.02,0.0,0.0,0.005,0.005,0.005,0.04,0.025,0.0,0.0,0.035,0.0,0.015,0.04,0.0,0.01,0.0,0.0,0.005,0.0,0.035,0.0,0.015
32,32,,0.005,0.0,0.02,0.0,0.0,0.0,0.0,0.0,0.005,0.0,0.0,0.005,0.015,0.0,0.005,0.0,0.005,0.0,0.0,0.0,0.0,0.02,0.0,0.0,0.0,0.0,0.0,0.0,0.0,0.0,0.0,0.0,0.835,0.0,0.005,0.005,0.01,0.0,0.0,0.0,0.01,0.0,0.01,0.0,0.0,0.0,0.005,0.0,0.0,0.0,0.025,0.0,0.005,0.0,0.0,0.0,0.0,0.0,0.005,0.005
32,52,,0.04,0.005,0.01,0.02,0.01,0.005,0.025,0.01,0.025,0.005,0.005,0.105,0.01,0.01,0.01,0.095,0.015,0.005,0.0,0.015,0.0,0.0,0.01,0.035,0.0,0.0,0.0,0.025,0.045,0.035,0.005,0.02,0.06,0.015,0.01,0.0,0.005,0.0,0.0,0.02,0.005,0.0,0.065,0.005,0.005,0.02,0.0,0.005,0.0,0.0,0.01,0.055,0.115,0.0,0.005,0.0,0.0,0.0,0.0,0.0
32,32,,0.0,0.0,0.025,0.0,0.0,0.0,0.0,0.0,0.0,0.0,0.0,0.0,0.015,0.005,0.0,0.005,0.005,0.0,0.0,0.0,0.0,0.07,0.0,0.01,0.0,0.0,0.0,0.005,0.01,0.0,0.0,0.01,0.655,0.0,0.0,0.005,0.035,0.0,0.0,0.0,0.05,0.005,0.0,0.0,0.0,0.0,0.005,0.01,0.0,0.0,0.04,0.005,0.0,0.0,0.0,0.015,0.0,0.0,0.005,0.01
32,32,,0.0,0.0,0.035,0.0,0.0,0.0,0.005,0.025,0.0,0.0,0.0,0.005,0.02,0.005,0.025,0.025,0.0,0.0,0.0,0.0,0.0,0.005,0.005,0.14,0.0,0.0,0.0,0.005,0.01,0.0,0.0,0.005,0.32,0.0,0.02,0.005,0.165,0.0,0.005,0.035,0.005,0.0,0.005,0.0,0.0,0.005,0.005,0.0,0.0,0.0,0.01,0.015,0.01,0.035,0.01,0.025,0.01,0.0,0.0,0.0
32,45,,0.0,0.015,0.035,0.13,0.005,0.0,0.06,0.005,0.005,0.05,0.0,0.015,0.005,0.0,0.1,0.01,0.0,0.0,0.0,0.005,0.0,0.0,0.005,0.05,0.0,0.0,0.0,0.0,0.06,0.0,0.0,0.0,0.015,0.0,0.005,0.0,0.005,0.0,0.005,0.05,0.0,0.0,0.0,0.0,0.0,0.19,0.015,0.0,0.0,0.0,0.0,0.005,0.0,0.01,0.065,0.01,0.07,0.0,0.0,0.0
32,52,,0.025,0.02,0.0,0.09,0.0,0.0,0.01,0.005,0.035,0.02,0.0,0.02,0.005,0.0,0.02,0.025,0.01,0.0,0.0,0.005,0.0,0.0,0.045,0.03,0.0,0.0,0.0,0.01,0.035,0.0,0.0,0.005,0.005,0.0,0.025,0.0,0.015,0.0,0.02,0.03,0.005,0.0,0.035,0.005,0.0,0.12,0.015,0.0,0.0,0.0,0.01,0.005,0.16,0.0,0.025,0.025,0.08,0.0,0.0,0.005
33,33,,0.005,0.0,0.0,0.0,0.015,0.005,0.0,0.0,0.005,0.0,0.0,0.01,0.0,0.02,0.0,0.0,0.01,0.015,0.03,0.015,0.0,0.005,0.005,0.0,0.005,0.01,0.0,0.025,0.0,0.015,0.005,0.005,0.01,0.58,0.0,0.005,0.0,0.0,0.0,0.0,0.0,0.005,0.115,0.0,0.005,0.0,0.0,0.015,0.005,0.015,0.025,0.0,0.005,0.0,0.0,0.0,0.0,0.01,0.0,0.0
33,33,,0.005,0.005,0.0,0.0,0.035,0.005,0.0,0.0,0.0,0.0,0.0,0.005,0.0,0.0,0.0,0.0,0.03,0.04,0.02,0.0,0.005,0.0,0.0,0.0,0.0,0.005,0.0,0.0,0.0,0.005,0.005,0.005,0.015,0.72,0.0,0.02,0.0,0.015,0.0,0.0,0.0,0.005,0.03,0.005,0.0,0.0,0.0,0.0,0.0,0.0,0.015,0.0,0.0,0.0,0.0,0.0,0.0,0.0,0.005,0.0
33,33,,0.0,0.0,0.0,0.0,0.115,0.0,0.0,0.0,0.0,0.0,0.0,0.005,0.0,0.015,0.0,0.0,0.05,0.01,0.03,0.005,0.005,0.0,0.01,0.0,0.005,0.0,0.0,0.0,0.005,0.0,0.0,0.01,0.01,0.635,0.0,0.01,0.0,0.01,0.0,0.0,0.0,0.0,0.04,0.0,0.02,0.0,0.0,0.01,0.0,0.0,0.0,0.0,0.0,0.0,0.0,0.0,0.0,0.0,0.0,0.0
33,33,,0.02,0.0,0.0,0.0,0.075,0.015,0.0,0.0,0.015,0.0,0.0,0.01,0.005,0.015,0.0,0.0,0.01,0.015,0.03,0.02,0.0,0.0,0.01,0.0,0.0,0.0,0.0,0.01,0.0,0.01,0.02,0.0,0.02,0.58,0.0,0.005,0.005,0.005,0.0,0.0,0.0,0.005,0.04,0.005,0.005,0.0,0.0,0.02,0.0,0.0,0.015,0.01,0.0,0.0,0.0,0.005,0.0,0.0,0.0,0.0
33,33,,0.005,0.0,0.0,0.0,0.075,0.005,0.0,0.0,0.0,0.0,0.01,0.0,0.0,0.005,0.0,0.0,0.025,0.125,0.035,0.02,0.01,0.0,0.035,0.0,0.0,0.005,0.005,0.01,0.005,0.015,0.005,0.0,0.01,0.295,0.0,0.075,0.0,0.0,0.0,0.0,0.0,0.005,0.075,0.015,0.08,0.0,0.0,0.015,0.01,0.005,0.0,0.0,0.005,0.0,0.0,0.005,0.0,0.005,0.0,0.005
33,33,,0.005,0.0,0.005,0.0,0.045,0.005,0.0,0.0,0.005,0.0,0.02,0.025,0.0,0.02,0.0,0.0,0.035,0.03,0.005,0.02,0.0,0.0,0.04,0.0,0.0,0.01,0.015,0.005,0.005,0.015,0.0,0.01,0.015,0.45,0.0,0.01,0.0,0.0,0.0,0.0,0.005,0.0,0.055,0.075,0.02,0.0,0.0,0.02,0.0,0.0,0.015,0.0,0.0,0.0,0.0,0.005,0.0,0.0,0.005,0.005
33,33,,0.0,0.0,0.0,0.0,0.015,0.0,0.0,0.0,0.0,0.0,0.0,0.0,0.0,0.0,0.0,0.0,0.01,0.01,0.01,0.005,0.0,0.0,0.0,0.0,0.0,0.0,0.0,0.0,0.0,0.005,0.0,0.005,0.005,0.875,0.0,0.01,0.0,0.005,0.0,0.0,0.0,0.0,0.015,0.0,0.02,0.0,0.0,0.0,0.0,0.005,0.0,0.0,0.0,0.0,0.0,0.0,0.0,0.005,0.0,0.0
33,33,,0.015,0.0,0.0,0.0,0.075,0.015,0.0,0.0,0.005,0.0,0.0,0.0,0.005,0.025,0.0,0.0,0.01,0.005,0.035,0.01,0.005,0.0,0.0,0.0,0.005,0.005,0.0,0.01,0.0,0.005,0.01,0.0,0.02,0.615,0.0,0.01,0.0,0.005,0.0,0.0,0.0,0.005,0.015,0.0,0.01,0.0,0.0,0.025,0.0,0.02,0.005,0.01,0.01,0.0,0.0,0.005,0.0,0.005,0.0,0.0
33,33,,0.015,0.005,0.005,0.015,0.035,0.01,0.005,0.01,0.015,0.0,0.0,0.015,0.005,0.02,0.0,0.005,0.04,0.03,0.085,0.015,0.015,0.0,0.03,0.0,0.025,0.0,0.0,0.04,0.02,0.0,0.0,0.005,0.01,0.225,0.005,0.05,0.0,0.005,0.0,0.0,0.0,0.005,0.065,0.005,0.02,0.015,0.005,0.015,0.0,0.02,0.025,0.005,0.035,0.0,0.0,0.01,0.0,0.01,0.0,0.005
33,33,,0.005,0.0,0.0,0.0,0.035,0.02,0.0,0.0,0.005,0.0,0.0,0.01,0.0,0.01,0.0,0.0,0.025,0.0,0.04,0.005,0.005,0.0,0.0,0.0,0.015,0.005,0.005,0.005,0.0,0.005,0.01,0.005,0.01,0.65,0.0,0.015,0.0,0.025,0.0,0.0,0.0,0.005,0.02,0.0,0.015,0.0,0.0,0.035,0.0,0.005,0.005,0.0,0.005,0.0,0.0,0.0,0.0,0.0,0.0,0.0
34,34,,0.0,0.005,0.035,0.0,0.0,0.0,0.0,0.0,0.0,0.015,0.0,0.005,0.0,0.0,0.015,0.0,0.0,0.0,0.0,0.0,0.0,0.0,0.0,0.0,0.0,0.0,0.0,0.0,0.045,0.0,0.0,0.0,0.045,0.0,0.71,0.0,0.005,0.0,0.0,0.01,0.0,0.0,0.005,0.0,0.0,0.005,0.015,0.0,0.0,0.0,0.005,0.0,0.0,0.005,0.06,0.015,0.0,0.0,0.0,0.0
34,34,,0.0,0.01,0.035,0.015,0.0,0.0,0.0,0.0,0.0,0.0,0.0,0.005,0.0,0.0,0.015,0.005,0.0,0.0,0.0,0.0,0.0,0.005,0.0,0.005,0.0,0.0,0.0,0.0,0.095,0.0,0.0,0.0,0.045,0.0,0.575,0.0,0.035,0.0,0.005,0.015,0.0,0.0,0.0,0.0,0.0,0.0,0.025,0.0,0.0,0.0,0.0,0.0,0.0,0.03,0.055,0.01,0.01,0.0,0.005,0.0
34,34,,0.0,0.0,0.015,0.0,0.0,0.0,0.0,0.0,0.0,0.0,0.0,0.0,0.0,0.0,0.0,0.005,0.0,0.0,0.0,0.0,0.0,0.0,0.005,0.0,0.0,0.0,0.0,0.0,0.09,0.0,0.0,0.005,0.01,0.0,0.71,0.0,0.01,0.0,0.0,0.0,0.0,0.0,0.0,0.0,0.0,0.005,0.025,0.0,0.0,0.0,0.005,0.01,0.005,0.005,0.085,0.005,0.005,0.0,0.0,0.0
34,34,,0.0,0.0,0.02,0.0,0.0,0.0,0.0,0.0,0.0,0.01,0.0,0.0,0.005,0.0,0.005,0.0,0.0,0.0,0.0,0.0,0.0,0.0,0.0,0.0,0.0,0.0,0.0,0.0,0.045,0.0,0.0,0.0,0.01,0.0,0.83,0.0,0.0,0.0,0.005,0.0,0.0,0.0,0.0,0.0,0.0,0.005,0.015,0.0,0.0,0.0,0.0,0.0,0.0,0.005,0.03,0.0,0.01,0.0,0.0,0.005
34,34,,0.0,0.02,0.035,0.0,0.0,0.0,0.0,0.005,0.0,0.015,0.0,0.01,0.0,0.0,0.03,0.02,0.0,0.0,0.0,0.0,0.0,0.005,0.01,0.005,0.0,0.0,0.0,0.0,0.155,0.0,0.0,0.0,0.04,0.0,0.445,0.0,0.01,0.0,0.005,0.01,0.0,0.0,0.0,0.0,0.0,0.005,0.03,0.0,0.0,0.0,0.0,0.005,0.0,0.005,0.125,0.0,0.005,0.0,0.0,0.005
34,34,,0.0,0.015,0.005,0.0,0.0,0.0,0.0,0.0,0.0,0.0,0.0,0.0,0.0,0.0,0.02,0.005,0.0,0.0,0.0,0.0,0.0,0.0,0.0,0.0,0.0,0.0,0.0,0.0,0.185,0.0,0.0,0.0,0.0,0.0,0.475,0.0,0.01,0.0,0.015,0.0,0.0,0.0,0.0,0.0,0.0,0.005,0.035,0.0,0.0,0.0,0.0,0.0,0.0,0.0,0.2,0.01,0.02,0.0,0.0,0.0
34,34,,0.0,0.0,0.03,0.0,0.0,0.0,0.0,0.0,0.0,0.005,0.0,0.0,0.0,0.0,0.005,0.005,0.0,0.0,0.0,0.0,0.0,0.0,0.0,0.005,0.0,0.0,0.0,0.005,0.155,0.005,0.0,0.0,0.025,0.0,0.675,0.0,0.02,0.0,0.0,0.0,0.0,0.0,0.01,0.0,0.0,0.0,0.005,0.0,0.005,0.0,0.005,0.0,0.0,0.0,0.02,0.015,0.0,0.0,0.005,0.0
34,34,,0.0,0.015,0.025,0.02,0.0,0.0,0.0,0.0,0.0,0.02,0.0,0.0,0.0,0.0,0.01,0.0,0.0,0.0,0.0,0.0,0.0,0.0,0.0,0.0,0.0,0.0,0.0,0.0,0.035,0.0,0.0,0.0,0.005,0.0,0.375,0.0,0.04,0.0,0.105,0.01,0.005,0.0,0.0,0.0,0.0,0.015,0.12,0.0,0.0,0.0,0.0,0.0,0.0,0.1,0.045,0.005,0.05,0.0,0.0,0.0
34,34,,0.0,0.01,0.02,0.0,0.0,0.0,0.0,0.0,0.0,0.025,0.0,0.0,0.0,0.0,0.02,0.0,0.0,0.0,0.0,0.0,0.0,0.0,0.0,0.01,0.0,0.0,0.0,0.0,0.02,0.0,0.0,0.0,0.015,0.0,0.545,0.0,0.05,0.0,0.03,0.005,0.0,0.0,0.0,0.0,0.0,0.0,0.095,0.0,0.0,0.0,0.0,0.0,0.005,0.045,0.055,0.005,0.045,0.0,0.0,0.0
34,34,,0.01,0.0,0.025,0.0,0.005,0.005,0.0,0.01,0.015,0.005,0.01,0.01,0.0,0.015,0.0,0.005,0.005,0.01,0.005,0.0,0.0,0.0,0.025,0.0,0.0,0.005,0.0,0.01,0.225,0.0,0.0,0.0,0.015,0.005,0.285,0.005,0.015,0.0,0.0,0.0,0.005,0.0,0.01,0.005,0.005,0.0,0.02,0.005,0.045,0.0,0.025,0.005,0.02,0.0,0.05,0.04,0.01,0.0,0.0,0.03
35,52,,0.03,0.01,0.03,0.015,0.0,0.0,0.01,0.005,0.04,0.025,0.005,0.02,0.03,0.005,0.0,0.035,0.0,0.005,0.005,0.05,0.01,0.01,0.01,0.015,0.0,0.0,0.0,0.0,0.03,0.015,0.0,0.01,0.04,0.0,0.035,0.05,0.015,0.0,0.0,0.01,0.005,0.0,0.03,0.01,0.0,0.01,0.015,0.01,0.01,0.0,0.04,0.065,0.14,0.0,0.03,0.02,0.015,0.0,0.01,0.02
35,59,,0.0,0.0,0.005,0.0,0.02,0.025,0.0,0.0,0.01,0.0,0.055,0.01,0.0,0.04,0.0,0.0,0.03,0.015,0.015,0.015,0.0,0.0,0.025,0.0,0.005,0.0,0.03,0.02,0.015,0.01,0.0,0.005,0.045,0.015,0.01,0.02,0.005,0.0,0.0,0.0,0.02,0.0,0.02,0.045,0.015,0.0,0.005,0.01,0.065,0.01,0.055,0.005,0.01,0.0,0.0,0.06,0.0,0.0,0.055,0.18
35,35,,0.005,0.0,0.0,0.0,0.035,0.025,0.0,0.0,0.0,0.0,0.025,0.0,0.0,0.025,0.0,0.0,0.055,0.075,0.015,0.01,0.0,0.0,0.04,0.0,0.01,0.01,0.005,0.02,0.005,0.035,0.0,0.03,0.02,0.085,0.0,0.105,0.005,0.0,0.0,0.0,0.005,0.0,0.085,0.02,0.09,0.0,0.0,0.065,0.005,0.045,0.02,0.0,0.005,0.0,0.0,0.005,0.0,0.005,0.005,0.005
35,35,,0.005,0.0,0.0,0.0,0.005,0.01,0.0,0.0,0.015,0.0,0.01,0.0,0.0,0.0,0.0,0.005,0.0,0.005,0.02,0.035,0.015,0.005,0.0,0.0,0.0,0.005,0.0,0.0,0.0,0.025,0.01,0.015,0.01,0.03,0.0,0.6,0.0,0.005,0.0,0.0,0.0,0.105,0.025,0.0,0.0,0.0,0.0,0.0,0.0,0.0,0.02,0.005,0.01,0.0,0.0,0.0,0.0,0.0,0.0,0.005
35,36,,0.0,0.0,0.005,0.0,0.005,0.0,0.105,0.2,0.015,0.01,0.0,0.005,0.015,0.005,0.015,0.045,0.0,0.0,0.0,0.0,0.0,0.0,0.0,0.05,0.0,0.0,0.0,0.0,0.025,0.0,0.0,0.0,0.055,0.0,0.01,0.005,0.25,0.0,0.0,0.055,0.0,0.0,0.005,0.005,0.0,0.01,0.015,0.0,0.0,0.0,0.0,0.005,0.03,0.025,0.0,0.005,0.025,0.0,0.0,0.0
35,30,,0.0,0.0,0.0,0.0,0.005,0.1,0.0,0.0,0.11,0.0,0.01,0.005,0.0,0.005,0.0,0.0,0.0,0.02,0.035,0.085,0.12,0.0,0.0,0.0,0.005,0.0,0.0,0.03,0.005,0.015,0.145,0.03,0.015,0.005,0.0,0.08,0.0,0.045,0.0,0.0,0.005,0.01,0.02,0.015,0.0,0.0,0.0,0.02,0.005,0.0,0.005,0.0,0.025,0.0,0.0,0.0,0.0,0.0,0.0,0.025
35,35,,0.005,0.0,0.0,0.0,0.035,0.005,0.0,0.0,0.0,0.0,0.01,0.01,0.0,0.005,0.0,0.0,0.025,0.04,0.005,0.005,0.0,0.0,0.015,0.0,0.005,0.01,0.0,0.005,0.0,0.02,0.005,0.015,0.01,0.06,0.0,0.485,0.0,0.0,0.0,0.0,0.01,0.0,0.045,0.01,0.07,0.0,0.0,0.035,0.0,0.035,0.01,0.0,0.0,0.0,0.0,0.005,0.0,0.0,0.0,0.005
35,35,,0.025,0.0,0.0,0.0,0.015,0.015,0.0,0.0,0.02,0.0,0.015,0.02,0.0,0.01,0.0,0.0,0.01,0.025,0.015,0.045,0.01,0.0,0.015,0.0,0.005,0.005,0.0,0.01,0.0,0.03,0.035,0.01,0.01,0.095,0.0,0.29,0.0,0.0,0.0,0.0,0.0,0.005,0.065,0.08,0.005,0.0,0.0,0.02,0.005,0.005,0.03,0.0,0.005,0.0,0.0,0.005,0.0,0.01,0.0,0.035
35,35,,0.005,0.0,0.0,0.0,0.0,0.01,0.0,0.0,0.115,0.0,0.005,0.0,0.0,0.005,0.0,0.0,0.0,0.02,0.01,0.05,0.0,0.0,0.01,0.0,0.0,0.005,0.0,0.03,0.0,0.03,0.025,0.01,0.015,0.03,0.0,0.49,0.0,0.0,0.0,0.0,0.0,0.045,0.015,0.01,0.0,0.0,0.0,0.0,0.0,0.0,0.015,0.0,0.02,0.0,0.0,0.005,0.0,0.0,0.005,0.02
35,42,,0.025,0.005,0.01,0.005,0.055,0.015,0.015,0.0,0.02,0.005,0.01,0.0,0.015,0.015,0.0,0.03,0.045,0.04,0.02,0.04,0.01,0.0,0.035,0.025,0.0,0.005,0.005,0.02,0.01,0.01,0.005,0.005,0.035,0.015,0.005,0.045,0.01,0.0,0.0,0.005,0.01,0.005,0.135,0.0,0.03,0.0,0.0,0.01,0.0,0.01,0.015,0.01,0.105,0.0,0.0,0.035,0.01,0.0,0.0,0.01
36,36,,0.0,0.0,0.005,0.015,0.0,0.0,0.045,0.005,0.005,0.005,0.0,0.005,0.0,0.0,0.03,0.015,0.005,0.0,0.0,0.0,0.0,0.0,0.0,0.03,0.0,0.0,0.0,0.0,0.025,0.0,0.0,0.0,0.01,0.0,0.015,0.0,0.625,0.0,0.01,0.01,0.0,0.0,0.005,0.0,0.0,0.0,0.0,0.0,0.0,0.0,0.0,0.015,0.0,0.025,0.01,0.0,0.08,0.0,0.0,0.005
36,50,,0.0,0.005,0.095,0.0,0.0,0.0,0.0,0.005,0.015,0.01,0.01,0.02,0.01,0.0,0.0,0.0,0.0,0.005,0.0,0.0,0.0,0.01,0.005,0.005,0.0,0.005,0.0,0.01,0.015,0.0,0.0,0.01,0.075,0.0,0.0,0.0,0.075,0.0,0.01,0.0,0.05,0.005,0.03,0.02,0.0,0.0,0.095,0.005,0.0,0.0,0.265,0.005,0.005,0.0,0.02,0.04,0.015,0.0,0.015,0.035
36,36,,0.0,0.005,0.0,0.005,0.0,0.0,0.0,0.0,0.0,0.0,0.0,0.0,0.0,0.0,0.035,0.005,0.0,0.0,0.0,0.0,0.0,0.0,0.0,0.09,0.0,0.0,0.0,0.0,0.0,0.0,0.0,0.0,0.0,0.0,0.005,0.0,0.395,0.0,0.03,0.02,0.0,0.0,0.0,0.0,0.0,0.0,0.06,0.0,0.0,0.0,0.0,0.0,0.0,0.025,0.03,0.0,0.295,0.0,0.0,0.0
36,36,,0.0,0.015,0.005,0.0,0.0,0.0,0.005,0.0,0.0,0.005,0.0,0.0,0.0,0.0,0.045,0.0,0.0,0.0,0.0,0.0,0.0,0.0,0.0,0.03,0.0,0.0,0.0,0.0,0.01,0.0,0.0,0.0,0.0,0.0,0.0,0.0,0.64,0.0,0.0,0.01,0.0,0.0,0.0,0.0,0.0,0.0,0.0,0.0,0.0,0.0,0.005,0.005,0.0,0.115,0.025,0.0,0.085,0.0,0.0,0.0
36,36,,0.0,0.0,0.0,0.0,0.0,0.0,0.035,0.005,0.0,0.005,0.0,0.0,0.005,0.0,0.03,0.005,0.0,0.0,0.0,0.0,0.0,0.0,0.0,0.04,0.0,0.0,0.0,0.0,0.015,0.0,0.0,0.0,0.0,0.0,0.0,0.0,0.66,0.0,0.0,0.0,0.0,0.0,0.005,0.0,0.0,0.01,0.0,0.0,0.0,0.0,0.0,0.02,0.005,0.02,0.005,0.0,0.135,0.0,0.0,0.0
36,36,,0.0,0.0,0.0,0.0,0.0,0.0,0.025,0.015,0.0,0.0,0.0,0.01,0.0,0.0,0.025,0.01,0.005,0.0,0.0,0.0,0.0,0.0,0.0,0.05,0.0,0.0,0.0,0.0,0.0,0.0,0.0,0.0,0.02,0.0,0.005,0.0,0.74,0.0,0.01,0.005,0.0,0.0,0.0,0.0,0.0,0.0,0.0,0.0,0.0,0.0,0.025,0.015,0.005,0.015,0.01,0.005,0.0,0.0,0.0,0.005
36,36,,0.0,0.005,0.01,0.005,0.0,0.0,0.015,0.0,0.0,0.0,0.0,0.0,0.02,0.0,0.05,0.005,0.0,0.0,0.0,0.0,0.0,0.0,0.0,0.16,0.0,0.0,0.0,0.0,0.005,0.0,0.0,0.0,0.01,0.0,0.02,0.0,0.59,0.0,0.005,0.025,0.0,0.0,0.0,0.0,0.0,0.0,0.0,0.0,0.0,0.0,0.0,0.0,0.0,0.025,0.015,0.005,0.03,0.0,0.0,0.0
36,36,,0.0,0.015,0.025,0.0,0.0,0.0,0.0,0.0,0.0,0.005,0.0,0.0,0.0,0.0,0.035,0.0,0.0,0.0,0.0,0.0,0.0,0.0,0.0,0.03,0.0,0.0,0.0,0.0,0.005,0.0,0.0,0.0,0.005,0.0,0.015,0.0,0.275,0.0,0.05,0.05,0.0,0.0,0.0,0.0,0.0,0.0,0.005,0.0,0.0,0.0,0.0,0.0,0.01,0.23,0.005,0.0,0.24,0.0,0.0,0.0
36,36,,0.0,0.0,0.005,0.0,0.0,0.0,0.0,0.01,0.0,0.0,0.0,0.0,0.015,0.0,0.015,0.005,0.0,0.0,0.0,0.0,0.0,0.0,0.0,0.025,0.0,0.0,0.0,0.0,0.01,0.0,0.0,0.0,0.035,0.0,0.015,0.005,0.72,0.0,0.01,0.015,0.0,0.0,0.0,0.0,0.0,0.0,0.0,0.0,0.0,0.0,0.005,0.005,0.005,0.05,0.025,0.02,0.005,0.0,0.0,0.0
36,36,,0.0,0.0,0.0,0.0,0.0,0.0,0.015,0.005,0.005,0.0,0.0,0.0,0.0,0.0,0.05,0.005,0.0,0.0,0.0,0.015,0.0,0.0,0.005,0.03,0.0,0.005,0.0,0.005,0.005,0.0,0.0,0.0,0.025,0.0,0.01,0.0,0.49,0.0,0.005,0.0,0.0,0.0,0.0,0.0,0.0,0.005,0.0,0.0,0.0,0.0,0.02,0.0,0.025,0.015,0.025,0.045,0.185,0.0,0.0,0.005
37,37,,0.0,0.0,0.0,0.0,0.0,0.05,0.0,0.0,0.005,0.0,0.0,0.0,0.0,0.0,0.0,0.0,0.0,0.0,0.005,0.0,0.04,0.0,0.0,0.0,0.0,0.0,0.0,0.0,0.0,0.005,0.005,0.01,0.005,0.025,0.0,0.005,0.0,0.83,0.0,0.0,0.0,0.005,0.0,0.005,0.0,0.0,0.0,0.0,0.0,0.0,0.0,0.0,0.005,0.0,0.0,0.0,0.0,0.0,0.0,0.0
37,57,,0.0,0.0,0.0,0.0,0.0,0.035,0.0,0.0,0.0,0.0,0.0,0.005,0.0,0.005,0.0,0.0,0.01,0.005,0.005,0.0,0.005,0.0,0.0,0.0,0.285,0.0,0.0,0.0,0.0,0.0,0.0,0.0,0.01,0.005,0.0,0.0,0.0,0.22,0.0,0.0,0.0,0.0,0.0,0.0,0.0,0.0,0.0,0.015,0.0,0.0,0.0,0.0,0.0,0.0,0.0,0.0,0.0,0.395,0.0,0.0
37,37,,0.0,0.0,0.0,0.0,0.005,0.07,0.0,0.0,0.0,0.0,0.0,0.0,0.0,0.005,0.0,0.0,0.0,0.0,0.01,0.0,0.0,0.0,0.0,0.0,0.255,0.0,0.0,0.0,0.0,0.0,0.0,0.0,0.005,0.0,0.0,0.0,0.0,0.43,0.0,0.0,0.0,0.0,0.0,0.0,0.0,0.0,0.0,0.01,0.005,0.0,0.0,0.0,0.0,0.0,0.0,0.0,0.0,0.205,0.0,0.0
37,37,,0.0,0.0,0.0,0.0,0.0,0.095,0.0,0.0,0.01,0.0,0.005,0.0,0.0,0.0,0.0,0.0,0.0,0.03,0.035,0.01,0.1,0.0,0.0,0.0,0.02,0.005,0.0,0.015,0.0,0.0,0.065,0.0,0.005,0.025,0.0,0.005,0.0,0.525,0.0,0.0,0.0,0.015,0.005,0.0,0.005,0.0,0.0,0.0,0.0,0.0,0.01,0.0,0.0,0.0,0.0,0.0,0.005,0.01,0.0,0.0
37,37,,0.0,0.0,0.0,0.0,0.005,0.035,0.0,0.0,0.0,0.0,0.005,0.0,0.0,0.005,0.0,0.0,0.0,0.005,0.005,0.0,0.0,0.0,0.0,0.0,0.12,0.0,0.0,0.0,0.0,0.0,0.005,0.0,0.005,0.0,0.0,0.0,0.0,0.675,0.0,0.0,0.0,0.0,0.0,0.0,0.0,0.0,0.0,0.0,0.0,0.0,0.0,0.0,0.0,0.0,0.0,0.0,0.0,0.13,0.005,0.0
37,30,,0.015,0.0,0.0,0.0,0.0,0.05,0.0,0.0,0.105,0.0,0.005,0.005,0.0,0.0,0.0,0.0,0.0,0.045,0.015,0.155,0.105,0.0,0.0,0.0,0.0,0.0,0.0,0.02,0.0,0.03,0.19,0.055,0.015,0.01,0.0,0.03,0.01,0.03,0.0,0.0,0.0,0.015,0.015,0.01,0.0,0.0,0.0,0.01,0.0,0.005,0.015,0.0,0.025,0.0,0.0,0.0,0.0,0.005,0.0,0.01
37,37,,0.0,0.0,0.0,0.0,0.005,0.135,0.0,0.0,0.0,0.0,0.01,0.0,0.0,0.0,0.0,0.0,0.0,0.015,0.005,0.005,0.05,0.0,0.0,0.0,0.0,0.0,0.0,0.01,0.0,0.0,0.05,0.015,0.005,0.005,0.0,0.02,0.0,0.645,0.0,0.0,0.0,0.01,0.0,0.0,0.0,0.0,0.0,0.0,0.0,0.01,0.005,0.0,0.0,0.0,0.0,0.0,0.0,0.0,0.0,0.0
37,37,,0.0,0.0,0.0,0.0,0.005,0.075,0.0,0.0,0.0,0.0,0.0,0.0,0.0,0.005,0.0,0.0,0.0,0.0,0.0,0.0,0.01,0.0,0.0,0.0,0.075,0.0,0.0,0.0,0.0,0.0,0.005,0.0,0.0,0.0,0.0,0.0,0.0,0.72,0.0,0.0,0.0,0.0,0.0,0.0,0.0,0.0,0.0,0.015,0.0,0.0,0.005,0.0,0.0,0.0,0.0,0.0,0.0,0.085,0.0,0.0
37,37,,0.0,0.0,0.0,0.0,0.0,0.05,0.0,0.0,0.0,0.0,0.0,0.0,0.0,0.0,0.0,0.0,0.005,0.005,0.02,0.0,0.015,0.0,0.0,0.0,0.045,0.0,0.0,0.0,0.0,0.0,0.005,0.005,0.005,0.005,0.0,0.0,0.0,0.76,0.0,0.0,0.0,0.0,0.0,0.0,0.0,0.0,0.0,0.005,0.0,0.0,0.0,0.0,0.0,0.0,0.0,0.0,0.0,0.075,0.0,0.0
37,8,,0.0,0.0,0.005,0.0,0.0,0.005,0.005,0.005,0.28,0.005,0.015,0.0,0.0,0.01,0.0,0.0,0.005,0.015,0.015,0.065,0.01,0.01,0.005,0.01,0.0,0.0,0.0,0.075,0.02,0.0,0.005,0.04,0.03,0.005,0.0,0.05,0.005,0.005,0.0,0.0,0.0,0.01,0.035,0.03,0.0,0.0,0.005,0.0,0.025,0.0,0.015,0.01,0.115,0.0,0.005,0.0,0.0,0.0,0.01,0.04
38,38,,0.0,0.04,0.0,0.0,0.0,0.0,0.0,0.0,0.0,0.0,0.0,0.0,0.0,0.0,0.005,0.0,0.0,0.0,0.0,0.0,0.0,0.0,0.0,0.005,0.0,0.0,0.0,0.0,0.0,0.0,0.0,0.0,0.0,0.0,0.0,0.0,0.0,0.0,0.9,0.005,0.0,0.0,0.0,0.0,0.0,0.0,0.03,0.0,0.0,0.0,0.0,0.0,0.0,0.0,0.0,0.0,0.015,0.0,0.0,0.0
38,38,,0.0,0.08,0.01,0.005,0.0,0.0,0.0,0.0,0.0,0.0,0.0,0.0,0.0,0.0,0.02,0.005,0.0,0.0,0.0,0.0,0.0,0.0,0.0,0.005,0.0,0.0,0.0,0.0,0.0,0.0,0.0,0.0,0.0,0.0,0.0,0.0,0.01,0.0,0.365,0.005,0.0,0.0,0.0,0.0,0.0,0.01,0.36,0.0,0.0,0.0,0.0,0.005,0.0,0.0,0.085,0.0,0.035,0.0,0.0,0.0
38,38,,0.0,0.055,0.015,0.01,0.0,0.0,0.0,0.0,0.0,0.0,0.0,0.0,0.0,0.0,0.01,0.0,0.0,0.0,0.0,0.0,0.0,0.0,0.0,0.005,0.0,0.0,0.0,0.0,0.0,0.0,0.0,0.0,0.0,0.0,0.005,0.0,0.005,0.0,0.595,0.005,0.0,0.0,0.0,0.0,0.0,0.0,0.245,0.0,0.0,0.0,0.0,0.0,0.0,0.01,0.03,0.0,0.01,0.0,0.0,0.0
38,38,,0.0,0.065,0.015,0.0,0.0,0.0,0.0,0.0,0.0,0.005,0.0,0.0,0.0,0.0,0.005,0.005,0.0,0.0,0.0,0.0,0.0,0.0,0.0,0.0,0.0,0.0,0.0,0.0,0.0,0.0,0.0,0.0,0.0,0.0,0.005,0.0,0.005,0.0,0.575,0.03,0.0,0.0,0.0,0.0,0.0,0.0,0.18,0.0,0.0,0.0,0.0,0.0,0.0,0.03,0.055,0.0,0.025,0.0,0.0,0.0
38,38,,0.0,0.035,0.01,0.01,0.0,0.0,0.0,0.0,0.0,0.015,0.0,0.0,0.005,0.0,0.015,0.0,0.0,0.0,0.0,0.0,0.0,0.0,0.0,0.07,0.0,0.0,0.0,0.0,0.005,0.0,0.0,0.0,0.0,0.0,0.01,0.0,0.07,0.0,0.255,0.06,0.0,0.0,0.0,0.0,0.0,0.015,0.155,0.0,0.0,0.0,0.0,0.0,0.0,0.08,0.03,0.0,0.16,0.0,0.0,0.0
38,38,,0.0,0.075,0.0,0.0,0.0,0.0,0.0,0.0,0.0,0.0,0.0,0.0,0.0,0.0,0.005,0.0,0.0,0.0,0.0,0.0,0.0,0.0,0.0,0.005,0.0,0.0,0.0,0.0,0.0,0.0,0.0,0.0,0.0,0.0,0.0,0.0,0.005,0.0,0.85,0.0,0.0,0.0,0.0,0.0,0.0,0.0,0.05,0.0,0.0,0.0,0.0,0.0,0.0,0.005,0.0,0.0,0.005,0.0,0.0,0.0
38,38,,0.0,0.025,0.0,0.0,0.0,0.0,0.0,0.0,0.0,0.0,0.0,0.0,0.0,0.0,0.0,0.0,0.0,0.0,0.0,0.0,0.0,0.0,0.0,0.0,0.0,0.0,0.0,0.0,0.0,0.0,0.0,0.0,0.0,0.0,0.005,0.0,0.005,0.0,0.545,0.0,0.0,0.0,0.0,0.0,0.0,0.0,0.355,0.0,0.0,0.0,0.0,0.0,0.0,0.0,0.045,0.0,0.02,0.0,0.0,0.0
38,38,,0.0,0.025,0.015,0.005,0.0,0.0,0.0,0.0,0.0,0.0,0.0,0.0,0.0,0.0,0.01,0.0,0.0,0.0,0.0,0.0,0.0,0.0,0.0,0.0,0.0,0.0,0.0,0.0,0.0,0.0,0.0,0.0,0.0,0.0,0.015,0.0,0.01,0.0,0.67,0.005,0.0,0.0,0.0,0.0,0.0,0.0,0.185,0.0,0.0,0.0,0.0,0.0,0.0,0.025,0.02,0.0,0.015,0.0,0.0,0.0
38,38,,0.0,0.005,0.005,0.005,0.0,0.0,0.0,0.0,0.0,0.0,0.0,0.0,0.0,0.0,0.005,0.0,0.0,0.0,0.0,0.0,0.0,0.0,0.0,0.0,0.0,0.0,0.0,0.0,0.0,0.0,0.0,0.0,0.0,0.0,0.015,0.0,0.025,0.0,0.765,0.005,0.0,0.0,0.0,0.0,0.0,0.015,0.08,0.0,0.0,0.0,0.0,0.0,0.0,0.055,0.02,0.0,0.0,0.0,0.0,0.0
38,38,,0.0,0.085,0.01,0.01,0.0,0.0,0.0,0.0,0.0,0.0,0.0,0.0,0.0,0.0,0.0,0.0,0.0,0.0,0.0,0.0,0.0,0.0,0.0,0.0,0.0,0.0,0.0,0.0,0.005,0.0,0.0,0.0,0.0,0.0,0.005,0.0,0.01,0.0,0.605,0.005,0.0,0.0,0.0,0.0,0.0,0.0,0.225,0.0,0.0,0.0,0.0,0.0,0.0,0.01,0.03,0.0,0.0,0.0,0.0,0.0
39,39,,0.0,0.005,0.01,0.0,0.0,0.0,0.01,0.0,0.0,0.0,0.0,0.0,0.0,0.0,0.01,0.0,0.0,0.0,0.0,0.0,0.0,0.0,0.0,0.105,0.0,0.0,0.0,0.0,0.005,0.0,0.0,0.0,0.0,0.0,0.0,0.0,0.01,0.0,0.015,0.7,0.0,0.0,0.005,0.0,0.0,0.015,0.0,0.0,0.0,0.0,0.0,0.0,0.005,0.065,0.01,0.0,0.03,0.0,0.0,0.0
39,53,,0.0,0.0,0.02,0.005,0.0,0.0,0.0,0.01,0.0,0.0,0.0,0.0,0.01,0.0,0.075,0.01,0.0,0.0,0.0,0.0,0.0,0.005,0.0,0.07,0.0,0.0,0.0,0.0,0.005,0.0,0.0,0.0,0.045,0.0,0.06,0.0,0.2,0.0,0.0,0.17,0.005,0.0,0.0,0.0,0.0,0.0,0.005,0.0,0.0,0.0,0.005,0.0,0.005,0.24,0.04,0.005,0.01,0.0,0.0,0.0
39,39,,0.005,0.0,0.005,0.005,0.0,0.0,0.095,0.045,0.005,0.01,0.0,0.01,0.03,0.0,0.07,0.045,0.0,0.0,0.0,0.0,0.0,0.0,0.0,0.065,0.0,0.0,0.0,0.0,0.015,0.0,0.0,0.0,0.015,0.0,0.0,0.0,0.02,0.0,0.0,0.425,0.0,0.0,0.005,0.0,0.0,0.03,0.005,0.0,0.0,0.0,0.005,0.01,0.01,0.01,0.035,0.01,0.015,0.0,0.0,0.0
39,39,,0.0,0.005,0.025,0.015,0.0,0.0,0.005,0.005,0.0,0.025,0.0,0.005,0.0,0.0,0.15,0.0,0.0,0.0,0.0,0.0,0.0,0.0,0.0,0.115,0.0,0.0,0.0,0.0,0.01,0.0,0.0,0.0,0.005,0.0,0.005,0.0,0.08,0.0,0.01,0.215,0.0,0.0,0.0,0.0,0.0,0.035,0.035,0.0,0.0,0.0,0.0,0.0,0.0,0.1,0.07,0.0,0.085,0.0,0.0,0.0
39,39,,0.005,0.0,0.01,0.0,0.0,0.0,0.06,0.035,0.0,0.025,0.0,0.015,0.01,0.0,0.05,0.015,0.0,0.0,0.0,0.0,0.0,0.0,0.0,0.075,0.0,0.0,0.0,0.0,0.0,0.0,0.0,0.0,0.005,0.0,0.0,0.0,0.025,0.0,0.0,0.59,0.0,0.0,0.0,0.0,0.0,0.025,0.005,0.0,0.0,0.0,0.0,0.015,0.0,0.02,0.01,0.0,0.005,0.0,0.0,0.0
39,39,,0.005,0.0,0.005,0.0,0.0,0.0,0.07,0.04,0.0,0.015,0.0,0.005,0.0,0.0,0.06,0.025,0.0,0.0,0.0,0.0,0.0,0.0,0.005,0.07,0.0,0.0,0.0,0.0,0.005,0.0,0.0,0.0,0.01,0.0,0.01,0.0,0.03,0.0,0.0,0.54,0.0,0.0,0.0,0.0,0.0,0.045,0.0,0.0,0.0,0.0,0.0,0.0,0.005,0.01,0.04,0.0,0.005,0.0,0.0,0.0
39,39,,0.0,0.0,0.005,0.005,0.0,0.0,0.01,0.0,0.0,0.005,0.0,0.0,0.01,0.0,0.06,0.005,0.0,0.0,0.0,0.0,0.0,0.0,0.0,0.025,0.0,0.0,0.0,0.0,0.005,0.0,0.0,0.0,0.01,0.0,0.0,0.0,0.005,0.0,0.0,0.775,0.0,0.0,0.0,0.0,0.0,0.01,0.0,0.0,0.0,0.0,0.0,0.005,0.0,0.025,0.025,0.0,0.015,0.0,0.0,0.0
39,39,,0.005,0.0,0.01,0.0,0.0,0.0,0.015,0.0,0.0,0.005,0.0,0.0,0.0,0.0,0.03,0.005,0.0,0.0,0.0,0.0,0.0,0.0,0.0,0.025,0.0,0.0,0.0,0.0,0.005,0.0,0.0,0.0,0.0,0.0,0.0,0.0,0.005,0.0,0.0,0.85,0.0,0.0,0.0,0.0,0.0,0.01,0.005,0.0,0.0,0.0,0.0,0.0,0.005,0.01,0.01,0.0,0.005,0.0,0.0,0.0
39,39,,0.0,0.0,0.005,0.0,0.0,0.0,0.005,0.0,0.0,0.0,0.0,0.0,0.0,0.0,0.01,0.0,0.0,0.0,0.0,0.0,0.0,0.005,0.0,0.01,0.0,0.0,0.0,0.0,0.0,0.0,0.0,0.0,0.0,0.0,0.0,0.0,0.0,0.0,0.0,0.945,0.0,0.0,0.0,0.0,0.0,0.0,0.0,0.0,0.0,0.0,0.0,0.0,0.005,0.005,0.0,0.0,0.01,0.0,0.0,0.0
39,6,,0.005,0.005,0.01,0.05,0.005,0.0,0.135,0.085,0.005,0.025,0.0,0.04,0.035,0.005,0.06,0.04,0.0,0.0,0.0,0.0,0.0,0.0,0.0,0.08,0.0,0.0,0.0,0.0,0.02,0.0,0.0,0.0,0.015,0.0,0.0,0.005,0.025,0.0,0.0,0.125,0.0,0.005,0.01,0.005,0.0,0.06,0.0,0.0,0.0,0.0,0.005,0.025,0.05,0.005,0.025,0.005,0.03,0.0,0.0,0.0
40,40,,0.0,0.0,0.02,0.0,0.0,0.0,0.0,0.0,0.0,0.0,0.0,0.0,0.005,0.0,0.0,0.0,0.0,0.0,0.0,0.0,0.0,0.01,0.0,0.0,0.0,0.0,0.0,0.0,0.0,0.0,0.0,0.0,0.015,0.0,0.0,0.0,0.0,0.0,0.0,0.0,0.93,0.0,0.0,0.0,0.0,0.0,0.015,0.0,0.0,0.0,0.0,0.0,0.005,0.0,0.0,0.0,0.0,0.0,0.0,0.0
40,40,,0.0,0.0,0.005,0.0,0.0,0.0,0.0,0.0,0.005,0.0,0.015,0.005,0.005,0.01,0.0,0.015,0.005,0.005,0.005,0.0,0.0,0.035,0.005,0.005,0.0,0.0,0.01,0.0,0.01,0.01,0.0,0.015,0.015,0.005,0.0,0.005,0.01,0.0,0.0,0.0,0.705,0.0,0.0,0.02,0.005,0.0,0.015,0.0,0.0,0.0,0.025,0.0,0.0,0.0,0.0,0.005,0.0,0.0,0.015,0.01
40,40,,0.0,0.0,0.025,0.0,0.0,0.005,0.0,0.005,0.005,0.0,0.0,0.0,0.005,0.005,0.0,0.01,0.005,0.0,0.0,0.0,0.0,0.01,0.005,0.0,0.0,0.005,0.0,0.0,0.01,0.005,0.0,0.005,0.05,0.0,0.0,0.0,0.01,0.0,0.0,0.0,0.72,0.0,0.0,0.005,0.01,0.0,0.015,0.0,0.0,0.005,0.035,0.0,0.005,0.0,0.005,0.02,0.0,0.0,0.005,0.01
40,40,,0.0,0.0,0.0,0.0,0.0,0.0,0.0,0.0,0.0,0.0,0.0,0.0,0.0,0.0,0.0,0.0,0.0,0.0,0.0,0.0,0.0,0.005,0.0,0.0,0.0,0.0,0.0,0.0,0.005,0.005,0.0,0.0,0.0,0.0,0.0,0.0,0.0,0.0,0.0,0.0,0.97,0.0,0.0,0.005,0.0,0.0,0.005,0.0,0.0,0.0,0.0,0.0,0.0,0.0,0.0,0.0,0.0,0.0,0.005,0.0
40,40,,0.0,0.0,0.005,0.0,0.0,0.0,0.0,0.0,0.0,0.0,0.0,0.0,0.0,0.0,0.0,0.0,0.0,0.0,0.0,0.0,0.0,0.0,0.005,0.0,0.0,0.0,0.005,0.0,0.005,0.005,0.0,0.0,0.015,0.0,0.0,0.0,0.005,0.0,0.0,0.0,0.91,0.0,0.0,0.02,0.0,0.0,0.005,0.0,0.0,0.0,0.01,0.0,0.0,0.0,0.0,0.0,0.0,0.0,0.0,0.01
40,40,,0.0,0.0,0.0,0.0,0.0,0.0,0.0,0.0,0.0,0.0,0.0,0.0,0.0,0.005,0.0,0.0,0.015,0.005,0.0,0.0,0.0,0.0,0.0,0.0,0.0,0.0,0.0,0.0,0.005,0.0,0.0,0.0,0.005,0.005,0.0,0.0,0.0,0.0,0.0,0.0,0.925,0.0,0.005,0.01,0.0,0.0,0.01,0.0,0.0,0.0,0.005,0.0,0.0,0.0,0.0,0.005,0.0,0.0,0.0,0.0
40,40,,0.0,0.0,0.0,0.0,0.0,0.0,0.0,0.0,0.0,0.0,0.0,0.0,0.0,0.005,0.0,0.0,0.005,0.005,0.0,0.0,0.0,0.005,0.0,0.0,0.0,0.0,0.0,0.0,0.0,0.0,0.0,0.0,0.005,0.005,0.0,0.0,0.0,0.0,0.0,0.0,0.925,0.0,0.0,0.005,0.005,0.0,0.015,0.0,0.0,0.0,0.01,0.0,0.005,0.0,0.005,0.0,0.0,0.0,0.0,0.0
40,40,,0.0,0.0,0.005,0.0,0.0,0.01,0.0,0.0,0.0,0.0,0.0,0.0,0.0,0.005,0.0,0.0,0.0,0.005,0.0,0.0,0.0,0.005,0.01,0.0,0.0,0.0,0.0,0.0,0.005,0.0,0.0,0.005,0.01,0.005,0.0,0.0,0.0,0.005,0.0,0.0,0.855,0.0,0.01,0.005,0.005,0.0,0.015,0.0,0.005,0.005,0.02,0.0,0.0,0.0,0.005,0.005,0.0,0.0,0.0,0.0
40,40,,0.0,0.0,0.01,0.0,0.0,0.0,0.0,0.0,0.0,0.0,0.0,0.0,0.0,0.0,0.0,0.0,0.0,0.0,0.0,0.0,0.0,0.0,0.0,0.0,0.0,0.005,0.0,0.0,0.0,0.0,0.0,0.005,0.01,0.0,0.0,0.0,0.0,0.0,0.0,0.0,0.945,0.0,0.0,0.0,0.01,0.0,0.005,0.0,0.0,0.0,0.01,0.0,0.0,0.0,0.0,0.0,0.0,0.0,0.0,0.0
40,40,,0.0,0.0,0.0,0.0,0.0,0.0,0.0,0.0,0.0,0.0,0.005,0.0,0.0,0.0,0.0,0.0,0.005,0.0,0.0,0.0,0.0,0.01,0.0,0.0,0.0,0.0,0.0,0.0,0.0,0.0,0.0,0.0,0.01,0.005,0.0,0.0,0.0,0.0,0.0,0.0,0.955,0.0,0.0,0.0,0.0,0.0,0.01,0.0,0.0,0.0,0.0,0.0,0.0,0.0,0.0,0.0,0.0,0.0,0.0,0.0
41,41,,0.0,0.0,0.0,0.0,0.0,0.0,0.0,0.0,0.005,0.0,0.0,0.0,0.0,0.0,0.0,0.0,0.005,0.0,0.0,0.015,0.005,0.0,0.0,0.0,0.0,0.0,0.0,0.0,0.0,0.0,0.005,0.0,0.0,0.01,0.0,0.005,0.0,0.015,0.0,0.0,0.005,0.91,0.01,0.0,0.0,0.0,0.0,0.0,0.0,0.0,0.005,0.0,0.0,0.0,0.0,0.0,0.0,0.0,0.0,0.005
41,41,,0.0,0.0,0.0,0.0,0.0,0.005,0.0,0.0,0.0,0.0,0.0,0.0,0.0,0.0,0.0,0.0,0.0,0.005,0.015,0.005,0.02,0.0,0.0,0.0,0.005,0.0,0.0,0.0,0.0,0.01,0.015,0.0,0.0,0.005,0.0,0.0,0.0,0.005,0.0,0.0,0.0,0.9,0.0,0.0,0.0,0.0,0.0,0.0,0.0,0.0,0.0,0.0,0.005,0.0,0.0,0.0,0.0,0.0,0.0,0.005
41,41,,0.0,0.0,0.0,0.0,0.005,0.0,0.0,0.0,0.005,0.0,0.0,0.0,0.005,0.0,0.0,0.0,0.0,0.005,0.03,0.015,0.03,0.0,0.0,0.0,0.0,0.0,0.0,0.005,0.0,0.0,0.01,0.01,0.0,0.005,0.0,0.055,0.0,0.005,0.0,0.0,0.0,0.765,0.0,0.0,0.005,0.0,0.0,0.0,0.005,0.005,0.01,0.0,0.01,0.0,0.0,0.0,0.0,0.005,0.0,0.01
41,41,,0.0,0.0,0.0,0.005,0.005,0.01,0.0,0.0,0.005,0.0,0.0,0.0,0.0,0.0,0.0,0.0,0.01,0.0,0.025,0.005,0.045,0.0,0.0,0.0,0.005,0.0,0.0,0.0,0.0,0.005,0.02,0.01,0.0,0.015,0.0,0.045,0.0,0.01,0.0,0.0,0.0,0.75,0.0,0.0,0.0,0.0,0.0,0.005,0.0,0.005,0.015,0.0,0.0,0.0,0.0,0.0,0.0,0.0,0.0,0.005
41,29,,0.065,0.0,0.005,0.0,0.005,0.01,0.0,0.0,0.03,0.0,0.02,0.035,0.0,0.0,0.0,0.0,0.01,0.05,0.03,0.05,0.0,0.005,0.01,0.0,0.01,0.0,0.01,0.02,0.005,0.19,0.02,0.02,0.01,0.02,0.0,0.05,0.0,0.01,0.0,0.0,0.0,0.005,0.015,0.08,0.01,0.0,0.0,0.075,0.005,0.015,0.02,0.0,0.02,0.0,0.0,0.005,0.0,0.03,0.01,0.02
41,41,,0.0,0.0,0.0,0.0,0.0,0.0,0.0,0.0,0.015,0.0,0.0,0.0,0.0,0.0,0.0,0.0,0.0,0.0,0.005,0.015,0.005,0.0,0.0,0.0,0.0,0.0,0.0,0.005,0.0,0.005,0.0,0.005,0.0,0.0,0.0,0.045,0.0,0.01,0.0,0.0,0.0,0.855,0.005,0.0,0.0,0.0,0.0,0.0,0.0,0.0,0.02,0.0,0.005,0.0,0.0,0.0,0.0,0.0,0.0,0.005
41,41,,0.0,0.0,0.0,0.0,0.005,0.0,0.0,0.0,0.0,0.0,0.0,0.0,0.0,0.0,0.0,0.0,0.0,0.01,0.02,0.0,0.03,0.0,0.0,0.0,0.0,0.005,0.0,0.0,0.0,0.005,0.015,0.0,0.0,0.005,0.0,0.035,0.0,0.0,0.0,0.0,0.0,0.85,0.0,0.0,0.0,0.0,0.0,0.0,0.0,0.0,0.02,0.0,0.0,0.0,0.0,0.0,0.0,0.0,0.0,0.0
41,41,,0.0,0.0,0.0,0.0,0.0,0.0,0.0,0.0,0.015,0.0,0.0,0.0,0.005,0.0,0.0,0.0,0.005,0.005,0.01,0.01,0.005,0.005,0.0,0.0,0.0,0.0,0.0,0.0,0.0,0.0,0.0,0.01,0.0,0.0,0.0,0.07,0.0,0.015,0.0,0.0,0.0,0.805,0.0,0.0,0.0,0.0,0.0,0.0,0.005,0.0,0.025,0.0,0.0,0.0,0.0,0.0,0.0,0.0,0.0,0.01
41,41,,0.0,0.0,0.0,0.0,0.005,0.005,0.0,0.0,0.015,0.0,0.0,0.0,0.0,0.0,0.0,0.0,0.01,0.01,0.0,0.02,0.0,0.0,0.0,0.0,0.0,0.0,0.0,0.0,0.0,0.005,0.0,0.005,0.005,0.0,0.0,0.035,0.0,0.025,0.0,0.0,0.0,0.835,0.0,0.005,0.0,0.0,0.0,0.0,0.005,0.005,0.005,0.0,0.0,0.0,0.0,0.0,0.0,0.0,0.0,0.005
41,41,,0.0,0.0,0.0,0.0,0.0,0.0,0.0,0.0,0.0,0.0,0.0,0.0,0.0,0.0,0.0,0.0,0.005,0.005,0.0,0.01,0.0,0.0,0.0,0.0,0.0,0.005,0.0,0.005,0.0,0.0,0.0,0.0,0.0,0.005,0.0,0.025,0.0,0.005,0.0,0.0,0.0,0.92,0.0,0.0,0.0,0.0,0.0,0.0,0.0,0.0,0.0,0.0,0.005,0.0,0.0,0.0,0.0,0.0,0.005,0.005
42,8,,0.06,0.0,0.0,0.0,0.01,0.005,0.0,0.0,0.195,0.0,0.005,0.01,0.0,0.0,0.0,0.0,0.0,0.03,0.02,0.045,0.0,0.005,0.01,0.0,0.01,0.025,0.005,0.11,0.005,0.025,0.115,0.005,0.005,0.015,0.0,0.07,0.0,0.01,0.0,0.0,0.0,0.03,0.07,0.01,0.0,0.0,0.005,0.015,0.0,0.0,0.01,0.0,0.02,0.0,0.0,0.005,0.0,0.0,0.005,0.035
42,43,,0.035,0.0,0.005,0.0,0.0,0.01,0.0,0.0,0.045,0.0,0.11,0.005,0.0,0.0,0.0,0.0,0.0,0.04,0.005,0.025,0.0,0.0,0.005,0.0,0.0,0.025,0.015,0.1,0.025,0.045,0.03,0.015,0.01,0.005,0.0,0.045,0.0,0.005,0.0,0.0,0.0,0.0,0.06,0.115,0.01,0.0,0.0,0.005,0.07,0.0,0.0,0.0,0.03,0.0,0.0,0.0,0.0,0.0,0.015,0.09
42,8,,0.015,0.0,0.0,0.0,0.005,0.01,0.0,0.0,0.19,0.0,0.02,0.01,0.0,0.01,0.0,0.0,0.0,0.015,0.02,0.05,0.01,0.005,0.005,0.0,0.01,0.01,0.0,0.07,0.0,0.04,0.12,0.005,0.01,0.03,0.0,0.075,0.005,0.015,0.0,0.0,0.005,0.01,0.05,0.015,0.0,0.0,0.005,0.05,0.005,0.0,0.005,0.0,0.03,0.0,0.0,0.005,0.0,0.005,0.005,0.055
42,27,,0.04,0.0,0.0,0.0,0.0,0.01,0.0,0.0,0.1,0.0,0.025,0.005,0.0,0.005,0.0,0.0,0.005,0.035,0.02,0.065,0.0,0.015,0.03,0.0,0.0,0.01,0.02,0.15,0.01,0.035,0.025,0.015,0.02,0.005,0.0,0.015,0.0,0.0,0.0,0.0,0.005,0.01,0.1,0.06,0.005,0.005,0.0,0.02,0.025,0.01,0.015,0.0,0.04,0.0,0.0,0.0,0.0,0.0,0.0,0.045
42,42,,0.045,0.0,0.0,0.0,0.0,0.0,0.0,0.0,0.06,0.0,0.035,0.01,0.0,0.01,0.0,0.0,0.0,0.075,0.0,0.025,0.0,0.015,0.04,0.0,0.005,0.015,0.025,0.085,0.04,0.005,0.025,0.005,0.01,0.035,0.0,0.02,0.005,0.005,0.0,0.0,0.01,0.0,0.17,0.065,0.005,0.0,0.005,0.005,0.015,0.005,0.02,0.005,0.045,0.0,0.0,0.0,0.0,0.0,0.005,0.05
42,33,,0.005,0.0,0.0,0.0,0.055,0.015,0.0,0.0,0.01,0.0,0.005,0.01,0.0,0.075,0.0,0.0,0.045,0.09,0.02,0.025,0.01,0.0,0.0,0.0,0.0,0.01,0.005,0.04,0.0,0.005,0.065,0.025,0.005,0.12,0.0,0.085,0.005,0.005,0.0,0.0,0.0,0.005,0.075,0.06,0.0,0.0,0.0,0.07,0.005,0.0,0.025,0.0,0.0,0.0,0.0,0.0,0.0,0.02,0.0,0.005
42,10,,0.045,0.0,0.005,0.0,0.0,0.005,0.0,0.0,0.045,0.0,0.13,0.02,0.0,0.015,0.0,0.0,0.0,0.03,0.005,0.02,0.0,0.0,0.005,0.0,0.0,0.005,0.035,0.08,0.02,0.045,0.025,0.01,0.015,0.005,0.0,0.045,0.0,0.005,0.0,0.0,0.0,0.01,0.05,0.065,0.01,0.0,0.0,0.01,0.06,0.005,0.005,0.0,0.035,0.0,0.0,0.005,0.0,0.0,0.015,0.115
42,42,,0.01,0.0,0.01,0.0,0.005,0.005,0.0,0.005,0.005,0.0,0.03,0.015,0.005,0.0,0.0,0.005,0.005,0.025,0.005,0.005,0.005,0.01,0.01,0.005,0.0,0.0,0.015,0.065,0.03,0.005,0.0,0.005,0.03,0.02,0.005,0.02,0.01,0.0,0.0,0.0,0.02,0.005,0.43,0.01,0.0,0.0,0.005,0.005,0.015,0.0,0.03,0.0,0.005,0.0,0.0,0.045,0.0,0.0,0.015,0.045
42,27,,0.03,0.0,0.005,0.0,0.0,0.005,0.0,0.0,0.07,0.0,0.05,0.005,0.0,0.005,0.0,0.0,0.0,0.055,0.02,0.045,0.005,0.01,0.03,0.0,0.005,0.01,0.0,0.145,0.035,0.03,0.01,0.01,0.005,0.045,0.0,0.045,0.0,0.005,0.0,0.0,0.0,0.015,0.09,0.045,0.005,0.0,0.0,0.005,0.045,0.025,0.005,0.0,0.045,0.0,0.0,0.0,0.0,0.0,0.005,0.035
42,42,,0.005,0.0,0.005,0.0,0.04,0.02,0.0,0.0,0.11,0.0,0.0,0.0,0.0,0.0,0.0,0.0,0.005,0.06,0.06,0.09,0.08,0.0,0.0,0.0,0.005,0.015,0.005,0.015,0.0,0.02,0.06,0.015,0.01,0.05,0.0,0.07,0.005,0.01,0.0,0.0,0.0,0.065,0.115,0.005,0.0,0.0,0.005,0.02,0.0,0.005,0.02,0.0,0.005,0.0,0.0,0.0,0.0,0.0,0.005,0.0
43,59,,0.015,0.0,0.0,0.0,0.0,0.02,0.0,0.0,0.03,0.0,0.095,0.015,0.0,0.005,0.0,0.0,0.0,0.0,0.0,0.025,0.0,0.0,0.015,0.0,0.005,0.025,0.015,0.015,0.025,0.055,0.0,0.0,0.0,0.01,0.0,0.005,0.0,0.0,0.0,0.0,0.0,0.005,0.0,0.185,0.0,0.0,0.0,0.005,0.13,0.0,0.0,0.0,0.01,0.0,0.0,0.025,0.0,0.0,0.01,0.255
43,43,,0.005,0.0,0.005,0.0,0.0,0.01,0.0,0.0,0.015,0.0,0.035,0.01,0.0,0.025,0.0,0.0,0.005,0.035,0.0,0.005,0.0,0.0,0.005,0.0,0.0,0.055,0.02,0.035,0.01,0.055,0.0,0.0,0.01,0.015,0.0,0.01,0.0,0.0,0.0,0.0,0.02,0.0,0.01,0.34,0.0,0.0,0.0,0.01,0.12,0.005,0.02,0.0,0.005,0.0,0.0,0.015,0.0,0.0,0.005,0.085
43,43,,0.005,0.0,0.005,0.0,0.0,0.015,0.0,0.0,0.02,0.0,0.05,0.015,0.0,0.025,0.0,0.0,0.0,0.04,0.0,0.005,0.005,0.0,0.0,0.0,0.0,0.085,0.0,0.03,0.0,0.035,0.0,0.005,0.015,0.01,0.0,0.0,0.0,0.0,0.0,0.0,0.0,0.0,0.005,0.365,0.0,0.0,0.01,0.04,0.07,0.0,0.01,0.0,0.005,0.0,0.005,0.015,0.0,0.0,0.02,0.09
43,43,,0.01,0.0,0.0,0.0,0.0,0.02,0.0,0.0,0.015,0.0,0.02,0.005,0.0,0.005,0.0,0.0,0.005,0.005,0.005,0.02,0.005,0.0,0.005,0.0,0.005,0.07,0.005,0.09,0.0,0.05,0.005,0.01,0.01,0.0,0.0,0.03,0.01,0.01,0.0,0.0,0.005,0.005,0.015,0.465,0.015,0.0,0.0,0.03,0.01,0.01,0.0,0.0,0.015,0.0,0.0,0.0,0.0,0.0,0.0,0.015
43,43,,0.0,0.0,0.005,0.0,0.0,0.005,0.0,0.0,0.005,0.0,0.045,0.005,0.0,0.0,0.0,0.0,0.0,0.015,0.0,0.0,0.0,0.0,0.01,0.0,0.0,0.025,0.0,0.015,0.025,0.02,0.0,0.0,0.0,0.005,0.0,0.005,0.005,0.01,0.0,0.0,0.01,0.0,0.0,0.29,0.0,0.0,0.01,0.005,0.195,0.0,0.02,0.0,0.01,0.0,0.0,0.03,0.0,0.0,0.035,0.195
43,43,,0.0,0.0,0.0,0.0,0.0,0.015,0.0,0.0,0.0,0.0,0.12,0.005,0.0,0.005,0.0,0.0,0.01,0.015,0.005,0.01,0.005,0.0,0.01,0.0,0.0,0.045,0.01,0.03,0.0,0.1,0.02,0.005,0.0,0.015,0.0,0.035,0.0,0.01,0.0,0.0,0.005,0.0,0.0,0.275,0.01,0.0,0.0,0.145,0.005,0.01,0.0,0.0,0.0,0.0,0.0,0.0,0.0,0.005,0.0,0.075
43,43,,0.015,0.0,0.0,0.0,0.01,0.01,0.0,0.0,0.015,0.0,0.04,0.005,0.0,0.01,0.0,0.0,0.005,0.135,0.0,0.01,0.0,0.005,0.03,0.0,0.0,0.065,0.035,0.02,0.02,0.03,0.005,0.005,0.035,0.01,0.0,0.02,0.0,0.0,0.0,0.0,0.015,0.0,0.035,0.265,0.005,0.0,0.005,0.02,0.02,0.005,0.015,0.0,0.02,0.0,0.0,0.01,0.0,0.0,0.01,0.04
43,43,,0.0,0.0,0.0,0.0,0.0,0.035,0.0,0.0,0.02,0.0,0.085,0.005,0.0,0.0,0.0,0.0,0.0,0.03,0.04,0.025,0.015,0.0,0.01,0.0,0.0,0.065,0.015,0.07,0.0,0.095,0.07,0.01,0.005,0.0,0.0,0.035,0.0,0.01,0.0,0.0,0.0,0.0,0.005,0.205,0.01,0.0,0.0,0.055,0.0,0.005,0.005,0.0,0.0,0.0,0.0,0.0,0.0,0.03,0.0,0.045
43,43,,0.0,0.0,0.005,0.0,0.0,0.03,0.0,0.0,0.02,0.0,0.02,0.025,0.01,0.0,0.0,0.0,0.005,0.02,0.0,0.0,0.0,0.0,0.005,0.0,0.0,0.06,0.005,0.035,0.015,0.04,0.005,0.005,0.005,0.01,0.0,0.01,0.0,0.0,0.0,0.0,0.0,0.02,0.015,0.35,0.0,0.0,0.01,0.01,0.045,0.0,0.04,0.0,0.015,0.0,0.005,0.02,0.0,0.0,0.025,0.115
43,47,,0.005,0.0,0.0,0.0,0.0,0.07,0.0,0.0,0.01,0.0,0.04,0.005,0.0,0.03,0.0,0.0,0.005,0.035,0.005,0.005,0.0,0.0,0.01,0.0,0.005,0.025,0.005,0.02,0.0,0.07,0.01,0.005,0.01,0.045,0.0,0.02,0.0,0.01,0.0,0.0,0.005,0.0,0.02,0.145,0.025,0.0,0.005,0.275,0.01,0.0,0.0,0.0,0.0,0.0,0.0,0.0,0.0,0.06,0.0,0.01
44,44,,0.0,0.0,0.0,0.0,0.045,0.0,0.0,0.0,0.0,0.0,0.005,0.0,0.0,0.01,0.0,0.0,0.085,0.01,0.0,0.0,0.0,0.0,0.02,0.0,0.0,0.01,0.005,0.005,0.0,0.005,0.0,0.015,0.01,0.04,0.0,0.02,0.005,0.0,0.0,0.0,0.02,0.0,0.02,0.01,0.615,0.0,0.0,0.005,0.0,0.025,0.005,0.0,0.0,0.0,0.0,0.005,0.0,0.0,0.005,0.0
44,44,,0.0,0.0,0.0,0.005,0.015,0.005,0.0,0.0,0.0,0.0,0.005,0.0,0.0,0.01,0.0,0.0,0.025,0.01,0.01,0.005,0.0,0.005,0.01,0.0,0.0,0.01,0.035,0.0,0.0,0.015,0.0,0.005,0.0,0.01,0.0,0.02,0.0,0.0,0.0,0.0,0.01,0.0,0.01,0.01,0.725,0.0,0.0,0.01,0.0,0.025,0.005,0.0,0.0,0.0,0.0,0.0,0.0,0.0,0.0,0.005
44,44,,0.0,0.0,0.0,0.0,0.025,0.0,0.0,0.0,0.0,0.0,0.0,0.0,0.0,0.005,0.0,0.0,0.065,0.045,0.005,0.0,0.0,0.005,0.005,0.0,0.01,0.015,0.015,0.0,0.0,0.01,0.0,0.005,0.02,0.015,0.0,0.02,0.0,0.0,0.0,0.0,0.015,0.0,0.01,0.0,0.61,0.0,0.0,0.02,0.0,0.065,0.01,0.005,0.0,0.0,0.0,0.0,0.0,0.0,0.0,0.0
44,44,,0.0,0.0,0.0,0.0,0.035,0.005,0.0,0.0,0.0,0.0,0.0,0.005,0.005,0.005,0.0,0.0,0.045,0.02,0.005,0.0,0.0,0.0,0.01,0.0,0.0,0.005,0.015,0.0,0.0,0.005,0.005,0.0,0.005,0.015,0.0,0.01,0.0,0.0,0.0,0.0,0.015,0.0,0.015,0.01,0.74,0.0,0.0,0.0,0.0,0.015,0.0,0.0,0.0,0.0,0.0,0.01,0.0,0.0,0.0,0.0
44,44,,0.0,0.0,0.0,0.0,0.01,0.005,0.0,0.0,0.0,0.0,0.005,0.0,0.0,0.005,0.0,0.0,0.035,0.005,0.015,0.005,0.0,0.0,0.0,0.0,0.01,0.005,0.01,0.0,0.0,0.0,0.0,0.0,0.0,0.005,0.0,0.015,0.0,0.0,0.0,0.0,0.0,0.0,0.005,0.005,0.85,0.0,0.0,0.005,0.0,0.0,0.0,0.0,0.0,0.0,0.0,0.0,0.0,0.005,0.0,0.0
44,44,,0.0,0.0,0.0,0.0,0.005,0.0,0.0,0.0,0.0,0.0,0.0,0.0,0.0,0.005,0.0,0.0,0.025,0.005,0.005,0.0,0.0,0.0,0.01,0.0,0.005,0.0,0.0,0.005,0.0,0.0,0.0,0.0,0.0,0.015,0.0,0.01,0.0,0.0,0.0,0.0,0.0,0.0,0.005,0.0,0.885,0.0,0.0,0.01,0.0,0.005,0.0,0.0,0.005,0.0,0.0,0.0,0.0,0.0,0.0,0.0
44,44,,0.0,0.0,0.0,0.0,0.02,0.0,0.0,0.0,0.0,0.0,0.015,0.0,0.0,0.0,0.0,0.0,0.005,0.015,0.005,0.0,0.0,0.0,0.035,0.0,0.0,0.0,0.02,0.0,0.0,0.015,0.0,0.0,0.01,0.03,0.0,0.04,0.0,0.0,0.0,0.0,0.015,0.0,0.005,0.015,0.705,0.0,0.0,0.02,0.0,0.015,0.0,0.0,0.005,0.0,0.0,0.0,0.0,0.005,0.0,0.005
44,44,,0.005,0.0,0.005,0.0,0.005,0.0,0.0,0.0,0.005,0.0,0.02,0.01,0.0,0.015,0.0,0.0,0.03,0.03,0.0,0.0,0.0,0.0,0.005,0.0,0.015,0.02,0.035,0.005,0.005,0.04,0.005,0.065,0.04,0.02,0.0,0.04,0.0,0.0,0.0,0.0,0.035,0.0,0.005,0.04,0.41,0.0,0.005,0.01,0.005,0.03,0.01,0.0,0.005,0.0,0.0,0.005,0.0,0.0,0.015,0.005
44,44,,0.01,0.0,0.02,0.0,0.01,0.0,0.0,0.0,0.0,0.0,0.02,0.005,0.0,0.01,0.0,0.005,0.045,0.045,0.005,0.0,0.0,0.0,0.055,0.0,0.0,0.03,0.025,0.02,0.01,0.015,0.0,0.015,0.015,0.015,0.0,0.025,0.0,0.005,0.0,0.0,0.045,0.0,0.09,0.135,0.18,0.0,0.0,0.03,0.005,0.025,0.025,0.0,0.01,0.0,0.0,0.02,0.0,0.0,0.0,0.03
44,44,,0.0,0.0,0.0,0.0,0.0,0.01,0.0,0.0,0.0,0.0,0.015,0.005,0.005,0.0,0.0,0.01,0.025,0.01,0.0,0.0,0.0,0.0,0.01,0.005,0.0,0.005,0.015,0.0,0.0,0.01,0.0,0.0,0.005,0.02,0.0,0.005,0.0,0.005,0.0,0.0,0.045,0.0,0.015,0.015,0.715,0.0,0.0,0.0,0.0,0.015,0.005,0.005,0.005,0.0,0.0,0.005,0.0,0.0,0.005,0.01
45,14,,0.015,0.01,0.005,0.03,0.0,0.0,0.045,0.01,0.01,0.005,0.0,0.055,0.0,0.005,0.295,0.06,0.005,0.0,0.0,0.005,0.0,0.0,0.0,0.05,0.0,0.0,0.0,0.01,0.06,0.01,0.0,0.0,0.025,0.0,0.015,0.005,0.02,0.0,0.0,0.03,0.0,0.0,0.025,0.0,0.005,0.08,0.01,0.0,0.0,0.0,0.015,0.015,0.025,0.005,0.01,0.005,0.025,0.0,0.0,0.0
45,45,,0.0,0.01,0.025,0.045,0.0,0.0,0.0,0.0,0.0,0.015,0.0,0.01,0.0,0.0,0.16,0.005,0.0,0.0,0.0,0.0,0.0,0.0,0.0,0.005,0.0,0.0,0.0,0.0,0.0,0.0,0.0,0.0,0.0,0.0,0.0,0.0,0.0,0.0,0.005,0.03,0.0,0.0,0.005,0.0,0.0,0.605,0.005,0.0,0.0,0.0,0.0,0.005,0.0,0.0,0.07,0.0,0.0,0.0,0.0,0.0
45,45,,0.0,0.035,0.025,0.04,0.0,0.0,0.01,0.005,0.0,0.005,0.0,0.0,0.0,0.0,0.155,0.005,0.0,0.0,0.0,0.0,0.0,0.0,0.0,0.005,0.0,0.0,0.0,0.0,0.005,0.0,0.0,0.0,0.005,0.0,0.0,0.0,0.005,0.0,0.005,0.015,0.0,0.0,0.0,0.0,0.0,0.57,0.015,0.0,0.0,0.0,0.0,0.0,0.01,0.01,0.05,0.0,0.025,0.0,0.0,0.0
45,45,,0.0,0.02,0.015,0.09,0.0,0.0,0.0,0.0,0.0,0.025,0.0,0.0,0.0,0.0,0.09,0.01,0.0,0.0,0.0,0.0,0.0,0.0,0.0,0.0,0.0,0.0,0.0,0.0,0.005,0.0,0.0,0.0,0.0,0.0,0.005,0.0,0.005,0.0,0.0,0.0,0.0,0.0,0.0,0.0,0.0,0.65,0.015,0.0,0.0,0.0,0.0,0.0,0.005,0.0,0.04,0.0,0.025,0.0,0.0,0.0
45,45,,0.0,0.015,0.015,0.01,0.0,0.0,0.0,0.005,0.0,0.005,0.0,0.0,0.0,0.0,0.205,0.015,0.0,0.0,0.0,0.0,0.0,0.0,0.005,0.01,0.0,0.0,0.0,0.0,0.01,0.0,0.0,0.0,0.005,0.0,0.005,0.0,0.005,0.0,0.0,0.03,0.0,0.0,0.005,0.0,0.0,0.44,0.065,0.0,0.0,0.0,0.0,0.0,0.005,0.01,0.095,0.0,0.04,0.0,0.0,0.0
45,45,,0.0,0.005,0.03,0.01,0.0,0.0,0.01,0.0,0.0,0.03,0.0,0.005,0.0,0.0,0.13,0.005,0.0,0.0,0.0,0.0,0.0,0.0,0.0,0.015,0.0,0.0,0.0,0.0,0.005,0.0,0.0,0.0,0.005,0.0,0.0,0.0,0.0,0.0,0.005,0.095,0.0,0.0,0.0,0.0,0.0,0.485,0.045,0.0,0.0,0.0,0.0,0.0,0.005,0.005,0.095,0.0,0.015,0.0,0.0,0.0
45,45,,0.0,0.005,0.005,0.045,0.0,0.0,0.0,0.0,0.0,0.025,0.0,0.005,0.0,0.0,0.035,0.01,0.0,0.0,0.0,0.0,0.0,0.0,0.0,0.0,0.0,0.0,0.0,0.0,0.02,0.0,0.0,0.0,0.0,0.0,0.0,0.0,0.0,0.0,0.0,0.015,0.0,0.0,0.005,0.0,0.0,0.76,0.01,0.0,0.0,0.0,0.0,0.0,0.005,0.005,0.04,0.0,0.01,0.0,0.0,0.0
45,45,,0.0,0.005,0.03,0.03,0.0,0.0,0.0,0.0,0.0,0.02,0.0,0.005,0.0,0.0,0.245,0.0,0.0,0.0,0.0,0.0,0.0,0.0,0.0,0.0,0.0,0.0,0.0,0.0,0.01,0.0,0.0,0.0,0.0,0.0,0.0,0.0,0.0,0.0,0.0,0.025,0.0,0.0,0.0,0.0,0.0,0.445,0.035,0.0,0.0,0.0,0.0,0.0,0.0,0.005,0.14,0.0,0.005,0.0,0.0,0.0
45,45,,0.0,0.11,0.02,0.035,0.0,0.0,0.005,0.0,0.0,0.135,0.0,0.005,0.0,0.0,0.05,0.0,0.0,0.0,0.0,0.0,0.0,0.0,0.0,0.0,0.0,0.0,0.0,0.0,0.015,0.0,0.0,0.0,0.0,0.0,0.0,0.0,0.0,0.0,0.03,0.02,0.0,0.0,0.0,0.0,0.0,0.265,0.165,0.0,0.0,0.0,0.0,0.0,0.0,0.005,0.12,0.0,0.02,0.0,0.0,0.0
45,45,,0.01,0.03,0.01,0.01,0.0,0.0,0.04,0.01,0.0,0.025,0.0,0.005,0.0,0.0,0.185,0.035,0.0,0.0,0.0,0.0,0.0,0.0,0.005,0.015,0.0,0.0,0.0,0.0,0.015,0.0,0.0,0.0,0.005,0.0,0.005,0.0,0.0,0.0,0.0,0.01,0.0,0.0,0.015,0.0,0.0,0.485,0.01,0.0,0.0,0.0,0.0,0.005,0.025,0.005,0.025,0.0,0.01,0.0,0.0,0.005
46,46,,0.0,0.04,0.01,0.0,0.0,0.0,0.005,0.0,0.0,0.0,0.0,0.0,0.0,0.0,0.0,0.005,0.0,0.0,0.0,0.0,0.0,0.0,0.0,0.01,0.0,0.0,0.0,0.0,0.005,0.0,0.0,0.0,0.0,0.0,0.025,0.0,0.04,0.0,0.16,0.02,0.0,0.0,0.0,0.0,0.0,0.005,0.515,0.0,0.0,0.0,0.0,0.0,0.0,0.02,0.05,0.005,0.085,0.0,0.0,0.0
46,46,,0.0,0.035,0.005,0.03,0.0,0.0,0.0,0.005,0.0,0.0,0.0,0.005,0.0,0.0,0.02,0.005,0.0,0.0,0.0,0.0,0.0,0.0,0.005,0.015,0.0,0.0,0.0,0.0,0.02,0.0,0.0,0.0,0.005,0.0,0.015,0.0,0.015,0.0,0.19,0.005,0.0,0.0,0.0,0.0,0.0,0.01,0.42,0.005,0.0,0.0,0.0,0.0,0.0,0.02,0.125,0.0,0.045,0.0,0.0,0.0
46,38,,0.0,0.04,0.005,0.0,0.0,0.0,0.0,0.0,0.0,0.0,0.0,0.0,0.0,0.0,0.01,0.005,0.0,0.0,0.0,0.0,0.0,0.0,0.0,0.01,0.0,0.0,0.0,0.0,0.0,0.0,0.0,0.0,0.0,0.0,0.015,0.0,0.015,0.0,0.405,0.01,0.0,0.0,0.0,0.0,0.0,0.005,0.385,0.0,0.0,0.0,0.0,0.0,0.0,0.015,0.06,0.0,0.02,0.0,0.0,0.0
46,46,,0.0,0.015,0.005,0.015,0.0,0.0,0.0,0.0,0.0,0.01,0.0,0.0,0.0,0.0,0.05,0.0,0.0,0.0,0.0,0.0,0.0,0.0,0.005,0.0,0.0,0.0,0.0,0.0,0.01,0.0,0.0,0.0,0.005,0.0,0.005,0.0,0.02,0.0,0.045,0.02,0.0,0.0,0.0,0.0,0.0,0.06,0.375,0.0,0.0,0.0,0.005,0.0,0.0,0.005,0.285,0.0,0.065,0.0,0.0,0.0
46,46,,0.0,0.0,0.065,0.005,0.0,0.0,0.0,0.005,0.01,0.0,0.005,0.0,0.005,0.005,0.01,0.005,0.005,0.0,0.0,0.0,0.0,0.015,0.005,0.0,0.0,0.005,0.0,0.0,0.025,0.01,0.0,0.0,0.03,0.0,0.005,0.005,0.0,0.0,0.0,0.0,0.035,0.0,0.005,0.005,0.0,0.0,0.615,0.005,0.005,0.0,0.035,0.0,0.0,0.0,0.045,0.005,0.0,0.0,0.025,0.0
46,46,,0.0,0.055,0.025,0.015,0.0,0.0,0.0,0.0,0.0,0.0,0.0,0.0,0.0,0.0,0.015,0.0,0.0,0.0,0.0,0.0,0.0,0.0,0.0,0.0,0.0,0.0,0.0,0.0,0.005,0.0,0.0,0.0,0.0,0.0,0.01,0.0,0.01,0.0,0.305,0.0,0.0,0.0,0.0,0.0,0.0,0.005,0.485,0.0,0.0,0.0,0.0,0.0,0.0,0.025,0.02,0.0,0.025,0.0,0.0,0.0
46,46,,0.0,0.105,0.0,0.005,0.0,0.0,0.0,0.0,0.0,0.02,0.0,0.0,0.0,0.0,0.0,0.0,0.0,0.0,0.0,0.0,0.0,0.0,0.0,0.0,0.0,0.0,0.0,0.0,0.0,0.0,0.0,0.0,0.0,0.0,0.0,0.0,0.0,0.0,0.13,0.0,0.0,0.0,0.0,0.0,0.0,0.03,0.63,0.0,0.0,0.0,0.0,0.0,0.0,0.01,0.035,0.005,0.03,0.0,0.0,0.0
46,46,,0.0,0.03,0.02,0.015,0.0,0.0,0.0,0.0,0.0,0.01,0.0,0.0,0.0,0.0,0.05,0.005,0.0,0.0,0.0,0.0,0.0,0.0,0.0,0.005,0.0,0.0,0.0,0.0,0.02,0.0,0.0,0.0,0.01,0.0,0.06,0.0,0.015,0.0,0.165,0.055,0.0,0.0,0.0,0.0,0.0,0.02,0.3,0.0,0.0,0.0,0.0,0.005,0.0,0.02,0.115,0.0,0.08,0.0,0.0,0.0
46,46,,0.0,0.09,0.005,0.0,0.0,0.0,0.0,0.0,0.0,0.005,0.0,0.0,0.0,0.0,0.0,0.0,0.0,0.0,0.0,0.0,0.0,0.0,0.0,0.0,0.0,0.0,0.0,0.0,0.005,0.0,0.0,0.0,0.0,0.0,0.005,0.0,0.015,0.0,0.38,0.0,0.0,0.0,0.0,0.0,0.0,0.015,0.395,0.0,0.0,0.0,0.0,0.0,0.0,0.015,0.03,0.0,0.04,0.0,0.0,0.0
46,46,,0.0,0.17,0.02,0.005,0.0,0.0,0.0,0.0,0.0,0.055,0.0,0.0,0.0,0.0,0.045,0.0,0.0,0.0,0.0,0.0,0.0,0.0,0.0,0.0,0.0,0.0,0.0,0.0,0.01,0.0,0.0,0.0,0.0,0.0,0.01,0.0,0.005,0.0,0.05,0.0,0.0,0.0,0.0,0.0,0.0,0.12,0.395,0.0,0.0,0.0,0.0,0.0,0.0,0.0,0.105,0.0,0.01,0.0,0.0,0.0
47,47,,0.0,0.0,0.0,0.0,0.0,0.095,0.0,0.0,0.0,0.0,0.005,0.005,0.0,0.0,0.0,0.0,0.0,0.005,0.015,0.005,0.01,0.0,0.0,0.0,0.07,0.0,0.0,0.0,0.0,0.005,0.0,0.0,0.005,0.02,0.0,0.005,0.0,0.03,0.0,0.0,0.0,0.005,0.0,0.0,0.005,0.0,0.0,0.66,0.005,0.0,0.0,0.0,0.0,0.0,0.0,0.0,0.0,0.05,0.0,0.0
47,47,,0.0,0.0,0.0,0.0,0.0,0.145,0.0,0.0,0.0,0.0,0.035,0.0,0.0,0.035,0.0,0.0,0.01,0.015,0.06,0.01,0.01,0.0,0.0,0.0,0.03,0.0,0.0,0.005,0.0,0.005,0.03,0.005,0.01,0.06,0.0,0.02,0.0,0.025,0.0,0.0,0.0,0.0,0.005,0.01,0.0,0.0,0.0,0.35,0.0,0.015,0.0,0.0,0.0,0.0,0.0,0.0,0.0,0.11,0.0,0.0
47,47,,0.0,0.0,0.0,0.0,0.0,0.0,0.0,0.0,0.0,0.0,0.0,0.0,0.0,0.0,0.0,0.0,0.0,0.0,0.0,0.0,0.0,0.0,0.0,0.0,0.0,0.0,0.0,0.0,0.0,0.0,0.0,0.0,0.0,0.0,0.0,0.0,0.0,0.0,0.0,0.0,0.0,0.0,0.0,0.0,0.0,0.0,0.0,1.0,0.0,0.0,0.0,0.0,0.0,0.0,0.0,0.0,0.0,0.0,0.0,0.0
47,47,,0.035,0.0,0.0,0.0,0.015,0.01,0.0,0.0,0.0,0.0,0.01,0.02,0.0,0.015,0.0,0.0,0.01,0.01,0.005,0.015,0.005,0.005,0.015,0.005,0.0,0.01,0.005,0.025,0.01,0.025,0.005,0.005,0.015,0.01,0.01,0.005,0.0,0.0,0.0,0.0,0.0,0.005,0.02,0.065,0.01,0.0,0.0,0.495,0.015,0.01,0.015,0.01,0.005,0.0,0.0,0.015,0.0,0.005,0.0,0.03
47,47,,0.005,0.0,0.0,0.0,0.015,0.155,0.0,0.0,0.005,0.0,0.025,0.005,0.0,0.025,0.0,0.0,0.01,0.005,0.05,0.01,0.045,0.0,0.0,0.0,0.025,0.0,0.0,0.0,0.0,0.015,0.035,0.01,0.02,0.065,0.0,0.04,0.0,0.01,0.0,0.0,0.0,0.0,0.0,0.0,0.0,0.0,0.0,0.34,0.0,0.005,0.0,0.0,0.0,0.0,0.0,0.0,0.0,0.075,0.0,0.005
47,47,,0.0,0.0,0.0,0.0,0.01,0.095,0.0,0.0,0.0,0.0,0.0,0.0,0.0,0.005,0.0,0.0,0.0,0.01,0.005,0.0,0.01,0.0,0.0,0.0,0.08,0.0,0.0,0.0,0.0,0.0,0.015,0.0,0.01,0.02,0.0,0.005,0.0,0.01,0.0,0.0,0.0,0.0,0.0,0.0,0.0,0.0,0.0,0.68,0.005,0.0,0.005,0.0,0.0,0.0,0.0,0.0,0.0,0.035,0.0,0.0
47,47,,0.015,0.0,0.0,0.0,0.0,0.025,0.0,0.0,0.005,0.0,0.035,0.015,0.0,0.005,0.0,0.0,0.0,0.02,0.04,0.02,0.005,0.0,0.0,0.0,0.005,0.015,0.0,0.015,0.01,0.005,0.0,0.005,0.005,0.025,0.0,0.01,0.005,0.0,0.0,0.0,0.005,0.0,0.02,0.015,0.0,0.0,0.0,0.64,0.01,0.01,0.0,0.0,0.0,0.0,0.0,0.0,0.0,0.0,0.0,0.015
47,52,,0.07,0.0,0.005,0.0,0.005,0.015,0.0,0.005,0.035,0.0,0.04,0.005,0.005,0.015,0.0,0.01,0.015,0.005,0.005,0.07,0.01,0.0,0.035,0.005,0.005,0.01,0.01,0.09,0.03,0.0,0.01,0.005,0.015,0.02,0.0,0.055,0.005,0.0,0.005,0.0,0.0,0.005,0.035,0.025,0.0,0.005,0.01,0.065,0.02,0.025,0.015,0.0,0.1,0.0,0.005,0.03,0.005,0.0,0.0,0.04
47,47,,0.0,0.0,0.0,0.0,0.0,0.0,0.0,0.0,0.0,0.0,0.0,0.0,0.0,0.0,0.0,0.0,0.0,0.0,0.0,0.0,0.0,0.0,0.0,0.0,0.0,0.0,0.0,0.0,0.0,0.0,0.0,0.0,0.0,0.0,0.0,0.0,0.0,0.0,0.0,0.0,0.0,0.0,0.0,0.0,0.0,0.0,0.0,1.0,0.0,0.0,0.0,0.0,0.0,0.0,0.0,0.0,0.0,0.0,0.0,0.0
47,47,,0.03,0.0,0.0,0.0,0.005,0.04,0.0,0.0,0.015,0.0,0.045,0.0,0.0,0.015,0.0,0.0,0.01,0.025,0.02,0.125,0.005,0.0,0.03,0.0,0.0,0.005,0.01,0.01,0.0,0.11,0.025,0.0,0.01,0.01,0.0,0.015,0.0,0.0,0.0,0.0,0.0,0.0,0.04,0.025,0.01,0.0,0.0,0.27,0.015,0.035,0.0,0.0,0.005,0.0,0.0,0.005,0.0,0.005,0.0,0.03
48,48,,0.01,0.0,0.0,0.0,0.0,0.0,0.0,0.0,0.0,0.0,0.025,0.0,0.0,0.0,0.0,0.0,0.0,0.0,0.005,0.0,0.0,0.0,0.005,0.0,0.0,0.005,0.0,0.0,0.005,0.0,0.0,0.0,0.0,0.0,0.0,0.0,0.0,0.0,0.0,0.0,0.0,0.005,0.0,0.015,0.0,0.0,0.0,0.0,0.805,0.0,0.0,0.0,0.005,0.0,0.0,0.02,0.0,0.0,0.01,0.085
48,48,,0.005,0.0,0.0,0.0,0.0,0.015,0.0,0.0,0.0,0.0,0.04,0.0,0.0,0.005,0.0,0.0,0.0,0.01,0.0,0.0,0.0,0.0,0.02,0.0,0.0,0.015,0.005,0.02,0.055,0.005,0.0,0.0,0.005,0.0,0.0,0.005,0.0,0.0,0.0,0.0,0.005,0.0,0.005,0.055,0.0,0.0,0.01,0.0,0.545,0.0,0.01,0.0,0.005,0.0,0.0,0.025,0.0,0.0,0.01,0.125
48,48,,0.005,0.0,0.0,0.0,0.0,0.0,0.0,0.0,0.0,0.0,0.04,0.0,0.0,0.0,0.0,0.0,0.0,0.0,0.005,0.0,0.0,0.0,0.0,0.0,0.0,0.005,0.0,0.0,0.03,0.005,0.0,0.0,0.005,0.0,0.005,0.005,0.005,0.0,0.0,0.0,0.0,0.0,0.005,0.01,0.0,0.0,0.0,0.0,0.725,0.0,0.01,0.0,0.0,0.0,0.0,0.02,0.0,0.0,0.02,0.1
48,48,,0.0,0.0,0.0,0.0,0.0,0.0,0.0,0.0,0.0,0.0,0.04,0.0,0.0,0.0,0.0,0.0,0.0,0.005,0.0,0.0,0.0,0.0,0.0,0.0,0.0,0.01,0.01,0.0,0.005,0.0,0.0,0.0,0.0,0.0,0.0,0.0,0.0,0.0,0.0,0.0,0.0,0.0,0.01,0.01,0.0,0.0,0.0,0.0,0.87,0.0,0.0,0.0,0.0,0.0,0.0,0.005,0.0,0.0,0.005,0.03
48,48,,0.0,0.0,0.0,0.0,0.0,0.01,0.0,0.0,0.0,0.0,0.045,0.0,0.0,0.0,0.0,0.0,0.0,0.005,0.0,0.0,0.0,0.0,0.005,0.0,0.0,0.005,0.005,0.01,0.055,0.0,0.0,0.0,0.005,0.0,0.0,0.005,0.0,0.0,0.0,0.0,0.0,0.0,0.005,0.02,0.0,0.0,0.0,0.0,0.72,0.0,0.005,0.0,0.0,0.0,0.0,0.025,0.0,0.0,0.0,0.075
48,48,,0.0,0.0,0.0,0.0,0.0,0.005,0.0,0.0,0.005,0.0,0.06,0.005,0.0,0.005,0.0,0.0,0.0,0.005,0.0,0.005,0.01,0.0,0.0,0.0,0.0,0.025,0.005,0.0,0.0,0.03,0.015,0.01,0.005,0.0,0.0,0.01,0.0,0.0,0.0,0.0,0.0,0.0,0.01,0.065,0.0,0.0,0.005,0.005,0.605,0.005,0.005,0.005,0.0,0.0,0.0,0.01,0.0,0.0,0.0,0.085
48,48,,0.0,0.0,0.0,0.0,0.0,0.0,0.0,0.0,0.0,0.0,0.02,0.0,0.0,0.005,0.0,0.0,0.0,0.005,0.0,0.0,0.0,0.005,0.0,0.0,0.0,0.0,0.0,0.0,0.005,0.0,0.0,0.0,0.0,0.0,0.0,0.0,0.0,0.0,0.0,0.0,0.0,0.0,0.0,0.02,0.0,0.0,0.005,0.0,0.895,0.0,0.0,0.0,0.0,0.0,0.0,0.005,0.0,0.0,0.005,0.03
48,48,,0.0,0.0,0.0,0.0,0.0,0.005,0.0,0.0,0.0,0.0,0.045,0.0,0.0,0.0,0.0,0.0,0.0,0.005,0.0,0.0,0.0,0.0,0.0,0.0,0.0,0.01,0.0,0.0,0.025,0.0,0.0,0.0,0.0,0.0,0.0,0.01,0.0,0.0,0.0,0.0,0.0,0.0,0.0,0.02,0.005,0.0,0.0,0.0,0.725,0.0,0.0,0.0,0.0,0.0,0.0,0.005,0.0,0.0,0.015,0.13
48,48,,0.005,0.0,0.0,0.0,0.0,0.0,0.0,0.0,0.0,0.0,0.01,0.0,0.0,0.0,0.0,0.0,0.0,0.0,0.0,0.0,0.0,0.0,0.005,0.0,0.0,0.015,0.0,0.0,0.0,0.0,0.0,0.0,0.0,0.0,0.0,0.0,0.0,0.0,0.0,0.0,0.0,0.0,0.0,0.025,0.0,0.0,0.0,0.0,0.88,0.0,0.0,0.0,0.0,0.0,0.0,0.005,0.0,0.0,0.0,0.055
48,48,,0.0,0.0,0.0,0.0,0.0,0.0,0.0,0.0,0.005,0.0,0.06,0.0,0.0,0.0,0.0,0.0,0.0,0.005,0.0,0.01,0.0,0.0,0.0,0.0,0.0,0.0,0.0,0.0,0.01,0.0,0.0,0.0,0.0,0.005,0.0,0.01,0.005,0.0,0.0,0.0,0.0,0.0,0.0,0.025,0.0,0.0,0.0,0.005,0.69,0.0,0.005,0.0,0.005,0.0,0.0,0.0,0.0,0.0,0.02,0.14
49,49,,0.0,0.0,0.0,0.0,0.01,0.0,0.0,0.0,0.0,0.0,0.005,0.0,0.0,0.005,0.0,0.0,0.0,0.02,0.005,0.0,0.0,0.0,0.0,0.0,0.0,0.005,0.005,0.0,0.0,0.0,0.0,0.005,0.0,0.0,0.0,0.005,0.0,0.0,0.0,0.0,0.0,0.0,0.005,0.0,0.005,0.0,0.0,0.005,0.005,0.905,0.0,0.0,0.0,0.0,0.0,0.0,0.0,0.0,0.005,0.005
49,49,,0.0,0.0,0.0,0.0,0.005,0.005,0.0,0.0,0.01,0.0,0.04,0.01,0.0,0.01,0.0,0.0,0.0,0.015,0.065,0.005,0.015,0.0,0.01,0.0,0.015,0.01,0.015,0.05,0.0,0.01,0.01,0.0,0.01,0.035,0.0,0.035,0.0,0.01,0.0,0.0,0.0,0.0,0.01,0.005,0.01,0.0,0.0,0.06,0.0,0.49,0.005,0.0,0.005,0.0,0.0,0.005,0.0,0.01,0.0,0.01
49,49,,0.0,0.0,0.0,0.0,0.005,0.0,0.0,0.0,0.0,0.0,0.005,0.0,0.0,0.0,0.0,0.0,0.01,0.005,0.0,0.0,0.0,0.0,0.0,0.0,0.005,0.0,0.0,0.0,0.0,0.0,0.0,0.0,0.0,0.005,0.0,0.0,0.0,0.0,0.0,0.0,0.0,0.0,0.0,0.0,0.0,0.0,0.0,0.0,0.0,0.95,0.005,0.0,0.0,0.0,0.0,0.005,0.0,0.0,0.005,0.0
49,49,,0.0,0.0,0.0,0.0,0.02,0.015,0.0,0.0,0.005,0.0,0.015,0.0,0.0,0.005,0.0,0.0,0.005,0.025,0.01,0.0,0.0,0.0,0.015,0.0,0.005,0.0,0.04,0.005,0.005,0.01,0.0,0.0,0.0,0.01,0.0,0.025,0.0,0.0,0.0,0.0,0.01,0.0,0.0,0.005,0.01,0.0,0.0,0.0,0.0,0.725,0.01,0.0,0.0,0.0,0.0,0.01,0.0,0.0,0.01,0.005
49,49,,0.0,0.0,0.0,0.0,0.005,0.005,0.0,0.0,0.0,0.0,0.01,0.005,0.0,0.0,0.0,0.0,0.02,0.0,0.005,0.005,0.005,0.0,0.0,0.0,0.015,0.005,0.005,0.0,0.0,0.0,0.0,0.0,0.005,0.01,0.0,0.01,0.0,0.0,0.0,0.0,0.005,0.0,0.0,0.0,0.015,0.0,0.0,0.015,0.0,0.85,0.005,0.0,0.0,0.0,0.0,0.0,0.0,0.0,0.0,0.0
49,49,,0.0,0.0,0.0,0.0,0.01,0.01,0.0,0.0,0.0,0.0,0.015,0.0,0.0,0.005,0.0,0.0,0.005,0.02,0.015,0.0,0.005,0.0,0.0,0.0,0.005,0.0,0.05,0.005,0.0,0.005,0.0,0.0,0.01,0.01,0.0,0.025,0.0,0.0,0.0,0.0,0.005,0.0,0.005,0.005,0.005,0.0,0.0,0.01,0.005,0.75,0.015,0.0,0.0,0.0,0.0,0.0,0.0,0.005,0.0,0.0
49,49,,0.0,0.0,0.0,0.0,0.0,0.0,0.0,0.0,0.0,0.0,0.005,0.0,0.0,0.0,0.0,0.0,0.01,0.0,0.01,0.0,0.0,0.0,0.0,0.0,0.0,0.0,0.01,0.0,0.0,0.01,0.0,0.0,0.015,0.005,0.0,0.005,0.0,0.0,0.0,0.0,0.0,0.0,0.0,0.0,0.02,0.0,0.0,0.005,0.0,0.905,0.0,0.0,0.0,0.0,0.0,0.0,0.0,0.0,0.0,0.0
49,49,,0.0,0.0,0.0,0.0,0.0,0.0,0.0,0.0,0.0,0.0,0.0,0.0,0.0,0.0,0.0,0.0,0.005,0.01,0.0,0.0,0.0,0.0,0.0,0.0,0.0,0.01,0.005,0.0,0.0,0.0,0.0,0.0,0.0,0.015,0.0,0.005,0.0,0.0,0.0,0.0,0.0,0.0,0.0,0.0,0.005,0.0,0.0,0.0,0.0,0.94,0.0,0.0,0.0,0.0,0.0,0.0,0.0,0.005,0.0,0.0
49,49,,0.0,0.0,0.0,0.0,0.01,0.0,0.0,0.0,0.0,0.0,0.0,0.0,0.0,0.005,0.0,0.0,0.0,0.01,0.005,0.0,0.0,0.0,0.0,0.0,0.0,0.005,0.005,0.005,0.0,0.0,0.0,0.0,0.0,0.0,0.0,0.0,0.0,0.0,0.0,0.0,0.0,0.0,0.0,0.0,0.005,0.0,0.0,0.01,0.0,0.935,0.0,0.0,0.0,0.0,0.0,0.0,0.0,0.0,0.005,0.0
49,49,,0.0,0.0,0.0,0.0,0.005,0.005,0.0,0.0,0.0,0.0,0.015,0.0,0.0,0.0,0.0,0.0,0.0,0.015,0.01,0.0,0.0,0.0,0.0,0.0,0.0,0.0,0.025,0.0,0.005,0.0,0.0,0.0,0.005,0.0,0.0,0.0,0.0,0.0,0.0,0.0,0.0,0.005,0.0,0.005,0.005,0.0,0.0,0.015,0.015,0.86,0.005,0.0,0.0,0.0,0.0,0.0,0.0,0.0,0.005,0.0
50,50,,0.0,0.0,0.0,0.0,0.03,0.025,0.0,0.0,0.0,0.0,0.0,0.0,0.0,0.03,0.0,0.0,0.025,0.01,0.1,0.0,0.065,0.005,0.005,0.0,0.03,0.0,0.0,0.005,0.0,0.0,0.005,0.0,0.025,0.04,0.0,0.075,0.01,0.005,0.0,0.0,0.0,0.045,0.015,0.005,0.0,0.0,0.0,0.01,0.0,0.0,0.34,0.005,0.005,0.0,0.0,0.01,0.0,0.06,0.005,0.01
50,50,,0.0,0.0,0.01,0.0,0.01,0.005,0.0,0.0,0.01,0.0,0.005,0.0,0.01,0.025,0.0,0.005,0.01,0.01,0.0,0.005,0.0,0.045,0.01,0.005,0.0,0.03,0.005,0.015,0.005,0.0,0.0,0.0,0.07,0.005,0.0,0.015,0.02,0.0,0.0,0.0,0.025,0.0,0.015,0.025,0.005,0.0,0.015,0.0,0.01,0.005,0.46,0.0,0.005,0.0,0.0,0.08,0.005,0.0,0.005,0.015
50,54,,0.0,0.0,0.085,0.005,0.0,0.0,0.005,0.015,0.0,0.015,0.0,0.005,0.015,0.0,0.015,0.025,0.01,0.0,0.0,0.005,0.0,0.005,0.005,0.015,0.0,0.0,0.0,0.0,0.08,0.0,0.0,0.0,0.02,0.0,0.125,0.0,0.05,0.0,0.015,0.005,0.015,0.0,0.0,0.01,0.0,0.0,0.105,0.0,0.0,0.0,0.05,0.005,0.01,0.015,0.16,0.04,0.045,0.0,0.015,0.01
50,24,,0.0,0.0,0.0,0.0,0.015,0.065,0.0,0.0,0.0,0.0,0.025,0.0,0.0,0.035,0.0,0.0,0.01,0.0,0.125,0.0,0.025,0.0,0.0,0.0,0.235,0.005,0.0,0.0,0.0,0.005,0.015,0.005,0.02,0.03,0.0,0.04,0.0,0.02,0.0,0.0,0.005,0.015,0.0,0.005,0.01,0.0,0.0,0.065,0.005,0.03,0.015,0.0,0.0,0.0,0.0,0.0,0.0,0.17,0.0,0.005
50,34,,0.005,0.01,0.055,0.0,0.0,0.0,0.01,0.0,0.01,0.015,0.005,0.0,0.02,0.0,0.015,0.01,0.005,0.0,0.0,0.0,0.0,0.005,0.005,0.03,0.0,0.0,0.0,0.01,0.075,0.005,0.0,0.0,0.05,0.0,0.135,0.005,0.065,0.0,0.02,0.0,0.025,0.005,0.0,0.005,0.005,0.0,0.07,0.0,0.0,0.0,0.07,0.01,0.035,0.01,0.105,0.045,0.01,0.0,0.025,0.015
50,50,,0.0,0.0,0.0,0.0,0.02,0.075,0.0,0.0,0.015,0.0,0.005,0.005,0.0,0.06,0.0,0.0,0.01,0.01,0.02,0.0,0.015,0.0,0.005,0.0,0.015,0.05,0.005,0.01,0.0,0.005,0.005,0.01,0.035,0.005,0.0,0.075,0.03,0.0,0.0,0.0,0.01,0.025,0.025,0.05,0.005,0.0,0.0,0.01,0.005,0.01,0.305,0.01,0.01,0.0,0.0,0.005,0.0,0.015,0.01,0.02
50,50,,0.0,0.0,0.045,0.005,0.0,0.01,0.0,0.0,0.005,0.0,0.005,0.0,0.01,0.005,0.005,0.01,0.005,0.0,0.0,0.0,0.0,0.005,0.015,0.015,0.0,0.005,0.0,0.0,0.08,0.01,0.0,0.005,0.08,0.0,0.035,0.005,0.035,0.0,0.0,0.005,0.01,0.0,0.005,0.03,0.0,0.005,0.015,0.0,0.01,0.0,0.27,0.0,0.015,0.0,0.05,0.085,0.0,0.0,0.065,0.04
50,50,,0.0,0.0,0.0,0.0,0.015,0.045,0.0,0.0,0.0,0.0,0.03,0.005,0.0,0.04,0.0,0.0,0.005,0.01,0.02,0.005,0.01,0.01,0.005,0.0,0.0,0.04,0.005,0.015,0.0,0.005,0.0,0.005,0.035,0.01,0.0,0.015,0.005,0.0,0.0,0.0,0.0,0.01,0.02,0.045,0.0,0.0,0.005,0.005,0.03,0.015,0.355,0.0,0.0,0.0,0.0,0.045,0.0,0.01,0.08,0.045
50,50,,0.0,0.0,0.0,0.0,0.045,0.025,0.0,0.005,0.015,0.0,0.015,0.005,0.0,0.035,0.0,0.005,0.07,0.02,0.09,0.01,0.025,0.005,0.005,0.0,0.045,0.02,0.005,0.005,0.0,0.0,0.005,0.0,0.03,0.05,0.0,0.075,0.005,0.005,0.0,0.0,0.005,0.02,0.025,0.01,0.01,0.0,0.0,0.005,0.005,0.045,0.165,0.0,0.005,0.0,0.0,0.005,0.0,0.055,0.01,0.015
50,50,,0.0,0.0,0.0,0.0,0.015,0.02,0.0,0.0,0.015,0.0,0.02,0.0,0.0,0.035,0.0,0.0,0.01,0.05,0.015,0.0,0.015,0.005,0.0,0.0,0.01,0.09,0.005,0.005,0.02,0.035,0.005,0.02,0.035,0.0,0.0,0.015,0.01,0.0,0.0,0.0,0.025,0.01,0.025,0.12,0.025,0.0,0.005,0.01,0.035,0.005,0.195,0.0,0.01,0.0,0.0,0.025,0.0,0.0,0.01,0.05
51,51,,0.025,0.005,0.015,0.005,0.0,0.0,0.015,0.005,0.0,0.01,0.0,0.02,0.0,0.0,0.0,0.02,0.005,0.0,0.0,0.0,0.0,0.0,0.0,0.0,0.0,0.0,0.0,0.0,0.015,0.01,0.0,0.0,0.01,0.0,0.005,0.0,0.005,0.0,0.0,0.005,0.0,0.0,0.005,0.005,0.0,0.005,0.0,0.0,0.0,0.0,0.005,0.755,0.035,0.0,0.005,0.0,0.01,0.0,0.0,0.0
51,51,,0.0,0.005,0.005,0.0,0.0,0.0,0.065,0.04,0.0,0.005,0.0,0.005,0.0,0.0,0.01,0.005,0.005,0.0,0.0,0.0,0.0,0.0,0.0,0.005,0.0,0.0,0.0,0.0,0.0,0.0,0.0,0.0,0.005,0.0,0.0,0.005,0.01,0.0,0.0,0.01,0.0,0.0,0.0,0.0,0.0,0.005,0.01,0.0,0.0,0.0,0.01,0.76,0.025,0.0,0.0,0.0,0.005,0.0,0.0,0.005
51,51,,0.01,0.0,0.005,0.0,0.0,0.0,0.01,0.01,0.005,0.0,0.0,0.005,0.0,0.0,0.0,0.02,0.02,0.0,0.0,0.0,0.0,0.0,0.0,0.005,0.0,0.005,0.0,0.005,0.025,0.025,0.0,0.0,0.02,0.0,0.0,0.0,0.02,0.0,0.0,0.0,0.0,0.0,0.01,0.01,0.0,0.01,0.005,0.005,0.0,0.0,0.005,0.74,0.01,0.0,0.0,0.0,0.005,0.005,0.0,0.005
51,51,,0.01,0.005,0.005,0.0,0.0,0.0,0.015,0.0,0.01,0.005,0.0,0.01,0.0,0.0,0.0,0.03,0.01,0.0,0.0,0.005,0.0,0.0,0.0,0.0,0.005,0.0,0.0,0.005,0.025,0.0,0.0,0.0,0.01,0.0,0.005,0.0,0.01,0.0,0.0,0.0,0.0,0.0,0.005,0.005,0.0,0.01,0.0,0.005,0.0,0.0,0.005,0.785,0.015,0.0,0.0,0.0,0.005,0.0,0.0,0.0
51,51,,0.015,0.0,0.01,0.0,0.0,0.0,0.005,0.015,0.0,0.0,0.0,0.01,0.0,0.0,0.005,0.015,0.0,0.0,0.0,0.0,0.0,0.0,0.0,0.01,0.0,0.0,0.0,0.005,0.0,0.01,0.0,0.005,0.0,0.0,0.0,0.0,0.0,0.0,0.0,0.0,0.0,0.0,0.005,0.005,0.0,0.005,0.0,0.0,0.0,0.01,0.005,0.86,0.0,0.0,0.0,0.005,0.0,0.0,0.0,0.0
51,51,,0.0,0.0,0.0,0.0,0.0,0.0,0.015,0.015,0.0,0.005,0.005,0.0,0.0,0.0,0.0,0.01,0.0,0.0,0.0,0.0,0.0,0.0,0.0,0.0,0.0,0.0,0.0,0.01,0.0,0.0,0.0,0.0,0.005,0.0,0.0,0.005,0.005,0.0,0.0,0.005,0.0,0.0,0.005,0.0,0.0,0.0,0.0,0.005,0.0,0.0,0.0,0.89,0.015,0.0,0.0,0.005,0.0,0.0,0.0,0.0
51,51,,0.015,0.005,0.015,0.005,0.0,0.0,0.015,0.0,0.0,0.02,0.005,0.02,0.0,0.0,0.015,0.04,0.005,0.0,0.0,0.0,0.0,0.0,0.005,0.0,0.0,0.0,0.0,0.015,0.01,0.01,0.005,0.005,0.01,0.005,0.005,0.0,0.005,0.0,0.0,0.005,0.015,0.0,0.03,0.0,0.0,0.01,0.01,0.0,0.0,0.0,0.0,0.665,0.005,0.0,0.0,0.02,0.005,0.0,0.0,0.0
51,51,,0.005,0.0,0.0,0.0,0.0,0.0,0.015,0.015,0.0,0.0,0.0,0.015,0.0,0.0,0.01,0.03,0.01,0.0,0.0,0.0,0.0,0.0,0.0,0.005,0.0,0.005,0.0,0.01,0.005,0.02,0.0,0.0,0.025,0.0,0.005,0.0,0.005,0.0,0.0,0.0,0.005,0.0,0.005,0.01,0.0,0.0,0.0,0.005,0.0,0.0,0.0,0.775,0.015,0.0,0.0,0.0,0.0,0.005,0.0,0.0
51,51,,0.025,0.0,0.005,0.0,0.0,0.0,0.01,0.015,0.025,0.005,0.0,0.02,0.0,0.01,0.0,0.025,0.005,0.005,0.0,0.015,0.0,0.0,0.01,0.0,0.005,0.0,0.005,0.01,0.02,0.075,0.0,0.005,0.01,0.005,0.0,0.005,0.01,0.0,0.0,0.0,0.005,0.0,0.06,0.02,0.0,0.01,0.01,0.005,0.005,0.0,0.02,0.49,0.03,0.0,0.0,0.0,0.005,0.0,0.005,0.01
51,51,,0.015,0.0,0.0,0.0,0.0,0.0,0.01,0.0,0.0,0.0,0.0,0.01,0.0,0.0,0.0,0.0,0.005,0.0,0.0,0.01,0.0,0.0,0.0,0.0,0.0,0.0,0.0,0.005,0.015,0.0,0.0,0.0,0.0,0.0,0.0,0.0,0.0,0.0,0.0,0.0,0.0,0.0,0.005,0.0,0.0,0.0,0.0,0.0,0.0,0.0,0.0,0.91,0.015,0.0,0.0,0.0,0.0,0.0,0.0,0.0
52,52,,0.045,0.0,0.0,0.0,0.0,0.0,0.0,0.005,0.045,0.0,0.005,0.01,0.005,0.0,0.01,0.005,0.01,0.01,0.0,0.0,0.0,0.0,0.035,0.015,0.0,0.005,0.0,0.09,0.03,0.005,0.01,0.01,0.025,0.035,0.005,0.01,0.01,0.0,0.0,0.0,0.0,0.0,0.06,0.0,0.0,0.01,0.0,0.005,0.0,0.0,0.015,0.005,0.43,0.0,0.0,0.02,0.005,0.0,0.0,0.015
52,52,,0.015,0.0,0.0,0.005,0.0,0.0,0.0,0.0,0.085,0.0,0.005,0.0,0.0,0.01,0.0,0.0,0.02,0.0,0.0,0.04,0.0,0.01,0.0,0.0,0.005,0.0,0.0,0.04,0.005,0.005,0.01,0.01,0.025,0.005,0.005,0.015,0.01,0.0,0.0,0.0,0.0,0.0,0.01,0.005,0.0,0.0,0.0,0.01,0.0,0.0,0.01,0.005,0.61,0.0,0.0,0.0,0.0,0.0,0.01,0.015
52,39,,0.015,0.01,0.01,0.005,0.0,0.0,0.075,0.055,0.01,0.02,0.0,0.045,0.02,0.0,0.055,0.07,0.015,0.0,0.005,0.0,0.0,0.0,0.01,0.04,0.0,0.0,0.0,0.005,0.02,0.005,0.0,0.0,0.055,0.0,0.005,0.0,0.035,0.0,0.0,0.16,0.0,0.0,0.0,0.005,0.0,0.02,0.015,0.0,0.0,0.0,0.0,0.045,0.13,0.0,0.025,0.01,0.005,0.0,0.0,0.0
52,52,,0.005,0.0,0.005,0.01,0.0,0.0,0.005,0.0,0.05,0.0,0.005,0.06,0.01,0.005,0.0,0.01,0.035,0.035,0.05,0.025,0.035,0.005,0.01,0.005,0.0,0.0,0.0,0.05,0.015,0.055,0.035,0.01,0.025,0.025,0.0,0.055,0.01,0.005,0.0,0.0,0.0,0.025,0.03,0.01,0.0,0.005,0.0,0.005,0.0,0.005,0.035,0.02,0.205,0.0,0.0,0.005,0.005,0.0,0.0,0.0
52,52,,0.005,0.0,0.0,0.0,0.01,0.0,0.0,0.0,0.12,0.0,0.01,0.01,0.0,0.01,0.0,0.0,0.02,0.05,0.02,0.03,0.035,0.025,0.0,0.0,0.005,0.01,0.005,0.05,0.01,0.045,0.025,0.115,0.055,0.01,0.0,0.055,0.0,0.005,0.0,0.0,0.005,0.015,0.035,0.015,0.005,0.0,0.0,0.005,0.005,0.0,0.03,0.0,0.15,0.0,0.0,0.0,0.0,0.0,0.0,0.0
52,52,,0.11,0.005,0.01,0.02,0.02,0.0,0.01,0.0,0.035,0.0,0.0,0.125,0.005,0.0,0.02,0.005,0.0,0.0,0.0,0.01,0.0,0.0,0.005,0.03,0.0,0.0,0.0,0.025,0.05,0.03,0.005,0.015,0.02,0.0,0.005,0.01,0.025,0.0,0.0,0.005,0.0,0.005,0.12,0.005,0.0,0.01,0.005,0.01,0.0,0.0,0.01,0.015,0.185,0.0,0.005,0.005,0.015,0.0,0.0,0.01
52,52,,0.005,0.0,0.0,0.0,0.005,0.01,0.0,0.0,0.095,0.0,0.03,0.015,0.0,0.015,0.0,0.0,0.01,0.035,0.01,0.02,0.06,0.025,0.0,0.0,0.01,0.02,0.0,0.065,0.005,0.025,0.035,0.09,0.055,0.005,0.0,0.07,0.0,0.0,0.0,0.0,0.0,0.005,0.03,0.02,0.0,0.0,0.0,0.005,0.01,0.005,0.025,0.005,0.16,0.0,0.0,0.0,0.0,0.01,0.0,0.01
52,52,,0.08,0.015,0.005,0.005,0.0,0.0,0.015,0.02,0.065,0.005,0.0,0.045,0.0,0.0,0.035,0.065,0.01,0.0,0.0,0.025,0.0,0.0,0.01,0.005,0.0,0.0,0.0,0.005,0.075,0.035,0.005,0.005,0.005,0.005,0.01,0.01,0.02,0.0,0.005,0.0,0.0,0.0,0.1,0.005,0.0,0.015,0.015,0.0,0.0,0.0,0.015,0.075,0.15,0.0,0.005,0.005,0.025,0.0,0.0,0.005
52,52,,0.0,0.0,0.0,0.0,0.0,0.005,0.015,0.0,0.045,0.005,0.01,0.015,0.0,0.0,0.005,0.005,0.015,0.0,0.0,0.015,0.005,0.005,0.005,0.005,0.0,0.005,0.0,0.015,0.015,0.0,0.0,0.0,0.015,0.0,0.005,0.005,0.03,0.0,0.005,0.005,0.0,0.0,0.0,0.01,0.0,0.005,0.0,0.0,0.01,0.0,0.0,0.005,0.66,0.0,0.005,0.015,0.025,0.0,0.0,0.01
52,52,,0.0,0.0,0.0,0.0,0.0,0.005,0.0,0.0,0.115,0.0,0.04,0.0,0.0,0.0,0.0,0.0,0.0,0.02,0.0,0.14,0.0,0.0,0.005,0.0,0.0,0.0,0.005,0.03,0.005,0.005,0.015,0.0,0.01,0.0,0.0,0.025,0.005,0.0,0.0,0.0,0.005,0.01,0.03,0.01,0.0,0.005,0.0,0.005,0.005,0.0,0.0,0.0,0.47,0.0,0.0,0.0,0.0,0.0,0.005,0.03
53,53,,0.0,0.0,0.01,0.0,0.0,0.0,0.0,0.0,0.0,0.005,0.0,0.0,0.0,0.0,0.01,0.0,0.0,0.0,0.0,0.0,0.0,0.0,0.0,0.025,0.0,0.0,0.0,0.0,0.0,0.0,0.0,0.0,0.0,0.0,0.0,0.0,0.2,0.0,0.0,0.015,0.0,0.0,0.0,0.0,0.0,0.0,0.005,0.0,0.0,0.0,0.0,0.0,0.0,0.675,0.0,0.0,0.055,0.0,0.0,0.0
53,53,,0.0,0.0,0.025,0.0,0.0,0.0,0.015,0.0,0.0,0.025,0.0,0.0,0.005,0.0,0.025,0.0,0.0,0.0,0.0,0.0,0.0,0.0,0.0,0.045,0.0,0.0,0.0,0.0,0.015,0.0,0.0,0.0,0.01,0.0,0.02,0.0,0.265,0.0,0.0,0.02,0.0,0.0,0.0,0.0,0.0,0.01,0.015,0.0,0.0,0.0,0.0,0.01,0.0,0.365,0.01,0.02,0.1,0.0,0.0,0.0
53,53,,0.0,0.0,0.035,0.0,0.0,0.0,0.015,0.005,0.0,0.0,0.0,0.0,0.0,0.0,0.015,0.0,0.0,0.0,0.0,0.0,0.0,0.0,0.0,0.03,0.0,0.0,0.0,0.0,0.0,0.0,0.0,0.0,0.005,0.0,0.0,0.0,0.3,0.0,0.0,0.055,0.0,0.0,0.0,0.0,0.0,0.0,0.0,0.0,0.0,0.0,0.0,0.005,0.0,0.465,0.005,0.0,0.065,0.0,0.0,0.0
53,53,,0.0,0.0,0.035,0.0,0.0,0.0,0.01,0.015,0.0,0.0,0.0,0.005,0.005,0.0,0.015,0.005,0.0,0.0,0.0,0.0,0.0,0.0,0.0,0.115,0.0,0.0,0.0,0.0,0.0,0.0,0.0,0.0,0.02,0.0,0.02,0.0,0.06,0.0,0.0,0.28,0.0,0.0,0.0,0.0,0.0,0.005,0.0,0.0,0.0,0.0,0.0,0.0,0.0,0.365,0.035,0.0,0.01,0.0,0.0,0.0
53,53,,0.0,0.005,0.105,0.005,0.0,0.0,0.005,0.005,0.0,0.035,0.0,0.005,0.005,0.0,0.04,0.035,0.005,0.0,0.0,0.0,0.0,0.0,0.0,0.035,0.0,0.0,0.0,0.0,0.025,0.0,0.0,0.0,0.01,0.0,0.105,0.0,0.06,0.0,0.02,0.125,0.0,0.0,0.0,0.0,0.0,0.02,0.025,0.0,0.0,0.0,0.0,0.0,0.0,0.22,0.055,0.015,0.035,0.0,0.0,0.0
53,53,,0.0,0.0,0.01,0.0,0.0,0.0,0.0,0.0,0.0,0.0,0.0,0.0,0.0,0.0,0.005,0.0,0.0,0.0,0.0,0.0,0.0,0.0,0.0,0.02,0.0,0.0,0.0,0.0,0.0,0.0,0.0,0.0,0.005,0.0,0.005,0.0,0.035,0.0,0.005,0.04,0.0,0.0,0.0,0.0,0.0,0.0,0.005,0.0,0.0,0.0,0.0,0.0,0.0,0.85,0.01,0.0,0.01,0.0,0.0,0.0
53,53,,0.0,0.0,0.03,0.0,0.0,0.0,0.0,0.0,0.0,0.005,0.0,0.0,0.0,0.0,0.01,0.0,0.0,0.0,0.0,0.0,0.0,0.0,0.0,0.01,0.0,0.0,0.0,0.0,0.005,0.0,0.0,0.0,0.01,0.0,0.015,0.0,0.045,0.0,0.0,0.045,0.005,0.0,0.0,0.0,0.0,0.0,0.0,0.0,0.0,0.0,0.0,0.0,0.0,0.79,0.02,0.0,0.01,0.0,0.0,0.0
53,53,,0.0,0.005,0.02,0.0,0.0,0.0,0.005,0.0,0.0,0.005,0.0,0.0,0.0,0.0,0.01,0.005,0.0,0.0,0.0,0.0,0.0,0.0,0.0,0.025,0.0,0.0,0.0,0.0,0.01,0.0,0.0,0.0,0.005,0.0,0.01,0.0,0.25,0.0,0.01,0.03,0.005,0.0,0.0,0.0,0.0,0.0,0.01,0.0,0.0,0.0,0.0,0.005,0.005,0.395,0.02,0.01,0.16,0.0,0.0,0.0
53,53,,0.0,0.005,0.03,0.0,0.0,0.0,0.01,0.0,0.0,0.005,0.0,0.0,0.0,0.0,0.01,0.0,0.0,0.0,0.0,0.0,0.0,0.0,0.0,0.025,0.0,0.0,0.0,0.0,0.01,0.0,0.0,0.0,0.015,0.0,0.02,0.0,0.025,0.0,0.005,0.045,0.0,0.0,0.0,0.0,0.0,0.005,0.0,0.0,0.0,0.0,0.0,0.0,0.0,0.75,0.025,0.0,0.015,0.0,0.0,0.0
53,53,,0.0,0.0,0.035,0.0,0.0,0.0,0.02,0.01,0.0,0.0,0.0,0.005,0.005,0.0,0.0,0.015,0.0,0.0,0.0,0.0,0.0,0.0,0.0,0.03,0.0,0.0,0.0,0.0,0.005,0.0,0.0,0.0,0.015,0.0,0.0,0.0,0.035,0.0,0.0,0.155,0.0,0.0,0.0,0.0,0.0,0.005,0.0,0.0,0.0,0.0,0.0,0.0,0.0,0.625,0.03,0.005,0.005,0.0,0.0,0.0
54,54,,0.0,0.09,0.015,0.01,0.0,0.0,0.0,0.0,0.0,0.01,0.0,0.0,0.0,0.0,0.05,0.0,0.0,0.0,0.0,0.0,0.0,0.0,0.0,0.0,0.0,0.0,0.0,0.0,0.0,0.0,0.0,0.0,0.0,0.0,0.01,0.0,0.005,0.0,0.12,0.01,0.0,0.0,0.0,0.0,0.0,0.08,0.26,0.0,0.0,0.0,0.0,0.0,0.0,0.0,0.265,0.0,0.075,0.0,0.0,0.0
54,46,,0.0,0.07,0.005,0.0,0.0,0.0,0.0,0.005,0.0,0.005,0.0,0.0,0.0,0.0,0.03,0.0,0.0,0.0,0.0,0.0,0.0,0.005,0.005,0.0,0.0,0.0,0.0,0.0,0.01,0.0,0.0,0.0,0.0,0.0,0.01,0.0,0.01,0.0,0.075,0.005,0.0,0.0,0.0,0.0,0.0,0.005,0.465,0.0,0.0,0.0,0.0,0.0,0.0,0.0,0.225,0.0,0.07,0.0,0.0,0.0
54,54,,0.0,0.005,0.135,0.01,0.0,0.0,0.005,0.02,0.0,0.0,0.0,0.015,0.02,0.0,0.005,0.0,0.0,0.0,0.0,0.0,0.0,0.0,0.0,0.01,0.0,0.0,0.0,0.005,0.055,0.0,0.0,0.0,0.065,0.0,0.165,0.0,0.08,0.0,0.0,0.03,0.0,0.0,0.0,0.0,0.0,0.005,0.025,0.0,0.0,0.0,0.01,0.005,0.0,0.04,0.275,0.0,0.005,0.0,0.0,0.01
54,46,,0.0,0.175,0.0,0.0,0.0,0.0,0.005,0.0,0.0,0.01,0.0,0.0,0.0,0.0,0.02,0.005,0.0,0.0,0.0,0.0,0.0,0.0,0.0,0.005,0.0,0.0,0.0,0.0,0.03,0.0,0.0,0.0,0.0,0.0,0.03,0.0,0.025,0.0,0.035,0.01,0.0,0.0,0.0,0.0,0.0,0.0,0.285,0.0,0.0,0.0,0.0,0.0,0.005,0.03,0.215,0.0,0.115,0.0,0.0,0.0
54,34,,0.005,0.025,0.075,0.0,0.0,0.0,0.01,0.005,0.0,0.02,0.0,0.01,0.015,0.0,0.015,0.01,0.0,0.0,0.0,0.0,0.0,0.0,0.0,0.005,0.0,0.0,0.0,0.0,0.055,0.0,0.0,0.0,0.035,0.0,0.255,0.0,0.04,0.0,0.005,0.05,0.0,0.0,0.005,0.0,0.0,0.005,0.095,0.0,0.0,0.0,0.0,0.005,0.0,0.03,0.17,0.015,0.04,0.0,0.0,0.0
54,54,,0.0,0.015,0.045,0.0,0.0,0.0,0.015,0.01,0.0,0.01,0.0,0.0,0.0,0.0,0.015,0.01,0.0,0.0,0.0,0.0,0.0,0.0,0.0,0.01,0.0,0.0,0.0,0.0,0.065,0.0,0.0,0.0,0.01,0.0,0.15,0.0,0.025,0.0,0.005,0.015,0.0,0.0,0.0,0.0,0.0,0.01,0.105,0.0,0.0,0.0,0.0,0.0,0.005,0.04,0.395,0.0,0.045,0.0,0.0,0.0
54,46,,0.0,0.19,0.0,0.0,0.0,0.0,0.0,0.0,0.0,0.015,0.0,0.0,0.0,0.0,0.005,0.0,0.0,0.0,0.0,0.0,0.0,0.0,0.0,0.0,0.0,0.0,0.0,0.0,0.015,0.0,0.0,0.0,0.0,0.0,0.01,0.0,0.03,0.0,0.245,0.0,0.0,0.0,0.0,0.0,0.0,0.005,0.36,0.0,0.0,0.0,0.0,0.0,0.0,0.005,0.08,0.005,0.035,0.0,0.0,0.0
54,34,,0.0,0.04,0.055,0.0,0.0,0.0,0.005,0.01,0.0,0.06,0.0,0.01,0.045,0.0,0.005,0.005,0.01,0.0,0.0,0.0,0.0,0.0,0.0,0.0,0.0,0.0,0.0,0.0,0.065,0.0,0.0,0.0,0.065,0.0,0.22,0.0,0.04,0.0,0.0,0.03,0.0,0.0,0.005,0.0,0.0,0.02,0.05,0.0,0.0,0.0,0.01,0.005,0.01,0.02,0.19,0.015,0.01,0.0,0.0,0.0
54,54,,0.0,0.005,0.03,0.01,0.0,0.0,0.005,0.0,0.0,0.015,0.0,0.0,0.0,0.0,0.07,0.0,0.0,0.0,0.0,0.0,0.0,0.0,0.0,0.015,0.0,0.0,0.0,0.0,0.005,0.0,0.0,0.0,0.0,0.0,0.01,0.0,0.005,0.0,0.01,0.05,0.005,0.0,0.0,0.0,0.0,0.02,0.05,0.0,0.0,0.0,0.0,0.0,0.0,0.04,0.64,0.0,0.015,0.0,0.0,0.0
54,54,,0.0,0.0,0.19,0.0,0.0,0.0,0.0,0.02,0.0,0.0,0.0,0.005,0.05,0.0,0.005,0.01,0.0,0.0,0.0,0.0,0.0,0.01,0.0,0.005,0.0,0.0,0.0,0.005,0.045,0.0,0.0,0.0,0.08,0.0,0.1,0.0,0.05,0.0,0.0,0.01,0.03,0.0,0.0,0.0,0.0,0.005,0.025,0.0,0.0,0.0,0.005,0.0,0.0,0.025,0.31,0.005,0.0,0.0,0.005,0.005
55,55,,0.005,0.0,0.0,0.0,0.0,0.0,0.005,0.005,0.01,0.0,0.0,0.005,0.0,0.0,0.015,0.03,0.015,0.0,0.0,0.0,0.0,0.0,0.02,0.035,0.0,0.005,0.0,0.01,0.02,0.0,0.0,0.0,0.005,0.0,0.005,0.01,0.015,0.0,0.0,0.01,0.005,0.0,0.01,0.005,0.015,0.0,0.005,0.0,0.0,0.0,0.04,0.0,0.015,0.0,0.01,0.63,0.02,0.0,0.005,0.015
55,55,,0.005,0.0,0.005,0.0,0.0,0.005,0.0,0.01,0.005,0.0,0.01,0.01,0.0,0.01,0.0,0.02,0.01,0.0,0.005,0.005,0.0,0.0,0.025,0.01,0.0,0.0,0.0,0.01,0.025,0.0,0.0,0.0,0.035,0.0,0.015,0.005,0.005,0.0,0.0,0.0,0.005,0.0,0.01,0.02,0.0,0.0,0.0,0.0,0.005,0.0,0.005,0.0,0.01,0.0,0.01,0.645,0.0,0.0,0.005,0.055
55,55,,0.015,0.0,0.04,0.01,0.0,0.0,0.0,0.0,0.005,0.0,0.005,0.01,0.025,0.0,0.0,0.0,0.0,0.0,0.0,0.0,0.0,0.015,0.02,0.005,0.0,0.005,0.0,0.005,0.06,0.005,0.005,0.0,0.025,0.0,0.06,0.0,0.01,0.0,0.0,0.0,0.03,0.005,0.035,0.04,0.005,0.005,0.015,0.0,0.01,0.0,0.07,0.0,0.005,0.005,0.04,0.34,0.01,0.0,0.02,0.04
55,55,,0.005,0.0,0.005,0.0,0.0,0.005,0.0,0.0,0.0,0.0,0.03,0.0,0.0,0.0,0.0,0.0,0.0,0.025,0.005,0.005,0.0,0.05,0.005,0.0,0.0,0.015,0.055,0.02,0.095,0.005,0.0,0.0,0.015,0.0,0.015,0.0,0.015,0.0,0.0,0.0,0.01,0.0,0.015,0.03,0.015,0.0,0.01,0.0,0.065,0.0,0.065,0.0,0.015,0.0,0.01,0.27,0.0,0.0,0.055,0.07
55,50,,0.0,0.0,0.01,0.0,0.0,0.0,0.0,0.0,0.03,0.0,0.01,0.0,0.005,0.0,0.005,0.0,0.005,0.01,0.01,0.0,0.0,0.08,0.0,0.005,0.0,0.0,0.005,0.0,0.005,0.0,0.0,0.015,0.065,0.0,0.005,0.055,0.05,0.0,0.0,0.0,0.095,0.0,0.03,0.01,0.005,0.0,0.035,0.0,0.005,0.0,0.315,0.005,0.005,0.0,0.015,0.09,0.0,0.0,0.005,0.015
55,55,,0.0,0.0,0.025,0.02,0.0,0.0,0.0,0.005,0.005,0.005,0.005,0.0,0.045,0.005,0.015,0.02,0.005,0.005,0.0,0.0,0.0,0.0,0.02,0.01,0.0,0.0,0.0,0.005,0.04,0.005,0.0,0.0,0.005,0.0,0.07,0.005,0.075,0.0,0.0,0.01,0.0,0.0,0.045,0.005,0.0,0.01,0.02,0.0,0.0,0.0,0.035,0.0,0.04,0.005,0.045,0.355,0.02,0.0,0.005,0.01
55,55,,0.0,0.0,0.02,0.0,0.005,0.0,0.0,0.0,0.0,0.0,0.02,0.0,0.0,0.005,0.0,0.0,0.005,0.01,0.005,0.0,0.0,0.045,0.015,0.0,0.0,0.005,0.025,0.015,0.095,0.005,0.0,0.0,0.05,0.0,0.015,0.0,0.01,0.0,0.0,0.0,0.03,0.0,0.015,0.02,0.0,0.0,0.015,0.005,0.025,0.0,0.05,0.0,0.015,0.0,0.02,0.345,0.0,0.0,0.05,0.06
55,55,,0.005,0.0,0.005,0.0,0.01,0.0,0.0,0.0,0.005,0.005,0.005,0.0,0.0,0.0,0.0,0.025,0.005,0.0,0.0,0.0,0.0,0.005,0.02,0.015,0.005,0.0,0.0,0.0,0.02,0.005,0.0,0.0,0.015,0.0,0.005,0.0,0.01,0.0,0.0,0.0,0.005,0.0,0.025,0.005,0.0,0.005,0.01,0.0,0.005,0.0,0.0,0.0,0.01,0.0,0.005,0.71,0.0,0.0,0.0,0.055
55,55,,0.005,0.0,0.005,0.0,0.025,0.005,0.0,0.0,0.01,0.0,0.005,0.01,0.0,0.03,0.0,0.0,0.04,0.015,0.005,0.0,0.0,0.015,0.02,0.005,0.0,0.02,0.0,0.005,0.01,0.0,0.0,0.005,0.005,0.01,0.0,0.0,0.015,0.005,0.0,0.0,0.005,0.0,0.02,0.015,0.005,0.0,0.0,0.01,0.005,0.005,0.05,0.0,0.02,0.005,0.01,0.56,0.0,0.005,0.0,0.015
55,55,,0.015,0.0,0.0,0.0,0.0,0.0,0.0,0.01,0.0,0.0,0.005,0.005,0.0,0.0,0.005,0.015,0.01,0.0,0.0,0.01,0.005,0.0,0.02,0.0,0.0,0.005,0.0,0.015,0.03,0.0,0.0,0.005,0.01,0.0,0.0,0.005,0.015,0.0,0.0,0.005,0.0,0.0,0.005,0.015,0.0,0.0,0.0,0.0,0.01,0.0,0.02,0.01,0.035,0.005,0.0,0.62,0.0,0.0,0.0,0.09
56,56,,0.0,0.005,0.02,0.015,0.0,0.0,0.015,0.005,0.0,0.005,0.0,0.0,0.005,0.0,0.025,0.01,0.0,0.0,0.0,0.0,0.0,0.0,0.0,0.03,0.0,0.0,0.0,0.0,0.01,0.0,0.0,0.0,0.0,0.0,0.03,0.0,0.19,0.0,0.035,0.045,0.0,0.0,0.0,0.0,0.0,0.01,0.065,0.0,0.0,0.0,0.0,0.0,0.0,0.065,0.015,0.0,0.4,0.0,0.0,0.0
56,56,,0.0,0.065,0.015,0.095,0.0,0.0,0.005,0.0,0.0,0.015,0.0,0.0,0.005,0.0,0.105,0.005,0.0,0.0,0.0,0.0,0.0,0.005,0.005,0.02,0.0,0.0,0.0,0.005,0.035,0.0,0.0,0.0,0.005,0.0,0.01,0.0,0.015,0.0,0.005,0.0,0.0,0.0,0.01,0.0,0.005,0.07,0.055,0.0,0.0,0.0,0.0,0.0,0.0,0.005,0.05,0.0,0.39,0.0,0.0,0.0
56,56,,0.0,0.04,0.005,0.0,0.0,0.0,0.005,0.0,0.0,0.01,0.0,0.0,0.005,0.0,0.055,0.0,0.0,0.0,0.0,0.0,0.0,0.0,0.0,0.005,0.0,0.0,0.0,0.0,0.035,0.0,0.0,0.0,0.0,0.0,0.01,0.0,0.03,0.0,0.015,0.015,0.0,0.0,0.0,0.0,0.0,0.015,0.24,0.0,0.0,0.0,0.005,0.0,0.0,0.02,0.14,0.0,0.35,0.0,0.0,0.0
56,56,,0.0,0.025,0.01,0.005,0.0,0.0,0.0,0.0,0.0,0.0,0.0,0.0,0.0,0.0,0.04,0.0,0.0,0.0,0.0,0.0,0.0,0.0,0.0,0.0,0.0,0.0,0.0,0.0,0.005,0.0,0.0,0.0,0.0,0.0,0.015,0.0,0.04,0.0,0.01,0.03,0.0,0.0,0.0,0.0,0.0,0.0,0.03,0.0,0.0,0.0,0.0,0.0,0.005,0.01,0.02,0.005,0.75,0.0,0.0,0.0
56,56,,0.0,0.04,0.005,0.015,0.0,0.0,0.0,0.0,0.0,0.015,0.0,0.0,0.0,0.0,0.065,0.005,0.0,0.0,0.0,0.0,0.0,0.0,0.0,0.05,0.0,0.0,0.0,0.005,0.015,0.0,0.0,0.0,0.015,0.0,0.035,0.0,0.05,0.0,0.01,0.015,0.0,0.0,0.0,0.0,0.0,0.02,0.03,0.0,0.0,0.0,0.0,0.0,0.02,0.0,0.08,0.01,0.5,0.0,0.0,0.0
56,56,,0.0,0.015,0.015,0.0,0.0,0.0,0.015,0.005,0.0,0.0,0.0,0.0,0.0,0.0,0.025,0.005,0.0,0.0,0.0,0.0,0.0,0.0,0.0,0.02,0.0,0.0,0.0,0.0,0.0,0.0,0.0,0.0,0.0,0.0,0.025,0.0,0.08,0.0,0.01,0.01,0.0,0.0,0.0,0.0,0.0,0.005,0.025,0.0,0.0,0.0,0.0,0.0,0.0,0.025,0.02,0.005,0.695,0.0,0.0,0.0
56,56,,0.0,0.01,0.01,0.005,0.0,0.0,0.0,0.0,0.0,0.005,0.0,0.0,0.0,0.0,0.06,0.0,0.0,0.0,0.0,0.0,0.0,0.0,0.0,0.02,0.0,0.0,0.0,0.0,0.0,0.0,0.0,0.0,0.0,0.0,0.0,0.0,0.0,0.0,0.005,0.01,0.0,0.0,0.0,0.0,0.0,0.005,0.005,0.0,0.0,0.0,0.0,0.0,0.0,0.0,0.01,0.0,0.855,0.0,0.0,0.0
56,56,,0.0,0.01,0.005,0.005,0.0,0.0,0.03,0.02,0.0,0.01,0.0,0.0,0.0,0.0,0.05,0.025,0.005,0.0,0.0,0.0,0.0,0.0,0.01,0.035,0.0,0.0,0.0,0.005,0.01,0.0,0.0,0.0,0.02,0.0,0.025,0.0,0.125,0.0,0.005,0.01,0.0,0.0,0.0,0.0,0.0,0.0,0.01,0.0,0.0,0.0,0.005,0.015,0.015,0.0,0.005,0.025,0.52,0.0,0.0,0.0
56,56,,0.0,0.01,0.005,0.005,0.0,0.0,0.03,0.015,0.0,0.01,0.0,0.0,0.0,0.0,0.04,0.02,0.005,0.0,0.0,0.0,0.0,0.0,0.01,0.03,0.0,0.0,0.0,0.005,0.015,0.0,0.0,0.0,0.01,0.0,0.02,0.0,0.155,0.0,0.0,0.01,0.0,0.0,0.0,0.0,0.0,0.0,0.01,0.0,0.0,0.0,0.005,0.02,0.02,0.0,0.005,0.025,0.52,0.0,0.0,0.0
56,56,,0.0,0.005,0.01,0.015,0.0,0.0,0.01,0.0,0.0,0.01,0.0,0.0,0.0,0.0,0.045,0.01,0.0,0.0,0.0,0.0,0.0,0.0,0.0,0.06,0.0,0.0,0.0,0.0,0.005,0.0,0.0,0.0,0.0,0.0,0.0,0.0,0.09,0.0,0.015,0.02,0.0,0.0,0.0,0.0,0.0,0.035,0.025,0.0,0.0,0.0,0.0,0.0,0.01,0.025,0.02,0.0,0.59,0.0,0.0,0.0
57,57,,0.0,0.0,0.0,0.0,0.01,0.03,0.0,0.0,0.0,0.0,0.0,0.0,0.0,0.0,0.0,0.0,0.0,0.0,0.005,0.0,0.02,0.0,0.0,0.0,0.245,0.0,0.0,0.0,0.0,0.0,0.005,0.0,0.01,0.0,0.0,0.005,0.0,0.035,0.0,0.0,0.0,0.0,0.0,0.0,0.0,0.0,0.0,0.0,0.0,0.005,0.005,0.0,0.0,0.0,0.0,0.0,0.0,0.625,0.0,0.0
57,57,,0.0,0.0,0.0,0.0,0.01,0.075,0.0,0.0,0.0,0.0,0.0,0.0,0.0,0.0,0.0,0.0,0.005,0.0,0.015,0.0,0.0,0.0,0.0,0.0,0.33,0.0,0.0,0.0,0.0,0.005,0.005,0.0,0.01,0.015,0.0,0.0,0.0,0.025,0.0,0.0,0.0,0.0,0.0,0.0,0.0,0.0,0.0,0.04,0.0,0.01,0.0,0.0,0.0,0.0,0.0,0.0,0.0,0.455,0.0,0.0
57,57,,0.0,0.0,0.0,0.0,0.01,0.01,0.0,0.0,0.0,0.0,0.0,0.0,0.0,0.005,0.0,0.0,0.0,0.0,0.005,0.0,0.01,0.0,0.0,0.0,0.24,0.0,0.0,0.005,0.0,0.0,0.005,0.005,0.005,0.005,0.0,0.0,0.0,0.04,0.0,0.0,0.0,0.0,0.0,0.0,0.0,0.0,0.0,0.005,0.0,0.0,0.0,0.0,0.0,0.0,0.0,0.0,0.0,0.65,0.0,0.0
57,57,,0.0,0.0,0.0,0.0,0.02,0.115,0.0,0.0,0.005,0.0,0.01,0.0,0.0,0.015,0.0,0.0,0.005,0.015,0.06,0.015,0.075,0.0,0.0,0.0,0.025,0.005,0.0,0.005,0.0,0.005,0.08,0.005,0.0,0.07,0.0,0.065,0.005,0.055,0.0,0.0,0.0,0.045,0.005,0.0,0.005,0.0,0.0,0.025,0.0,0.005,0.005,0.0,0.0,0.0,0.0,0.0,0.0,0.25,0.0,0.005
57,57,,0.0,0.0,0.0,0.0,0.0,0.155,0.0,0.0,0.0,0.0,0.005,0.005,0.0,0.015,0.0,0.0,0.005,0.0,0.02,0.0,0.015,0.0,0.0,0.0,0.09,0.0,0.0,0.0,0.0,0.005,0.005,0.0,0.005,0.01,0.0,0.005,0.0,0.005,0.0,0.0,0.0,0.0,0.005,0.005,0.0,0.0,0.0,0.02,0.0,0.0,0.0,0.0,0.0,0.0,0.0,0.0,0.0,0.625,0.0,0.0
57,24,,0.0,0.0,0.0,0.0,0.08,0.025,0.0,0.0,0.0,0.0,0.005,0.0,0.0,0.08,0.0,0.0,0.1,0.005,0.07,0.005,0.02,0.005,0.01,0.0,0.155,0.005,0.0,0.02,0.0,0.02,0.005,0.005,0.02,0.06,0.0,0.055,0.0,0.015,0.0,0.0,0.005,0.02,0.025,0.0,0.015,0.0,0.0,0.055,0.0,0.0,0.02,0.0,0.0,0.0,0.0,0.0,0.0,0.095,0.0,0.0
57,57,,0.0,0.0,0.0,0.0,0.005,0.1,0.0,0.0,0.0,0.0,0.0,0.005,0.0,0.01,0.0,0.0,0.0,0.0,0.01,0.005,0.005,0.0,0.0,0.0,0.03,0.0,0.0,0.0,0.0,0.005,0.0,0.0,0.01,0.005,0.0,0.0,0.0,0.0,0.0,0.0,0.0,0.0,0.0,0.0,0.0,0.0,0.0,0.0,0.0,0.0,0.0,0.0,0.0,0.0,0.0,0.0,0.0,0.81,0.0,0.0
57,57,,0.005,0.0,0.0,0.0,0.02,0.03,0.0,0.0,0.0,0.0,0.0,0.0,0.0,0.0,0.0,0.0,0.01,0.005,0.045,0.0,0.0,0.0,0.0,0.0,0.255,0.0,0.0,0.0,0.0,0.0,0.005,0.005,0.01,0.005,0.0,0.005,0.005,0.02,0.0,0.0,0.0,0.0,0.005,0.0,0.005,0.0,0.0,0.005,0.0,0.0,0.005,0.0,0.0,0.0,0.0,0.0,0.0,0.555,0.0,0.0
57,57,,0.0,0.0,0.0,0.0,0.02,0.025,0.0,0.0,0.0,0.0,0.0,0.0,0.0,0.0,0.0,0.0,0.02,0.005,0.025,0.0,0.0,0.0,0.0,0.0,0.045,0.0,0.005,0.0,0.0,0.005,0.0,0.0,0.005,0.015,0.0,0.0,0.0,0.015,0.0,0.0,0.0,0.0,0.005,0.0,0.0,0.0,0.0,0.0,0.0,0.0,0.01,0.0,0.0,0.0,0.0,0.0,0.0,0.8,0.0,0.0
57,57,,0.0,0.0,0.0,0.0,0.03,0.065,0.0,0.0,0.0,0.0,0.01,0.0,0.0,0.01,0.0,0.0,0.1,0.005,0.025,0.01,0.02,0.0,0.0,0.0,0.205,0.0,0.0,0.0,0.0,0.015,0.005,0.0,0.015,0.025,0.0,0.015,0.0,0.03,0.0,0.0,0.0,0.005,0.0,0.0,0.025,0.0,0.0,0.025,0.0,0.025,0.0,0.0,0.0,0.0,0.0,0.0,0.0,0.32,0.01,0.005
58,58,,0.005,0.0,0.035,0.0,0.0,0.005,0.0,0.005,0.005,0.0,0.025,0.005,0.005,0.0,0.0,0.005,0.0,0.0,0.0,0.0,0.0,0.01,0.005,0.005,0.0,0.0,0.005,0.01,0.055,0.0,0.0,0.0,0.025,0.0,0.01,0.005,0.015,0.0,0.0,0.0,0.04,0.0,0.005,0.01,0.0,0.0,0.005,0.0,0.005,0.0,0.05,0.0,0.0,0.0,0.01,0.025,0.005,0.0,0.485,0.12
58,10,,0.025,0.0,0.0,0.005,0.005,0.005,0.0,0.0,0.005,0.0,0.275,0.01,0.0,0.005,0.0,0.005,0.005,0.0,0.005,0.005,0.0,0.0,0.015,0.0,0.0,0.0,0.04,0.015,0.015,0.02,0.0,0.015,0.0,0.005,0.0,0.035,0.005,0.0,0.0,0.0,0.0,0.005,0.01,0.01,0.01,0.0,0.0,0.035,0.11,0.005,0.01,0.0,0.01,0.0,0.0,0.02,0.0,0.0,0.045,0.21
58,58,,0.0,0.0,0.01,0.0,0.0,0.0,0.0,0.0,0.0,0.0,0.015,0.0,0.0,0.005,0.0,0.0,0.0,0.01,0.0,0.0,0.0,0.0,0.0,0.0,0.0,0.0,0.0,0.005,0.01,0.005,0.0,0.0,0.005,0.0,0.0,0.005,0.005,0.0,0.0,0.0,0.0,0.0,0.005,0.0,0.0,0.0,0.0,0.0,0.02,0.0,0.02,0.0,0.0,0.0,0.0,0.005,0.005,0.0,0.84,0.03
58,58,,0.0,0.0,0.0,0.0,0.0,0.01,0.0,0.005,0.0,0.0,0.005,0.0,0.005,0.0,0.0,0.0,0.0,0.0,0.0,0.0,0.0,0.01,0.0,0.005,0.0,0.005,0.005,0.0,0.025,0.0,0.0,0.0,0.015,0.005,0.01,0.01,0.0,0.0,0.0,0.0,0.015,0.005,0.0,0.0,0.0,0.0,0.0,0.0,0.015,0.0,0.03,0.0,0.0,0.0,0.005,0.01,0.0,0.0,0.78,0.025
58,58,,0.0,0.0,0.0,0.0,0.0,0.005,0.0,0.0,0.005,0.0,0.02,0.0,0.0,0.0,0.0,0.005,0.0,0.01,0.0,0.0,0.0,0.005,0.015,0.0,0.0,0.0,0.015,0.005,0.02,0.0,0.0,0.0,0.005,0.0,0.005,0.01,0.005,0.0,0.0,0.0,0.01,0.01,0.02,0.02,0.0,0.0,0.005,0.0,0.02,0.01,0.0,0.005,0.0,0.0,0.005,0.02,0.0,0.0,0.675,0.07
58,58,,0.005,0.0,0.0,0.0,0.0,0.0,0.0,0.0,0.0,0.0,0.005,0.0,0.0,0.005,0.0,0.0,0.0,0.0,0.0,0.0,0.0,0.0,0.0,0.0,0.0,0.0,0.0,0.0,0.015,0.0,0.0,0.0,0.01,0.01,0.0,0.015,0.0,0.0,0.0,0.0,0.005,0.005,0.005,0.005,0.0,0.0,0.0,0.0,0.01,0.0,0.01,0.0,0.0,0.0,0.005,0.005,0.0,0.0,0.875,0.01
58,58,,0.005,0.0,0.015,0.0,0.0,0.01,0.0,0.0,0.005,0.0,0.03,0.0,0.0,0.005,0.0,0.0,0.005,0.0,0.0,0.0,0.0,0.0,0.0,0.0,0.0,0.0,0.0,0.005,0.005,0.0,0.0,0.01,0.025,0.0,0.0,0.01,0.0,0.0,0.0,0.0,0.02,0.0,0.0,0.005,0.0,0.0,0.005,0.0,0.01,0.0,0.025,0.0,0.0,0.0,0.01,0.005,0.005,0.0,0.755,0.03
58,58,,0.0,0.0,0.0,0.0,0.0,0.0,0.0,0.0,0.0,0.0,0.02,0.0,0.0,0.0,0.0,0.0,0.0,0.0,0.0,0.005,0.0,0.0,0.0,0.0,0.0,0.0,0.0,0.0,0.005,0.005,0.0,0.0,0.0,0.005,0.0,0.005,0.0,0.0,0.0,0.0,0.0,0.005,0.0,0.0,0.0,0.0,0.0,0.0,0.005,0.0,0.005,0.0,0.005,0.0,0.0,0.005,0.0,0.0,0.895,0.035
58,58,,0.015,0.0,0.0,0.0,0.0,0.005,0.0,0.0,0.01,0.0,0.025,0.0,0.0,0.005,0.0,0.005,0.005,0.01,0.005,0.0,0.0,0.0,0.02,0.0,0.0,0.005,0.025,0.005,0.025,0.005,0.0,0.0,0.035,0.005,0.0,0.025,0.01,0.005,0.0,0.0,0.02,0.005,0.025,0.005,0.005,0.0,0.02,0.005,0.02,0.0,0.08,0.0,0.0,0.0,0.01,0.015,0.005,0.0,0.44,0.095
58,58,,0.0,0.0,0.0,0.0,0.0,0.0,0.005,0.0,0.0,0.0,0.04,0.0,0.0,0.005,0.0,0.0,0.005,0.0,0.0,0.005,0.0,0.005,0.0,0.0,0.0,0.0,0.01,0.01,0.04,0.0,0.005,0.0,0.0,0.0,0.005,0.015,0.0,0.0,0.0,0.0,0.0,0.0,0.0,0.015,0.0,0.0,0.005,0.0,0.025,0.005,0.03,0.005,0.005,0.0,0.0,0.005,0.0,0.0,0.67,0.085
59,59,,0.02,0.0,0.005,0.0,0.0,0.015,0.0,0.0,0.015,0.0,0.13,0.005,0.0,0.01,0.0,0.0,0.0,0.02,0.005,0.025,0.0,0.0,0.015,0.0,0.0,0.0,0.01,0.05,0.015,0.015,0.005,0.0,0.025,0.015,0.0,0.025,0.0,0.0,0.0,0.0,0.0,0.0,0.055,0.025,0.005,0.0,0.0,0.01,0.14,0.01,0.015,0.0,0.06,0.0,0.0,0.025,0.0,0.0,0.02,0.21
59,59,,0.01,0.0,0.0,0.0,0.0,0.03,0.0,0.0,0.005,0.0,0.085,0.01,0.005,0.0,0.0,0.005,0.005,0.02,0.015,0.01,0.005,0.0,0.035,0.005,0.0,0.02,0.01,0.03,0.06,0.005,0.005,0.0,0.03,0.005,0.005,0.02,0.015,0.0,0.0,0.0,0.005,0.0,0.015,0.085,0.005,0.0,0.015,0.0,0.07,0.0,0.02,0.0,0.035,0.0,0.005,0.06,0.0,0.0,0.03,0.205
59,59,,0.015,0.0,0.0,0.0,0.0,0.01,0.0,0.0,0.015,0.0,0.175,0.005,0.0,0.0,0.0,0.0,0.0,0.025,0.0,0.04,0.0,0.0,0.045,0.0,0.0,0.035,0.005,0.02,0.025,0.01,0.0,0.0,0.015,0.005,0.0,0.01,0.005,0.0,0.0,0.0,0.0,0.0,0.03,0.04,0.0,0.0,0.0,0.01,0.015,0.005,0.005,0.0,0.035,0.0,0.0,0.025,0.0,0.0,0.0,0.375
59,59,,0.01,0.0,0.0,0.0,0.0,0.0,0.0,0.0,0.0,0.0,0.09,0.0,0.0,0.0,0.0,0.005,0.005,0.015,0.0,0.005,0.0,0.0,0.015,0.0,0.0,0.005,0.0,0.02,0.045,0.0,0.0,0.005,0.005,0.005,0.0,0.005,0.0,0.0,0.0,0.0,0.01,0.0,0.015,0.05,0.0,0.0,0.005,0.0,0.035,0.0,0.005,0.0,0.015,0.0,0.0,0.04,0.0,0.0,0.01,0.58
59,59,,0.025,0.0,0.005,0.0,0.005,0.0,0.0,0.0,0.025,0.0,0.095,0.0,0.0,0.0,0.0,0.005,0.0,0.02,0.005,0.02,0.0,0.0,0.07,0.0,0.0,0.015,0.02,0.01,0.03,0.005,0.0,0.0,0.015,0.01,0.0,0.01,0.0,0.0,0.0,0.0,0.0,0.0,0.03,0.02,0.005,0.0,0.0,0.0,0.065,0.0,0.025,0.0,0.06,0.0,0.005,0.04,0.0,0.0,0.03,0.33
59,59,,0.0,0.0,0.0,0.0,0.0,0.0,0.0,0.0,0.0,0.0,0.065,0.005,0.0,0.0,0.0,0.0,0.0,0.02,0.0,0.01,0.0,0.005,0.025,0.0,0.0,0.0,0.01,0.015,0.035,0.01,0.0,0.0,0.015,0.005,0.01,0.005,0.01,0.0,0.0,0.0,0.0,0.0,0.01,0.03,0.0,0.0,0.005,0.0,0.01,0.0,0.005,0.0,0.02,0.0,0.0,0.075,0.0,0.0,0.01,0.59
59,59,,0.005,0.0,0.01,0.0,0.0,0.005,0.0,0.0,0.015,0.0,0.1,0.005,0.0,0.0,0.0,0.01,0.0,0.015,0.0,0.04,0.0,0.0,0.03,0.0,0.0,0.015,0.01,0.035,0.03,0.015,0.0,0.005,0.005,0.01,0.0,0.015,0.005,0.0,0.0,0.0,0.0,0.0,0.01,0.065,0.0,0.0,0.0,0.005,0.05,0.0,0.01,0.0,0.06,0.0,0.005,0.065,0.0,0.0,0.0,0.35
59,59,,0.0,0.0,0.005,0.0,0.0,0.0,0.0,0.005,0.0,0.0,0.055,0.005,0.0,0.0,0.0,0.005,0.0,0.005,0.0,0.0,0.0,0.0,0.005,0.0,0.0,0.005,0.015,0.0,0.025,0.005,0.0,0.0,0.005,0.0,0.0,0.005,0.0,0.0,0.0,0.0,0.0,0.005,0.0,0.015,0.0,0.0,0.0,0.0,0.185,0.0,0.01,0.0,0.005,0.0,0.0,0.02,0.0,0.0,0.165,0.45
59,59,,0.005,0.0,0.0,0.0,0.0,0.045,0.0,0.0,0.03,0.0,0.035,0.01,0.0,0.0,0.0,0.0,0.0,0.04,0.015,0.01,0.01,0.0,0.0,0.0,0.0,0.03,0.0,0.01,0.0,0.01,0.015,0.0,0.0,0.015,0.0,0.07,0.0,0.02,0.0,0.0,0.0,0.03,0.015,0.075,0.005,0.0,0.005,0.02,0.02,0.0,0.005,0.0,0.005,0.0,0.0,0.015,0.0,0.005,0.0,0.43
59,59,,0.0,0.0,0.0,0.0,0.005,0.0,0.0,0.0,0.01,0.0,0.175,0.005,0.0,0.005,0.0,0.0,0.0,0.01,0.0,0.005,0.0,0.0,0.015,0.0,0.0,0.01,0.015,0.01,0.005,0.02,0.01,0.005,0.0,0.0,0.0,0.0,0.0,0.0,0.0,0.0,0.0,0.0,0.005,0.105,0.0,0.0,0.0,0.01,0.215,0.005,0.01,0.0,0.01,0.0,0.0,0.01,0.0,0.0,0.005,0.32
