BME,rstc,TEST,0,MILLISECONDS,Generated by run_classification_experiment on 08/18/2024, 17:32:06. Encoder dictionary: {'1': 0, '2': 1, '3': 2}
{'batch_size': 100, 'contract_max_n_shapelet_samples': inf, 'estimator': None, 'max_shapelet_length': None, 'max_shapelets': None, 'n_jobs': 1, 'n_shapelet_samples': 20000, 'random_state': 0, 'shapelet_quality': 'F_STAT', 'time_limit_in_minutes': 0, 'transform_limit_in_minutes': 0}
0.9266666666666666,16834,830,-1,23056384,3,N/A,-1,-1
0,0,,0.99,0.005,0.005
0,2,,0.295,0.22,0.485
0,0,,0.69,0.29,0.02
0,0,,0.945,0.04,0.015
0,0,,1.0,0.0,0.0
0,0,,0.995,0.0,0.005
0,0,,0.775,0.18,0.045
0,0,,0.74,0.24,0.02
0,0,,0.975,0.01,0.015
0,0,,0.99,0.0,0.01
0,0,,0.995,0.005,0.0
0,0,,0.98,0.0,0.02
0,0,,0.915,0.035,0.05
0,0,,0.98,0.01,0.01
0,0,,0.84,0.005,0.155
0,0,,0.965,0.025,0.01
0,0,,0.98,0.015,0.005
0,0,,0.965,0.035,0.0
0,1,,0.45,0.485,0.065
0,0,,0.975,0.015,0.01
0,0,,0.95,0.045,0.005
0,0,,0.995,0.0,0.005
0,0,,0.985,0.01,0.005
0,0,,0.975,0.025,0.0
0,0,,0.65,0.315,0.035
0,0,,0.985,0.005,0.01
0,0,,0.815,0.175,0.01
0,0,,0.725,0.235,0.04
0,1,,0.26,0.59,0.15
0,0,,0.535,0.355,0.11
0,0,,0.59,0.355,0.055
0,0,,1.0,0.0,0.0
0,0,,0.99,0.0,0.01
0,0,,0.905,0.095,0.0
0,0,,0.875,0.125,0.0
0,0,,0.87,0.085,0.045
0,0,,0.74,0.23,0.03
0,0,,0.9,0.095,0.005
0,0,,0.985,0.01,0.005
0,0,,0.925,0.075,0.0
0,0,,0.985,0.005,0.01
0,0,,0.995,0.0,0.005
0,0,,0.75,0.225,0.025
0,0,,0.97,0.02,0.01
0,0,,0.895,0.09,0.015
0,0,,0.91,0.085,0.005
0,0,,1.0,0.0,0.0
0,0,,0.995,0.0,0.005
0,0,,0.99,0.01,0.0
0,0,,0.99,0.01,0.0
1,1,,0.05,0.875,0.075
1,1,,0.0,0.77,0.23
1,1,,0.005,0.905,0.09
1,1,,0.0,0.955,0.045
1,1,,0.005,0.95,0.045
1,1,,0.015,0.94,0.045
1,1,,0.0,0.935,0.065
1,1,,0.005,0.95,0.045
1,1,,0.0,0.99,0.01
1,1,,0.0,0.945,0.055
1,1,,0.005,0.905,0.09
1,1,,0.01,0.96,0.03
1,1,,0.0,0.965,0.035
1,1,,0.015,0.98,0.005
1,1,,0.0,0.955,0.045
1,1,,0.0,1.0,0.0
1,1,,0.0,1.0,0.0
1,1,,0.005,0.99,0.005
1,1,,0.005,0.94,0.055
1,1,,0.01,0.88,0.11
1,1,,0.0,1.0,0.0
1,1,,0.005,0.91,0.085
1,1,,0.01,0.555,0.435
1,1,,0.005,0.855,0.14
1,1,,0.0,0.955,0.045
1,1,,0.005,0.93,0.065
1,1,,0.0,0.965,0.035
1,1,,0.015,0.885,0.1
1,1,,0.02,0.9,0.08
1,1,,0.005,0.965,0.03
1,1,,0.0,0.965,0.035
1,1,,0.0,0.94,0.06
1,1,,0.0,0.97,0.03
1,1,,0.01,0.495,0.495
1,1,,0.03,0.87,0.1
1,1,,0.015,0.915,0.07
1,1,,0.015,0.785,0.2
1,1,,0.0,0.965,0.035
1,1,,0.0,0.95,0.05
1,1,,0.015,0.985,0.0
1,1,,0.055,0.675,0.27
1,1,,0.005,0.95,0.045
1,1,,0.0,0.885,0.115
1,1,,0.01,0.89,0.1
1,1,,0.03,0.705,0.265
1,1,,0.035,0.895,0.07
1,1,,0.01,0.9,0.09
1,1,,0.005,0.995,0.0
1,1,,0.02,0.91,0.07
1,1,,0.0,0.96,0.04
2,2,,0.02,0.275,0.705
2,1,,0.01,0.555,0.435
2,2,,0.02,0.485,0.495
2,2,,0.005,0.02,0.975
2,2,,0.0,0.05,0.95
2,1,,0.125,0.65,0.225
2,2,,0.005,0.035,0.96
2,2,,0.005,0.29,0.705
2,2,,0.0,0.0,1.0
2,2,,0.05,0.03,0.92
2,2,,0.005,0.05,0.945
2,2,,0.01,0.11,0.88
2,2,,0.02,0.075,0.905
2,2,,0.0,0.005,0.995
2,2,,0.005,0.135,0.86
2,2,,0.005,0.045,0.95
2,2,,0.025,0.2,0.775
2,2,,0.075,0.06,0.865
2,2,,0.0,0.005,0.995
2,2,,0.0,0.0,1.0
2,2,,0.0,0.11,0.89
2,2,,0.005,0.005,0.99
2,1,,0.035,0.92,0.045
2,2,,0.0,0.005,0.995
2,2,,0.005,0.02,0.975
2,2,,0.015,0.15,0.835
2,2,,0.14,0.03,0.83
2,2,,0.03,0.04,0.93
2,2,,0.005,0.125,0.87
2,2,,0.04,0.025,0.935
2,0,,0.66,0.19,0.15
2,1,,0.055,0.54,0.405
2,2,,0.04,0.475,0.485
2,1,,0.035,0.79,0.175
2,2,,0.0,0.02,0.98
2,2,,0.0,0.255,0.745
2,2,,0.075,0.055,0.87
2,2,,0.01,0.265,0.725
2,2,,0.005,0.02,0.975
2,2,,0.015,0.045,0.94
2,2,,0.065,0.025,0.91
2,2,,0.04,0.07,0.89
2,2,,0.065,0.06,0.875
2,2,,0.19,0.035,0.775
2,1,,0.135,0.65,0.215
2,1,,0.005,0.765,0.23
2,2,,0.1,0.025,0.875
2,2,,0.12,0.13,0.75
2,2,,0.0,0.02,0.98
2,2,,0.005,0.02,0.975
