InlineSkate,rstc,TEST,1,MILLISECONDS,Generated by run_classification_experiment on 07/26/2024, 01:55:01. Encoder dictionary: {'1': 0, '2': 1, '3': 2, '4': 3, '5': 4, '6': 5, '7': 6}
{'batch_size': 100, 'contract_max_n_shapelet_samples': inf, 'estimator': None, 'max_shapelet_length': None, 'max_shapelets': None, 'n_jobs': 1, 'n_shapelet_samples': 10000, 'random_state': 1, 'shapelet_quality': 'Kruskal_Wallis', 'time_limit_in_minutes': 0, 'transform_limit_in_minutes': 0}
0.46,997506,50990,-1,55238656,7,N/A,-1,-1
0,3,,0.09,0.225,0.225,0.37,0.075,0.01,0.005
0,3,,0.12,0.205,0.245,0.275,0.085,0.06,0.01
0,1,,0.22,0.32,0.2,0.185,0.04,0.01,0.025
0,1,,0.2,0.25,0.25,0.14,0.095,0.055,0.01
0,0,,0.44,0.355,0.11,0.025,0.035,0.03,0.005
0,0,,0.585,0.275,0.085,0.01,0.03,0.01,0.005
0,0,,0.385,0.32,0.165,0.035,0.04,0.035,0.02
0,1,,0.265,0.31,0.15,0.215,0.03,0.02,0.01
0,0,,0.28,0.215,0.22,0.125,0.09,0.05,0.02
0,3,,0.095,0.225,0.195,0.255,0.125,0.085,0.02
0,1,,0.4,0.445,0.095,0.02,0.02,0.01,0.01
0,0,,0.615,0.205,0.105,0.035,0.02,0.015,0.005
0,2,,0.15,0.25,0.255,0.22,0.09,0.02,0.015
0,3,,0.09,0.225,0.225,0.37,0.075,0.01,0.005
0,3,,0.195,0.155,0.21,0.255,0.115,0.045,0.025
0,1,,0.09,0.265,0.255,0.175,0.07,0.13,0.015
0,2,,0.185,0.105,0.48,0.02,0.075,0.09,0.045
0,2,,0.22,0.205,0.28,0.195,0.04,0.035,0.025
0,0,,0.295,0.215,0.145,0.265,0.05,0.025,0.005
0,0,,0.675,0.145,0.07,0.055,0.025,0.01,0.02
0,1,,0.14,0.29,0.245,0.13,0.105,0.085,0.005
0,3,,0.245,0.26,0.11,0.31,0.055,0.02,0.0
0,3,,0.13,0.17,0.225,0.25,0.125,0.06,0.04
0,2,,0.18,0.095,0.375,0.065,0.14,0.085,0.06
0,1,,0.19,0.225,0.22,0.145,0.065,0.125,0.03
0,1,,0.18,0.36,0.35,0.035,0.03,0.04,0.005
0,2,,0.225,0.17,0.315,0.14,0.07,0.04,0.04
0,1,,0.25,0.5,0.11,0.11,0.015,0.015,0.0
0,0,,0.44,0.39,0.1,0.005,0.025,0.03,0.01
0,1,,0.345,0.365,0.215,0.015,0.015,0.035,0.01
0,0,,0.24,0.24,0.2,0.18,0.09,0.01,0.04
0,1,,0.305,0.38,0.225,0.02,0.015,0.04,0.015
0,0,,0.38,0.11,0.235,0.03,0.07,0.115,0.06
0,0,,0.325,0.07,0.31,0.025,0.075,0.16,0.035
0,2,,0.215,0.185,0.34,0.11,0.09,0.04,0.02
0,2,,0.165,0.215,0.36,0.17,0.06,0.015,0.015
0,1,,0.19,0.235,0.225,0.19,0.075,0.045,0.04
0,0,,0.385,0.32,0.165,0.035,0.04,0.035,0.02
0,0,,0.555,0.195,0.07,0.105,0.05,0.01,0.015
0,0,,0.28,0.185,0.23,0.14,0.085,0.055,0.025
0,0,,0.765,0.125,0.065,0.025,0.01,0.005,0.005
0,3,,0.16,0.155,0.25,0.265,0.085,0.05,0.035
0,2,,0.26,0.15,0.35,0.03,0.06,0.115,0.035
0,0,,0.49,0.285,0.14,0.025,0.035,0.015,0.01
0,0,,0.31,0.16,0.14,0.23,0.08,0.03,0.05
0,3,,0.16,0.155,0.25,0.265,0.085,0.05,0.035
0,0,,0.44,0.355,0.11,0.025,0.035,0.03,0.005
0,0,,0.31,0.16,0.245,0.035,0.055,0.13,0.065
0,2,,0.13,0.25,0.255,0.21,0.08,0.035,0.04
0,1,,0.265,0.495,0.14,0.025,0.025,0.045,0.005
0,0,,0.27,0.225,0.215,0.22,0.035,0.02,0.015
0,0,,0.58,0.115,0.135,0.07,0.075,0.01,0.015
0,1,,0.26,0.55,0.135,0.01,0.03,0.015,0.0
1,3,,0.05,0.165,0.11,0.41,0.185,0.03,0.05
1,3,,0.02,0.11,0.16,0.36,0.14,0.115,0.095
1,3,,0.06,0.26,0.255,0.335,0.05,0.025,0.015
1,2,,0.05,0.275,0.355,0.125,0.065,0.095,0.035
1,2,,0.15,0.28,0.33,0.08,0.085,0.055,0.02
1,3,,0.095,0.135,0.245,0.395,0.07,0.045,0.015
1,2,,0.045,0.25,0.38,0.145,0.11,0.045,0.025
1,1,,0.185,0.35,0.13,0.115,0.145,0.045,0.03
1,1,,0.13,0.515,0.115,0.08,0.105,0.02,0.035
1,1,,0.045,0.225,0.205,0.22,0.17,0.115,0.02
1,2,,0.015,0.175,0.395,0.165,0.16,0.065,0.025
1,3,,0.05,0.12,0.185,0.275,0.195,0.08,0.095
1,1,,0.21,0.525,0.11,0.015,0.075,0.025,0.04
1,1,,0.365,0.405,0.085,0.035,0.055,0.04,0.015
1,3,,0.05,0.19,0.17,0.39,0.13,0.015,0.055
1,1,,0.13,0.515,0.115,0.08,0.105,0.02,0.035
1,1,,0.115,0.34,0.245,0.19,0.065,0.04,0.005
1,2,,0.07,0.19,0.26,0.23,0.13,0.08,0.04
1,4,,0.02,0.12,0.155,0.255,0.295,0.13,0.025
1,2,,0.1,0.26,0.275,0.235,0.075,0.025,0.03
1,0,,0.335,0.22,0.195,0.11,0.07,0.045,0.025
1,2,,0.06,0.24,0.31,0.15,0.065,0.13,0.045
1,3,,0.055,0.19,0.235,0.24,0.165,0.065,0.05
1,1,,0.035,0.36,0.315,0.18,0.07,0.03,0.01
1,1,,0.18,0.315,0.295,0.08,0.08,0.035,0.015
1,3,,0.105,0.155,0.14,0.405,0.105,0.055,0.035
1,2,,0.09,0.27,0.33,0.05,0.05,0.2,0.01
1,1,,0.055,0.345,0.195,0.265,0.08,0.045,0.015
1,2,,0.035,0.22,0.265,0.21,0.115,0.115,0.04
1,2,,0.125,0.08,0.375,0.105,0.115,0.105,0.095
1,2,,0.09,0.155,0.345,0.24,0.125,0.04,0.005
1,3,,0.09,0.21,0.195,0.225,0.12,0.105,0.055
1,3,,0.105,0.165,0.25,0.32,0.105,0.045,0.01
1,3,,0.07,0.22,0.21,0.36,0.095,0.04,0.005
1,2,,0.08,0.305,0.32,0.155,0.09,0.03,0.02
1,3,,0.06,0.225,0.175,0.295,0.155,0.055,0.035
1,2,,0.045,0.2,0.3,0.23,0.12,0.09,0.015
1,3,,0.065,0.135,0.28,0.355,0.08,0.065,0.02
1,1,,0.09,0.415,0.28,0.115,0.05,0.04,0.01
1,1,,0.13,0.355,0.355,0.095,0.04,0.02,0.005
1,3,,0.1,0.13,0.17,0.4,0.11,0.035,0.055
1,2,,0.205,0.14,0.425,0.02,0.1,0.075,0.035
1,2,,0.08,0.305,0.32,0.155,0.09,0.03,0.02
1,1,,0.035,0.295,0.155,0.215,0.17,0.1,0.03
1,2,,0.075,0.175,0.365,0.295,0.06,0.015,0.015
1,2,,0.155,0.105,0.52,0.06,0.055,0.05,0.055
1,2,,0.12,0.245,0.31,0.235,0.08,0.005,0.005
1,1,,0.075,0.305,0.255,0.265,0.03,0.03,0.04
1,3,,0.02,0.11,0.16,0.36,0.14,0.115,0.095
1,5,,0.06,0.2,0.17,0.075,0.065,0.425,0.005
1,3,,0.1,0.13,0.17,0.4,0.11,0.035,0.055
1,1,,0.085,0.37,0.255,0.165,0.04,0.075,0.01
1,3,,0.13,0.175,0.22,0.3,0.13,0.03,0.015
1,3,,0.045,0.075,0.16,0.505,0.06,0.035,0.12
1,1,,0.13,0.4,0.12,0.055,0.14,0.12,0.035
1,2,,0.015,0.245,0.295,0.235,0.125,0.025,0.06
1,3,,0.025,0.205,0.23,0.235,0.19,0.11,0.005
1,2,,0.195,0.295,0.3,0.065,0.075,0.025,0.045
1,2,,0.095,0.245,0.305,0.245,0.055,0.045,0.01
1,2,,0.02,0.235,0.31,0.205,0.15,0.035,0.045
1,2,,0.04,0.18,0.33,0.14,0.18,0.08,0.05
1,1,,0.04,0.23,0.21,0.225,0.135,0.115,0.045
1,2,,0.095,0.265,0.3,0.265,0.025,0.05,0.0
1,3,,0.19,0.26,0.21,0.295,0.02,0.005,0.02
1,2,,0.07,0.215,0.385,0.2,0.055,0.02,0.055
1,1,,0.075,0.53,0.145,0.05,0.12,0.03,0.05
1,3,,0.035,0.235,0.15,0.355,0.085,0.11,0.03
1,2,,0.05,0.155,0.345,0.24,0.13,0.06,0.02
1,2,,0.09,0.28,0.305,0.215,0.065,0.035,0.01
1,2,,0.05,0.26,0.305,0.18,0.125,0.055,0.025
1,2,,0.025,0.145,0.295,0.265,0.17,0.055,0.045
1,3,,0.04,0.135,0.13,0.485,0.135,0.045,0.03
1,0,,0.265,0.165,0.225,0.2,0.055,0.02,0.07
1,1,,0.035,0.36,0.315,0.18,0.07,0.03,0.01
1,1,,0.275,0.355,0.25,0.03,0.03,0.04,0.02
1,1,,0.165,0.385,0.115,0.155,0.14,0.03,0.01
1,1,,0.135,0.43,0.265,0.045,0.085,0.03,0.01
1,3,,0.05,0.12,0.185,0.275,0.195,0.08,0.095
1,1,,0.06,0.29,0.12,0.145,0.21,0.14,0.035
1,0,,0.24,0.175,0.235,0.14,0.145,0.02,0.045
1,2,,0.105,0.275,0.335,0.17,0.08,0.035,0.0
1,3,,0.05,0.105,0.235,0.33,0.205,0.035,0.04
1,1,,0.09,0.36,0.1,0.09,0.185,0.135,0.04
1,1,,0.045,0.43,0.12,0.09,0.135,0.16,0.02
1,0,,0.345,0.335,0.19,0.05,0.05,0.03,0.0
1,1,,0.08,0.45,0.055,0.165,0.145,0.06,0.045
2,3,,0.055,0.17,0.3,0.34,0.09,0.03,0.015
2,4,,0.0,0.105,0.125,0.24,0.25,0.23,0.05
2,1,,0.035,0.32,0.215,0.13,0.14,0.11,0.05
2,2,,0.055,0.155,0.385,0.075,0.08,0.225,0.025
2,3,,0.205,0.135,0.185,0.33,0.11,0.015,0.02
2,2,,0.06,0.16,0.435,0.05,0.17,0.11,0.015
2,3,,0.045,0.155,0.125,0.46,0.075,0.065,0.075
2,4,,0.025,0.125,0.255,0.14,0.34,0.085,0.03
2,3,,0.03,0.175,0.135,0.265,0.2,0.105,0.09
2,2,,0.025,0.27,0.38,0.125,0.11,0.055,0.035
2,3,,0.075,0.12,0.22,0.37,0.13,0.055,0.03
2,2,,0.03,0.15,0.445,0.17,0.13,0.05,0.025
2,2,,0.11,0.13,0.375,0.08,0.1,0.13,0.075
2,2,,0.055,0.21,0.33,0.07,0.21,0.105,0.02
2,2,,0.095,0.2,0.33,0.135,0.105,0.095,0.04
2,2,,0.035,0.205,0.36,0.075,0.185,0.13,0.01
2,2,,0.075,0.245,0.305,0.195,0.11,0.055,0.015
2,3,,0.02,0.11,0.155,0.365,0.115,0.075,0.16
2,3,,0.035,0.07,0.23,0.48,0.105,0.055,0.025
2,3,,0.055,0.17,0.3,0.34,0.09,0.03,0.015
2,3,,0.0,0.03,0.21,0.26,0.21,0.245,0.045
2,3,,0.025,0.12,0.145,0.445,0.14,0.04,0.085
2,2,,0.055,0.285,0.305,0.115,0.135,0.065,0.04
2,3,,0.075,0.225,0.17,0.305,0.135,0.035,0.055
2,2,,0.065,0.12,0.415,0.185,0.105,0.03,0.08
2,2,,0.02,0.06,0.36,0.325,0.105,0.12,0.01
2,5,,0.02,0.09,0.2,0.11,0.255,0.305,0.02
2,2,,0.08,0.235,0.275,0.22,0.08,0.07,0.04
2,2,,0.1,0.24,0.315,0.065,0.06,0.185,0.035
2,2,,0.01,0.14,0.245,0.18,0.23,0.11,0.085
2,4,,0.015,0.135,0.14,0.1,0.305,0.19,0.115
2,3,,0.01,0.17,0.29,0.36,0.1,0.05,0.02
2,3,,0.015,0.095,0.31,0.39,0.11,0.045,0.035
2,2,,0.155,0.195,0.33,0.135,0.11,0.06,0.015
2,2,,0.09,0.315,0.33,0.045,0.1,0.12,0.0
2,2,,0.065,0.19,0.405,0.07,0.13,0.12,0.02
2,2,,0.08,0.175,0.3,0.155,0.17,0.055,0.065
2,3,,0.135,0.17,0.22,0.375,0.08,0.02,0.0
2,3,,0.05,0.22,0.15,0.37,0.13,0.035,0.045
2,2,,0.145,0.105,0.445,0.045,0.07,0.125,0.065
2,3,,0.05,0.085,0.13,0.535,0.135,0.03,0.035
2,2,,0.1,0.2,0.32,0.21,0.09,0.05,0.03
2,3,,0.04,0.125,0.15,0.465,0.135,0.065,0.02
2,2,,0.03,0.215,0.34,0.235,0.095,0.05,0.035
2,3,,0.075,0.1,0.165,0.475,0.09,0.025,0.07
2,2,,0.045,0.225,0.38,0.13,0.085,0.045,0.09
2,2,,0.09,0.215,0.325,0.215,0.08,0.05,0.025
2,3,,0.05,0.195,0.215,0.225,0.16,0.145,0.01
2,5,,0.055,0.095,0.29,0.075,0.1,0.34,0.045
2,3,,0.15,0.19,0.17,0.36,0.065,0.04,0.025
2,2,,0.035,0.145,0.29,0.24,0.185,0.05,0.055
2,3,,0.05,0.15,0.19,0.465,0.095,0.03,0.02
2,2,,0.06,0.15,0.405,0.07,0.205,0.085,0.025
2,3,,0.01,0.09,0.135,0.375,0.175,0.115,0.1
2,2,,0.0,0.0,1.0,0.0,0.0,0.0,0.0
2,2,,0.035,0.135,0.3,0.07,0.215,0.23,0.015
2,1,,0.18,0.39,0.305,0.045,0.04,0.03,0.01
2,3,,0.035,0.085,0.315,0.385,0.13,0.02,0.03
2,2,,0.075,0.19,0.34,0.21,0.055,0.11,0.02
2,1,,0.11,0.34,0.155,0.29,0.06,0.04,0.005
2,3,,0.03,0.16,0.255,0.29,0.095,0.125,0.045
2,3,,0.05,0.15,0.19,0.465,0.095,0.03,0.02
2,2,,0.01,0.12,0.295,0.175,0.25,0.095,0.055
2,2,,0.08,0.19,0.44,0.17,0.06,0.015,0.045
2,2,,0.045,0.19,0.395,0.23,0.11,0.02,0.01
2,2,,0.08,0.175,0.3,0.155,0.17,0.055,0.065
2,3,,0.01,0.065,0.055,0.505,0.22,0.08,0.065
2,3,,0.025,0.06,0.155,0.365,0.225,0.1,0.07
2,2,,0.08,0.225,0.445,0.08,0.095,0.06,0.015
2,5,,0.025,0.05,0.17,0.07,0.245,0.37,0.07
2,2,,0.205,0.165,0.415,0.055,0.055,0.095,0.01
2,2,,0.02,0.085,0.31,0.21,0.215,0.09,0.07
2,4,,0.025,0.11,0.22,0.115,0.28,0.19,0.06
2,2,,0.07,0.23,0.34,0.14,0.1,0.06,0.06
2,2,,0.035,0.13,0.29,0.105,0.265,0.13,0.045
2,3,,0.06,0.16,0.32,0.335,0.08,0.025,0.02
2,3,,0.03,0.19,0.23,0.345,0.085,0.08,0.04
2,1,,0.135,0.315,0.21,0.2,0.055,0.075,0.01
2,3,,0.065,0.195,0.245,0.27,0.125,0.035,0.065
2,2,,0.065,0.185,0.28,0.18,0.155,0.09,0.045
2,2,,0.0,0.0,1.0,0.0,0.0,0.0,0.0
2,3,,0.125,0.225,0.1,0.37,0.085,0.04,0.055
2,2,,0.02,0.115,0.335,0.205,0.205,0.05,0.07
2,2,,0.035,0.205,0.36,0.075,0.185,0.13,0.01
2,1,,0.1,0.345,0.18,0.205,0.09,0.04,0.04
3,3,,0.065,0.22,0.24,0.295,0.095,0.05,0.035
3,3,,0.03,0.03,0.205,0.295,0.145,0.255,0.04
3,3,,0.055,0.135,0.24,0.3,0.08,0.155,0.035
3,6,,0.005,0.08,0.065,0.155,0.13,0.205,0.36
3,3,,0.01,0.145,0.125,0.52,0.095,0.07,0.035
3,3,,0.02,0.075,0.16,0.275,0.235,0.12,0.115
3,5,,0.01,0.05,0.075,0.16,0.33,0.335,0.04
3,4,,0.06,0.095,0.25,0.15,0.26,0.125,0.06
3,2,,0.035,0.115,0.27,0.125,0.14,0.22,0.095
3,2,,0.155,0.145,0.25,0.22,0.135,0.045,0.05
3,3,,0.0,0.145,0.22,0.265,0.225,0.12,0.025
3,3,,0.03,0.105,0.11,0.565,0.13,0.035,0.025
3,4,,0.03,0.08,0.25,0.145,0.33,0.075,0.09
3,3,,0.055,0.155,0.165,0.4,0.12,0.015,0.09
3,5,,0.04,0.045,0.175,0.185,0.11,0.27,0.175
3,6,,0.0,0.035,0.13,0.245,0.17,0.115,0.305
3,4,,0.015,0.055,0.09,0.18,0.31,0.245,0.105
3,3,,0.075,0.1,0.125,0.33,0.2,0.07,0.1
3,3,,0.03,0.105,0.23,0.44,0.1,0.075,0.02
3,4,,0.06,0.11,0.23,0.115,0.29,0.065,0.13
3,3,,0.025,0.13,0.135,0.445,0.145,0.05,0.07
3,3,,0.02,0.025,0.075,0.715,0.04,0.015,0.11
3,5,,0.025,0.035,0.275,0.085,0.145,0.375,0.06
3,4,,0.03,0.095,0.08,0.115,0.38,0.245,0.055
3,3,,0.02,0.1,0.065,0.525,0.1,0.02,0.17
3,3,,0.135,0.17,0.15,0.385,0.125,0.02,0.015
3,2,,0.03,0.085,0.23,0.13,0.21,0.115,0.2
3,3,,0.0,0.0,0.0,1.0,0.0,0.0,0.0
3,3,,0.025,0.095,0.11,0.29,0.14,0.15,0.19
3,3,,0.015,0.085,0.075,0.495,0.205,0.055,0.07
3,3,,0.02,0.075,0.165,0.37,0.185,0.105,0.08
3,4,,0.01,0.035,0.12,0.26,0.34,0.115,0.12
3,3,,0.005,0.07,0.045,0.55,0.115,0.06,0.155
3,3,,0.045,0.115,0.27,0.275,0.19,0.06,0.045
3,3,,0.005,0.085,0.165,0.24,0.235,0.14,0.13
3,4,,0.045,0.17,0.235,0.14,0.24,0.125,0.045
3,4,,0.01,0.05,0.115,0.15,0.44,0.14,0.095
3,3,,0.05,0.105,0.17,0.33,0.165,0.12,0.06
3,3,,0.045,0.07,0.095,0.54,0.12,0.02,0.11
3,3,,0.035,0.095,0.1,0.41,0.18,0.09,0.09
3,3,,0.065,0.095,0.195,0.355,0.145,0.1,0.045
3,3,,0.055,0.075,0.15,0.275,0.12,0.275,0.05
3,5,,0.02,0.085,0.12,0.19,0.115,0.285,0.185
3,5,,0.05,0.085,0.24,0.075,0.175,0.32,0.055
3,3,,0.03,0.07,0.07,0.435,0.19,0.155,0.05
3,5,,0.005,0.015,0.035,0.235,0.165,0.355,0.19
3,3,,0.085,0.21,0.275,0.335,0.05,0.045,0.0
3,3,,0.02,0.23,0.145,0.355,0.125,0.105,0.02
3,4,,0.01,0.055,0.085,0.08,0.44,0.175,0.155
3,3,,0.01,0.035,0.045,0.495,0.255,0.115,0.045
3,2,,0.035,0.14,0.27,0.205,0.22,0.1,0.03
3,4,,0.005,0.1,0.115,0.145,0.38,0.15,0.105
3,3,,0.03,0.08,0.075,0.505,0.185,0.075,0.05
3,4,,0.02,0.105,0.185,0.135,0.38,0.085,0.09
3,2,,0.025,0.195,0.315,0.175,0.155,0.085,0.05
3,3,,0.165,0.15,0.175,0.3,0.135,0.06,0.015
3,2,,0.06,0.185,0.24,0.105,0.175,0.17,0.065
3,4,,0.025,0.1,0.215,0.115,0.275,0.165,0.105
3,1,,0.065,0.205,0.18,0.2,0.17,0.1,0.08
3,3,,0.01,0.06,0.09,0.445,0.165,0.17,0.06
3,4,,0.04,0.14,0.165,0.09,0.38,0.11,0.075
3,2,,0.04,0.1,0.305,0.25,0.12,0.115,0.07
3,3,,0.02,0.085,0.08,0.6,0.06,0.05,0.105
3,4,,0.045,0.15,0.175,0.105,0.365,0.09,0.07
3,4,,0.01,0.065,0.22,0.125,0.355,0.165,0.06
3,4,,0.02,0.08,0.17,0.2,0.33,0.17,0.03
3,3,,0.01,0.035,0.045,0.495,0.255,0.115,0.045
3,2,,0.06,0.095,0.31,0.15,0.07,0.235,0.08
3,4,,0.01,0.065,0.22,0.125,0.355,0.165,0.06
3,3,,0.03,0.07,0.06,0.535,0.165,0.085,0.055
3,3,,0.035,0.095,0.135,0.33,0.245,0.085,0.075
3,4,,0.01,0.11,0.22,0.095,0.325,0.17,0.07
3,3,,0.02,0.1,0.065,0.525,0.1,0.02,0.17
3,4,,0.025,0.13,0.18,0.095,0.325,0.1,0.145
3,4,,0.005,0.08,0.175,0.16,0.295,0.125,0.16
3,4,,0.08,0.1,0.21,0.145,0.3,0.075,0.09
3,5,,0.0,0.015,0.05,0.225,0.19,0.38,0.14
3,3,,0.04,0.055,0.125,0.245,0.23,0.12,0.185
3,3,,0.075,0.105,0.18,0.43,0.105,0.085,0.02
3,4,,0.025,0.035,0.165,0.145,0.335,0.215,0.08
3,2,,0.08,0.15,0.31,0.29,0.09,0.05,0.03
3,2,,0.09,0.085,0.42,0.28,0.055,0.05,0.02
3,3,,0.02,0.095,0.075,0.475,0.155,0.055,0.125
3,3,,0.05,0.085,0.17,0.49,0.1,0.055,0.05
3,5,,0.01,0.05,0.075,0.16,0.33,0.335,0.04
3,3,,0.0,0.0,0.0,1.0,0.0,0.0,0.0
3,3,,0.14,0.155,0.235,0.345,0.09,0.02,0.015
3,3,,0.015,0.12,0.11,0.245,0.23,0.235,0.045
3,4,,0.03,0.055,0.105,0.08,0.335,0.26,0.135
3,4,,0.01,0.12,0.22,0.145,0.295,0.11,0.1
4,4,,0.005,0.005,0.04,0.04,0.525,0.295,0.09
4,2,,0.06,0.155,0.29,0.075,0.215,0.12,0.085
4,6,,0.0,0.055,0.055,0.275,0.185,0.14,0.29
4,6,,0.025,0.055,0.125,0.16,0.13,0.245,0.26
4,4,,0.01,0.075,0.145,0.14,0.355,0.2,0.075
4,3,,0.05,0.085,0.18,0.2,0.165,0.17,0.15
4,5,,0.03,0.115,0.225,0.085,0.095,0.32,0.13
4,3,,0.025,0.095,0.09,0.445,0.095,0.07,0.18
4,4,,0.01,0.065,0.155,0.075,0.45,0.11,0.135
4,4,,0.005,0.085,0.12,0.05,0.565,0.14,0.035
4,3,,0.015,0.145,0.175,0.295,0.19,0.15,0.03
4,4,,0.055,0.115,0.125,0.095,0.36,0.165,0.085
4,4,,0.02,0.065,0.185,0.09,0.245,0.245,0.15
4,4,,0.005,0.01,0.025,0.045,0.495,0.29,0.13
4,4,,0.005,0.075,0.105,0.18,0.285,0.27,0.08
4,3,,0.005,0.065,0.1,0.4,0.095,0.025,0.31
4,5,,0.04,0.07,0.15,0.135,0.175,0.26,0.17
4,4,,0.04,0.12,0.2,0.09,0.375,0.155,0.02
4,2,,0.045,0.22,0.25,0.095,0.145,0.14,0.105
4,4,,0.025,0.03,0.065,0.09,0.41,0.235,0.145
4,5,,0.005,0.03,0.05,0.06,0.34,0.405,0.11
4,3,,0.145,0.1,0.195,0.25,0.09,0.15,0.07
4,3,,0.015,0.07,0.04,0.6,0.12,0.065,0.09
4,4,,0.0,0.03,0.09,0.2,0.285,0.135,0.26
4,4,,0.0,0.025,0.045,0.11,0.43,0.325,0.065
4,2,,0.1,0.18,0.3,0.23,0.125,0.035,0.03
4,5,,0.005,0.01,0.055,0.055,0.355,0.37,0.15
4,3,,0.05,0.14,0.1,0.34,0.225,0.1,0.045
4,4,,0.02,0.03,0.195,0.135,0.235,0.22,0.165
4,4,,0.01,0.0,0.03,0.075,0.55,0.19,0.145
4,3,,0.195,0.13,0.145,0.295,0.115,0.105,0.015
4,4,,0.09,0.12,0.15,0.15,0.205,0.13,0.155
4,6,,0.01,0.045,0.105,0.205,0.085,0.185,0.365
4,6,,0.005,0.06,0.095,0.225,0.16,0.175,0.28
4,4,,0.015,0.1,0.2,0.135,0.285,0.15,0.115
4,5,,0.005,0.005,0.025,0.075,0.33,0.48,0.08
4,4,,0.005,0.09,0.195,0.12,0.395,0.1,0.095
4,4,,0.095,0.105,0.165,0.185,0.23,0.15,0.07
4,4,,0.035,0.105,0.135,0.125,0.315,0.16,0.125
4,4,,0.02,0.03,0.195,0.135,0.235,0.22,0.165
4,5,,0.005,0.025,0.045,0.045,0.305,0.475,0.1
4,2,,0.01,0.07,0.25,0.205,0.145,0.235,0.085
4,4,,0.02,0.085,0.12,0.12,0.32,0.29,0.045
4,4,,0.0,0.015,0.045,0.055,0.49,0.32,0.075
4,5,,0.06,0.125,0.21,0.17,0.17,0.22,0.045
4,4,,0.005,0.035,0.075,0.095,0.42,0.28,0.09
4,3,,0.15,0.115,0.24,0.26,0.13,0.085,0.02
4,3,,0.04,0.09,0.185,0.485,0.09,0.015,0.095
4,4,,0.045,0.185,0.14,0.09,0.305,0.12,0.115
4,4,,0.01,0.02,0.055,0.12,0.35,0.2,0.245
4,4,,0.02,0.045,0.06,0.055,0.51,0.135,0.175
4,5,,0.015,0.06,0.165,0.08,0.195,0.41,0.075
4,4,,0.01,0.08,0.12,0.055,0.51,0.18,0.045
4,6,,0.03,0.06,0.225,0.21,0.18,0.065,0.23
4,3,,0.01,0.09,0.225,0.235,0.235,0.11,0.095
4,4,,0.0,0.05,0.145,0.115,0.285,0.285,0.12
4,5,,0.005,0.025,0.13,0.155,0.155,0.39,0.14
4,1,,0.185,0.32,0.235,0.115,0.04,0.1,0.005
4,4,,0.045,0.155,0.14,0.12,0.32,0.115,0.105
4,4,,0.035,0.105,0.135,0.125,0.315,0.16,0.125
4,4,,0.035,0.14,0.195,0.135,0.33,0.08,0.085
4,4,,0.0,0.015,0.055,0.1,0.475,0.245,0.11
4,4,,0.01,0.095,0.11,0.105,0.355,0.18,0.145
4,2,,0.045,0.125,0.22,0.13,0.215,0.18,0.085
4,3,,0.005,0.03,0.075,0.58,0.155,0.035,0.12
4,4,,0.01,0.09,0.105,0.225,0.31,0.075,0.185
4,3,,0.05,0.145,0.045,0.385,0.135,0.215,0.025
4,5,,0.015,0.055,0.115,0.125,0.155,0.385,0.15
4,2,,0.035,0.2,0.28,0.14,0.105,0.205,0.035
4,2,,0.05,0.105,0.235,0.14,0.175,0.21,0.085
4,2,,0.07,0.04,0.34,0.08,0.295,0.13,0.045
4,3,,0.015,0.05,0.06,0.495,0.105,0.035,0.24
4,5,,0.01,0.05,0.05,0.095,0.295,0.39,0.11
4,6,,0.015,0.065,0.14,0.18,0.225,0.105,0.27
4,5,,0.01,0.07,0.11,0.175,0.125,0.395,0.115
4,4,,0.02,0.045,0.075,0.09,0.385,0.36,0.025
4,3,,0.05,0.14,0.1,0.34,0.225,0.1,0.045
4,3,,0.045,0.115,0.145,0.375,0.15,0.145,0.025
4,2,,0.19,0.12,0.225,0.185,0.155,0.07,0.055
4,2,,0.04,0.135,0.425,0.06,0.15,0.135,0.055
4,3,,0.07,0.115,0.105,0.275,0.225,0.185,0.025
4,4,,0.0,0.09,0.2,0.165,0.265,0.16,0.12
4,4,,0.015,0.065,0.18,0.13,0.365,0.165,0.08
4,3,,0.005,0.03,0.075,0.58,0.155,0.035,0.12
4,4,,0.01,0.035,0.075,0.1,0.315,0.255,0.21
4,3,,0.005,0.015,0.1,0.675,0.045,0.05,0.11
4,4,,0.01,0.05,0.07,0.225,0.375,0.17,0.1
4,4,,0.0,0.02,0.01,0.085,0.56,0.2,0.125
4,5,,0.065,0.075,0.125,0.22,0.175,0.285,0.055
4,4,,0.005,0.01,0.045,0.14,0.4,0.275,0.125
4,3,,0.065,0.1,0.195,0.36,0.15,0.04,0.09
4,4,,0.0,0.025,0.065,0.105,0.41,0.345,0.05
4,4,,0.0,0.015,0.025,0.075,0.445,0.365,0.075
4,3,,0.03,0.05,0.19,0.215,0.215,0.21,0.09
4,4,,0.02,0.14,0.18,0.195,0.295,0.125,0.045
4,2,,0.03,0.17,0.4,0.23,0.095,0.04,0.035
4,3,,0.02,0.11,0.105,0.42,0.2,0.055,0.09
4,4,,0.01,0.045,0.155,0.065,0.48,0.16,0.085
4,3,,0.01,0.115,0.14,0.41,0.125,0.145,0.055
4,4,,0.03,0.055,0.265,0.065,0.27,0.265,0.05
4,3,,0.01,0.06,0.16,0.26,0.26,0.155,0.095
5,3,,0.04,0.05,0.095,0.27,0.245,0.24,0.06
5,3,,0.015,0.055,0.045,0.32,0.215,0.095,0.255
5,5,,0.025,0.04,0.14,0.195,0.2,0.205,0.195
5,5,,0.02,0.015,0.05,0.065,0.175,0.545,0.13
5,5,,0.01,0.025,0.065,0.155,0.205,0.48,0.06
5,5,,0.0,0.01,0.03,0.02,0.11,0.8,0.03
5,5,,0.005,0.0,0.01,0.03,0.075,0.835,0.045
5,6,,0.005,0.01,0.035,0.125,0.195,0.14,0.49
5,3,,0.03,0.07,0.14,0.45,0.125,0.035,0.15
5,5,,0.0,0.01,0.03,0.045,0.18,0.655,0.08
5,6,,0.005,0.015,0.045,0.085,0.195,0.16,0.495
5,6,,0.02,0.035,0.14,0.075,0.2,0.19,0.34
5,5,,0.02,0.035,0.185,0.05,0.19,0.48,0.04
5,5,,0.0,0.005,0.02,0.045,0.095,0.8,0.035
5,5,,0.04,0.08,0.205,0.1,0.23,0.28,0.065
5,6,,0.015,0.04,0.085,0.085,0.15,0.11,0.515
5,6,,0.015,0.02,0.03,0.1,0.165,0.265,0.405
5,6,,0.04,0.09,0.165,0.115,0.13,0.185,0.275
5,3,,0.03,0.105,0.14,0.32,0.215,0.125,0.065
5,3,,0.02,0.04,0.07,0.725,0.06,0.01,0.075
5,6,,0.085,0.09,0.165,0.175,0.145,0.065,0.275
5,3,,0.03,0.07,0.14,0.45,0.125,0.035,0.15
5,5,,0.03,0.04,0.095,0.155,0.16,0.26,0.26
5,3,,0.04,0.09,0.14,0.33,0.23,0.135,0.035
5,5,,0.005,0.0,0.025,0.01,0.13,0.78,0.05
5,4,,0.005,0.025,0.045,0.125,0.335,0.185,0.28
5,5,,0.0,0.0,0.0,0.0,0.0,1.0,0.0
5,2,,0.045,0.095,0.28,0.155,0.13,0.13,0.165
5,5,,0.035,0.065,0.1,0.195,0.2,0.33,0.075
5,5,,0.0,0.005,0.03,0.03,0.19,0.665,0.08
5,6,,0.005,0.045,0.09,0.17,0.17,0.125,0.395
5,5,,0.025,0.03,0.05,0.225,0.245,0.325,0.1
5,5,,0.015,0.01,0.075,0.125,0.19,0.54,0.045
5,4,,0.035,0.12,0.13,0.26,0.28,0.145,0.03
5,6,,0.015,0.02,0.08,0.15,0.19,0.22,0.325
5,6,,0.02,0.025,0.095,0.075,0.25,0.165,0.37
5,6,,0.005,0.01,0.045,0.07,0.225,0.29,0.355
5,6,,0.01,0.04,0.14,0.11,0.21,0.22,0.27
5,6,,0.005,0.025,0.05,0.125,0.16,0.26,0.375
5,2,,0.06,0.065,0.255,0.095,0.185,0.205,0.135
5,6,,0.0,0.005,0.04,0.115,0.165,0.145,0.53
5,5,,0.0,0.01,0.015,0.055,0.095,0.735,0.09
5,3,,0.09,0.12,0.12,0.3,0.17,0.175,0.025
5,6,,0.055,0.065,0.125,0.195,0.185,0.175,0.2
5,6,,0.0,0.005,0.035,0.12,0.095,0.13,0.615
5,5,,0.01,0.0,0.035,0.015,0.19,0.675,0.075
5,4,,0.02,0.055,0.11,0.15,0.345,0.24,0.08
5,5,,0.005,0.0,0.035,0.06,0.13,0.715,0.055
5,5,,0.01,0.055,0.025,0.175,0.19,0.43,0.115
5,5,,0.0,0.0,0.025,0.05,0.22,0.58,0.125
5,6,,0.025,0.035,0.14,0.13,0.185,0.155,0.33
5,4,,0.02,0.055,0.13,0.17,0.28,0.245,0.1
5,5,,0.0,0.03,0.03,0.055,0.145,0.675,0.065
5,6,,0.02,0.025,0.095,0.125,0.175,0.16,0.4
5,5,,0.005,0.01,0.02,0.065,0.18,0.575,0.145
5,6,,0.02,0.035,0.125,0.135,0.09,0.27,0.325
5,5,,0.045,0.045,0.105,0.175,0.13,0.375,0.125
5,5,,0.005,0.01,0.045,0.04,0.115,0.71,0.075
5,5,,0.005,0.005,0.02,0.005,0.17,0.74,0.055
5,5,,0.01,0.025,0.065,0.12,0.24,0.43,0.11
5,6,,0.015,0.02,0.03,0.1,0.165,0.265,0.405
5,3,,0.025,0.055,0.1,0.315,0.085,0.16,0.26
5,5,,0.02,0.03,0.105,0.105,0.05,0.35,0.34
5,6,,0.015,0.02,0.105,0.125,0.24,0.225,0.27
5,5,,0.005,0.0,0.065,0.065,0.245,0.42,0.2
5,6,,0.04,0.055,0.115,0.14,0.115,0.17,0.365
5,6,,0.015,0.02,0.08,0.15,0.19,0.22,0.325
5,3,,0.055,0.11,0.125,0.365,0.145,0.145,0.055
5,5,,0.0,0.005,0.005,0.03,0.2,0.63,0.13
5,6,,0.01,0.01,0.075,0.085,0.29,0.18,0.35
5,5,,0.0,0.005,0.02,0.045,0.095,0.8,0.035
5,6,,0.005,0.025,0.065,0.075,0.09,0.085,0.655
5,5,,0.025,0.045,0.19,0.065,0.135,0.49,0.05
5,5,,0.0,0.0,0.015,0.09,0.23,0.5,0.165
5,4,,0.025,0.1,0.125,0.19,0.26,0.215,0.085
5,3,,0.055,0.055,0.125,0.395,0.06,0.035,0.275
5,3,,0.015,0.075,0.095,0.395,0.155,0.25,0.015
5,5,,0.005,0.05,0.17,0.09,0.135,0.435,0.115
5,5,,0.01,0.085,0.175,0.125,0.1,0.47,0.035
5,3,,0.05,0.075,0.135,0.315,0.125,0.225,0.075
5,3,,0.02,0.055,0.12,0.52,0.115,0.02,0.15
5,3,,0.045,0.12,0.17,0.27,0.17,0.175,0.05
5,6,,0.0,0.01,0.03,0.1,0.17,0.29,0.4
5,6,,0.02,0.065,0.155,0.185,0.085,0.145,0.345
6,2,,0.015,0.07,0.23,0.15,0.165,0.175,0.195
6,6,,0.0,0.0,0.015,0.025,0.14,0.135,0.685
6,6,,0.045,0.04,0.125,0.14,0.17,0.1,0.38
6,5,,0.065,0.07,0.2,0.12,0.15,0.205,0.19
6,3,,0.045,0.1,0.175,0.4,0.15,0.025,0.105
6,6,,0.025,0.06,0.14,0.08,0.15,0.23,0.315
6,6,,0.02,0.035,0.145,0.105,0.155,0.065,0.475
6,6,,0.06,0.08,0.11,0.095,0.095,0.13,0.43
6,6,,0.01,0.035,0.085,0.085,0.205,0.17,0.41
6,5,,0.01,0.01,0.07,0.065,0.285,0.3,0.26
6,6,,0.025,0.03,0.175,0.1,0.075,0.16,0.435
6,4,,0.005,0.02,0.065,0.08,0.355,0.26,0.215
6,6,,0.005,0.045,0.085,0.115,0.065,0.135,0.55
6,2,,0.035,0.12,0.245,0.17,0.205,0.11,0.115
6,6,,0.005,0.055,0.065,0.075,0.11,0.125,0.565
6,6,,0.01,0.03,0.025,0.185,0.155,0.095,0.5
6,6,,0.01,0.015,0.05,0.04,0.205,0.165,0.515
6,6,,0.035,0.085,0.165,0.13,0.165,0.18,0.24
6,3,,0.095,0.11,0.12,0.35,0.22,0.04,0.065
6,6,,0.01,0.03,0.045,0.115,0.235,0.235,0.33
6,6,,0.025,0.055,0.195,0.105,0.125,0.24,0.255
6,6,,0.0,0.025,0.01,0.08,0.15,0.08,0.655
6,6,,0.005,0.005,0.035,0.115,0.175,0.32,0.345
6,6,,0.01,0.04,0.1,0.08,0.15,0.26,0.36
6,6,,0.0,0.025,0.025,0.085,0.16,0.255,0.45
6,5,,0.065,0.07,0.2,0.12,0.15,0.205,0.19
6,6,,0.035,0.06,0.175,0.17,0.09,0.14,0.33
6,6,,0.0,0.0,0.0,0.0,0.0,0.0,1.0
6,6,,0.015,0.015,0.08,0.2,0.165,0.085,0.44
6,6,,0.01,0.02,0.045,0.055,0.23,0.2,0.44
6,4,,0.01,0.045,0.145,0.115,0.3,0.21,0.175
6,6,,0.01,0.025,0.105,0.095,0.155,0.25,0.36
6,6,,0.045,0.105,0.135,0.12,0.11,0.135,0.35
6,6,,0.015,0.035,0.085,0.075,0.125,0.23,0.435
6,4,,0.025,0.005,0.055,0.11,0.335,0.245,0.225
6,6,,0.0,0.03,0.085,0.1,0.24,0.14,0.405
6,6,,0.0,0.04,0.085,0.155,0.175,0.085,0.46
6,2,,0.04,0.05,0.315,0.15,0.16,0.19,0.095
6,6,,0.04,0.05,0.215,0.12,0.155,0.13,0.29
6,6,,0.01,0.04,0.03,0.13,0.1,0.145,0.545
6,5,,0.005,0.01,0.075,0.045,0.22,0.45,0.195
6,6,,0.005,0.07,0.035,0.13,0.21,0.11,0.44
6,6,,0.04,0.085,0.115,0.24,0.1,0.115,0.305
6,6,,0.01,0.035,0.07,0.175,0.15,0.21,0.35
6,6,,0.035,0.03,0.18,0.215,0.115,0.155,0.27
6,6,,0.03,0.045,0.14,0.175,0.165,0.115,0.33
6,6,,0.01,0.05,0.115,0.12,0.135,0.12,0.45
6,6,,0.005,0.07,0.035,0.13,0.21,0.11,0.44
6,5,,0.02,0.04,0.04,0.11,0.13,0.47,0.19
6,6,,0.0,0.035,0.06,0.075,0.135,0.155,0.54
6,6,,0.055,0.095,0.15,0.205,0.13,0.07,0.295
