ShapesAll,rstc,TEST,1,MILLISECONDS,Generated by run_classification_experiment on 08/08/2024, 02:35:11. Encoder dictionary: {'1': 0, '10': 1, '11': 2, '12': 3, '13': 4, '14': 5, '15': 6, '16': 7, '17': 8, '18': 9, '19': 10, '2': 11, '20': 12, '21': 13, '22': 14, '23': 15, '24': 16, '25': 17, '26': 18, '27': 19, '28': 20, '29': 21, '3': 22, '30': 23, '31': 24, '32': 25, '33': 26, '34': 27, '35': 28, '36': 29, '37': 30, '38': 31, '39': 32, '4': 33, '40': 34, '41': 35, '42': 36, '43': 37, '44': 38, '45': 39, '46': 40, '47': 41, '48': 42, '49': 43, '5': 44, '50': 45, '51': 46, '52': 47, '53': 48, '54': 49, '55': 50, '56': 51, '57': 52, '58': 53, '59': 54, '6': 55, '60': 56, '7': 57, '8': 58, '9': 59}
{'batch_size': 100, 'contract_max_n_shapelet_samples': inf, 'estimator': None, 'max_shapelet_length': None, 'max_shapelets': None, 'n_jobs': 1, 'n_shapelet_samples': 10000, 'random_state': 1, 'shapelet_quality': 'Kolmogorov', 'time_limit_in_minutes': 0, 'transform_limit_in_minutes': 0}
0.84,1261874,41232,-1,144171008,60,N/A,-1,-1
0,0,,0.985,0.0,0.0,0.0,0.0,0.0,0.0,0.0,0.0,0.0,0.0,0.005,0.0,0.0,0.0,0.0,0.0,0.0,0.0,0.0,0.0,0.0,0.0,0.0,0.0,0.0,0.0,0.0,0.0,0.0,0.0,0.0,0.0,0.0,0.0,0.0,0.0,0.0,0.0,0.0,0.0,0.0,0.0,0.0,0.0,0.0,0.0,0.0,0.0,0.0,0.0,0.005,0.005,0.0,0.0,0.0,0.0,0.0,0.0,0.0
0,0,,0.97,0.0,0.0,0.0,0.0,0.0,0.0,0.0,0.005,0.0,0.0,0.005,0.0,0.0,0.0,0.0,0.0,0.0,0.0,0.0,0.0,0.0,0.0,0.0,0.0,0.0,0.0,0.005,0.005,0.0,0.0,0.0,0.0,0.0,0.0,0.0,0.0,0.0,0.0,0.0,0.0,0.0,0.0,0.005,0.0,0.0,0.0,0.005,0.0,0.0,0.0,0.0,0.0,0.0,0.0,0.0,0.0,0.0,0.0,0.0
0,0,,0.775,0.0,0.0,0.0,0.0,0.0,0.0,0.0,0.025,0.0,0.0,0.015,0.0,0.0,0.0,0.005,0.0,0.0,0.005,0.01,0.0,0.0,0.005,0.005,0.0,0.0,0.0,0.005,0.005,0.02,0.0,0.005,0.0,0.0,0.0,0.005,0.005,0.0,0.0,0.0,0.0,0.0,0.005,0.0,0.0,0.015,0.0,0.015,0.005,0.0,0.005,0.01,0.055,0.0,0.0,0.0,0.0,0.0,0.0,0.0
0,0,,0.78,0.005,0.0,0.015,0.0,0.005,0.0,0.0,0.005,0.005,0.0,0.035,0.0,0.01,0.0,0.01,0.0,0.005,0.01,0.01,0.0,0.0,0.005,0.005,0.0,0.0,0.0,0.01,0.02,0.0,0.0,0.0,0.0,0.005,0.005,0.0,0.0,0.0,0.0,0.0,0.0,0.0,0.0,0.0,0.0,0.01,0.0,0.0,0.0,0.0,0.005,0.005,0.035,0.0,0.0,0.0,0.0,0.0,0.0,0.0
0,0,,0.98,0.0,0.0,0.0,0.0,0.0,0.0,0.0,0.0,0.0,0.0,0.0,0.0,0.0,0.0,0.0,0.0,0.005,0.0,0.0,0.0,0.0,0.0,0.0,0.0,0.0,0.0,0.005,0.0,0.0,0.0,0.0,0.0,0.0,0.0,0.0,0.0,0.0,0.0,0.0,0.0,0.0,0.0,0.005,0.0,0.0,0.0,0.005,0.0,0.0,0.0,0.0,0.0,0.0,0.0,0.0,0.0,0.0,0.0,0.0
0,0,,1.0,0.0,0.0,0.0,0.0,0.0,0.0,0.0,0.0,0.0,0.0,0.0,0.0,0.0,0.0,0.0,0.0,0.0,0.0,0.0,0.0,0.0,0.0,0.0,0.0,0.0,0.0,0.0,0.0,0.0,0.0,0.0,0.0,0.0,0.0,0.0,0.0,0.0,0.0,0.0,0.0,0.0,0.0,0.0,0.0,0.0,0.0,0.0,0.0,0.0,0.0,0.0,0.0,0.0,0.0,0.0,0.0,0.0,0.0,0.0
0,0,,0.99,0.0,0.0,0.0,0.0,0.0,0.0,0.0,0.0,0.0,0.0,0.0,0.0,0.0,0.0,0.0,0.0,0.0,0.0,0.0,0.0,0.0,0.0,0.0,0.0,0.0,0.0,0.0,0.0,0.005,0.0,0.0,0.0,0.0,0.0,0.0,0.0,0.0,0.0,0.0,0.0,0.0,0.0,0.0,0.0,0.0,0.0,0.0,0.0,0.0,0.0,0.0,0.005,0.0,0.0,0.0,0.0,0.0,0.0,0.0
0,0,,0.715,0.0,0.0,0.0,0.0,0.0,0.0,0.0,0.015,0.0,0.0,0.005,0.0,0.0,0.005,0.0,0.0,0.0,0.015,0.0,0.0,0.0,0.0,0.0,0.0,0.0,0.0,0.055,0.005,0.03,0.015,0.005,0.0,0.0,0.0,0.0,0.0,0.0,0.0,0.0,0.0,0.0,0.01,0.005,0.0,0.005,0.0,0.065,0.005,0.0,0.0,0.01,0.01,0.0,0.0,0.005,0.0,0.0,0.0,0.02
0,0,,0.835,0.0,0.0,0.0,0.005,0.0,0.0,0.0,0.025,0.0,0.0,0.01,0.0,0.0,0.0,0.0,0.0,0.0,0.005,0.015,0.0,0.0,0.015,0.0,0.0,0.0,0.0,0.02,0.01,0.01,0.005,0.0,0.0,0.0,0.0,0.0,0.0,0.0,0.0,0.0,0.0,0.0,0.0,0.0,0.0,0.0,0.0,0.02,0.0,0.0,0.0,0.0,0.015,0.0,0.0,0.005,0.0,0.0,0.005,0.0
0,0,,0.84,0.0,0.0,0.0,0.0,0.0,0.0,0.0,0.005,0.0,0.0,0.01,0.0,0.0,0.005,0.0,0.0,0.0,0.01,0.0,0.0,0.0,0.01,0.0,0.0,0.0,0.0,0.0,0.01,0.0,0.005,0.0,0.0,0.015,0.0,0.01,0.0,0.0,0.0,0.0,0.0,0.0,0.03,0.0,0.0,0.005,0.0,0.015,0.005,0.0,0.0,0.005,0.01,0.0,0.0,0.0,0.0,0.0,0.0,0.01
1,1,,0.0,0.84,0.0,0.005,0.0,0.0,0.0,0.0,0.0,0.04,0.0,0.0,0.0,0.0,0.005,0.005,0.0,0.0,0.0,0.0,0.0,0.0,0.0,0.0,0.0,0.0,0.0,0.0,0.005,0.0,0.0,0.0,0.0,0.0,0.0,0.0,0.0,0.0,0.0,0.0,0.0,0.0,0.0,0.0,0.0,0.005,0.055,0.0,0.0,0.0,0.0,0.005,0.0,0.0,0.025,0.0,0.01,0.0,0.0,0.0
1,1,,0.0,0.985,0.005,0.0,0.0,0.0,0.0,0.0,0.0,0.005,0.0,0.0,0.0,0.0,0.005,0.0,0.0,0.0,0.0,0.0,0.0,0.0,0.0,0.0,0.0,0.0,0.0,0.0,0.0,0.0,0.0,0.0,0.0,0.0,0.0,0.0,0.0,0.0,0.0,0.0,0.0,0.0,0.0,0.0,0.0,0.0,0.0,0.0,0.0,0.0,0.0,0.0,0.0,0.0,0.0,0.0,0.0,0.0,0.0,0.0
1,1,,0.005,0.5,0.035,0.02,0.0,0.0,0.0,0.0,0.0,0.1,0.0,0.0,0.0,0.0,0.015,0.015,0.0,0.0,0.0,0.0,0.0,0.0,0.0,0.0,0.0,0.0,0.0,0.0,0.0,0.0,0.0,0.0,0.0,0.0,0.025,0.0,0.01,0.0,0.01,0.005,0.0,0.0,0.0,0.0,0.0,0.03,0.08,0.0,0.0,0.0,0.0,0.01,0.005,0.01,0.095,0.0,0.03,0.0,0.0,0.0
1,46,,0.0,0.22,0.03,0.005,0.0,0.0,0.0,0.01,0.0,0.01,0.0,0.0,0.005,0.0,0.0,0.0,0.0,0.0,0.0,0.0,0.0,0.0,0.0,0.0,0.0,0.0,0.0,0.0,0.01,0.0,0.0,0.0,0.005,0.0,0.04,0.0,0.0,0.0,0.11,0.0,0.0,0.0,0.0,0.0,0.0,0.0,0.405,0.0,0.0,0.0,0.005,0.0,0.0,0.01,0.11,0.0,0.025,0.0,0.0,0.0
1,1,,0.0,0.71,0.005,0.0,0.0,0.0,0.005,0.0,0.0,0.025,0.0,0.0,0.0,0.0,0.03,0.0,0.0,0.0,0.0,0.0,0.0,0.0,0.005,0.0,0.0,0.0,0.0,0.0,0.005,0.0,0.0,0.0,0.0,0.0,0.015,0.0,0.005,0.0,0.0,0.0,0.0,0.0,0.0,0.0,0.0,0.0,0.04,0.0,0.0,0.0,0.0,0.005,0.01,0.0,0.07,0.0,0.07,0.0,0.0,0.0
1,1,,0.005,0.33,0.0,0.03,0.0,0.0,0.005,0.0,0.0,0.065,0.0,0.0,0.0,0.0,0.15,0.015,0.0,0.0,0.0,0.0,0.0,0.0,0.0,0.0,0.0,0.0,0.0,0.0,0.0,0.0,0.0,0.0,0.0,0.0,0.025,0.0,0.0,0.0,0.01,0.005,0.0,0.0,0.0,0.0,0.0,0.08,0.06,0.0,0.0,0.0,0.0,0.0,0.01,0.0,0.065,0.0,0.145,0.0,0.0,0.0
1,1,,0.0,0.545,0.02,0.005,0.0,0.0,0.02,0.0,0.0,0.06,0.0,0.005,0.005,0.0,0.08,0.01,0.0,0.0,0.0,0.0,0.0,0.0,0.005,0.01,0.0,0.0,0.0,0.0,0.01,0.0,0.0,0.0,0.0,0.0,0.02,0.0,0.0,0.0,0.005,0.02,0.0,0.0,0.0,0.0,0.0,0.01,0.05,0.0,0.0,0.0,0.0,0.015,0.01,0.0,0.035,0.0,0.06,0.0,0.0,0.0
1,1,,0.0,0.995,0.0,0.0,0.0,0.0,0.0,0.0,0.0,0.0,0.0,0.0,0.0,0.0,0.0,0.0,0.0,0.0,0.0,0.0,0.0,0.0,0.0,0.0,0.0,0.0,0.0,0.0,0.0,0.0,0.0,0.0,0.0,0.0,0.0,0.0,0.0,0.0,0.0,0.0,0.0,0.0,0.0,0.0,0.0,0.0,0.005,0.0,0.0,0.0,0.0,0.0,0.0,0.0,0.0,0.0,0.0,0.0,0.0,0.0
1,1,,0.0,0.45,0.005,0.0,0.0,0.0,0.0,0.0,0.0,0.14,0.0,0.0,0.0,0.0,0.02,0.0,0.0,0.0,0.0,0.0,0.0,0.0,0.0,0.0,0.0,0.0,0.0,0.0,0.0,0.0,0.0,0.0,0.0,0.0,0.0,0.0,0.0,0.0,0.03,0.0,0.0,0.0,0.0,0.0,0.0,0.02,0.23,0.0,0.0,0.0,0.0,0.0,0.01,0.0,0.095,0.0,0.0,0.0,0.0,0.0
1,1,,0.0,0.585,0.005,0.005,0.0,0.0,0.01,0.0,0.0,0.005,0.0,0.0,0.0,0.0,0.04,0.005,0.0,0.0,0.0,0.0,0.0,0.0,0.005,0.0,0.0,0.0,0.0,0.0,0.005,0.0,0.0,0.0,0.0,0.0,0.005,0.0,0.0,0.0,0.005,0.0,0.0,0.0,0.0,0.0,0.0,0.03,0.025,0.0,0.0,0.0,0.0,0.005,0.01,0.0,0.045,0.0,0.21,0.0,0.0,0.0
2,2,,0.0,0.005,0.81,0.0,0.0,0.0,0.0,0.005,0.0,0.005,0.0,0.0,0.005,0.0,0.005,0.01,0.0,0.0,0.0,0.0,0.0,0.0,0.0,0.005,0.0,0.0,0.0,0.0,0.0,0.0,0.0,0.0,0.0,0.0,0.0,0.0,0.01,0.0,0.01,0.005,0.01,0.0,0.0,0.0,0.0,0.0,0.035,0.0,0.0,0.0,0.0,0.005,0.0,0.035,0.035,0.0,0.0,0.0,0.0,0.005
2,2,,0.0,0.005,0.705,0.0,0.0,0.0,0.005,0.015,0.0,0.005,0.0,0.0,0.005,0.0,0.0,0.01,0.0,0.0,0.0,0.0,0.0,0.0,0.0,0.02,0.0,0.0,0.0,0.0,0.0,0.0,0.0,0.0,0.0,0.0,0.01,0.0,0.025,0.0,0.01,0.0,0.015,0.0,0.0,0.0,0.0,0.005,0.01,0.0,0.0,0.0,0.0,0.0,0.0,0.105,0.035,0.01,0.005,0.0,0.0,0.0
2,2,,0.0,0.015,0.65,0.01,0.0,0.0,0.0,0.005,0.0,0.005,0.0,0.005,0.0,0.0,0.02,0.0,0.0,0.0,0.0,0.0,0.0,0.0,0.0,0.01,0.0,0.0,0.0,0.0,0.0,0.0,0.0,0.0,0.0,0.0,0.0,0.0,0.03,0.0,0.1,0.01,0.0,0.0,0.0,0.0,0.0,0.0,0.03,0.0,0.0,0.0,0.0,0.0,0.0,0.045,0.055,0.0,0.01,0.0,0.0,0.0
2,2,,0.0,0.0,0.745,0.005,0.0,0.0,0.0,0.0,0.0,0.0,0.0,0.01,0.04,0.0,0.005,0.0,0.0,0.0,0.0,0.0,0.0,0.01,0.01,0.0,0.0,0.0,0.0,0.0,0.005,0.0,0.0,0.0,0.06,0.02,0.005,0.0,0.005,0.0,0.005,0.0,0.015,0.0,0.005,0.01,0.0,0.0,0.02,0.0,0.0,0.0,0.015,0.0,0.0,0.0,0.01,0.0,0.0,0.0,0.0,0.0
2,2,,0.0,0.0,0.73,0.0,0.0,0.0,0.0,0.0,0.0,0.0,0.0,0.0,0.095,0.0,0.0,0.0,0.0,0.0,0.0,0.0,0.0,0.015,0.0,0.0,0.0,0.0,0.0,0.0,0.015,0.0,0.0,0.0,0.075,0.01,0.01,0.0,0.0,0.0,0.0,0.0,0.01,0.0,0.005,0.005,0.0,0.0,0.0,0.0,0.0,0.0,0.005,0.0,0.0,0.0,0.015,0.005,0.0,0.0,0.0,0.005
2,2,,0.0,0.0,0.645,0.0,0.005,0.0,0.0,0.0,0.0,0.0,0.0,0.005,0.135,0.0,0.005,0.0,0.0,0.0,0.0,0.0,0.0,0.015,0.0,0.005,0.0,0.0,0.0,0.0,0.025,0.005,0.0,0.0,0.06,0.01,0.005,0.0,0.005,0.0,0.005,0.005,0.01,0.0,0.005,0.0,0.0,0.0,0.015,0.0,0.0,0.0,0.01,0.0,0.0,0.0,0.01,0.005,0.005,0.0,0.0,0.005
2,2,,0.0,0.0,0.74,0.0,0.0,0.0,0.0,0.0,0.0,0.005,0.0,0.01,0.015,0.005,0.0,0.0,0.005,0.0,0.0,0.0,0.0,0.01,0.0,0.005,0.0,0.0,0.0,0.0,0.0,0.0,0.0,0.01,0.015,0.005,0.035,0.0,0.01,0.0,0.01,0.005,0.015,0.0,0.0,0.005,0.0,0.005,0.06,0.005,0.0,0.0,0.0,0.0,0.0,0.005,0.02,0.0,0.0,0.0,0.0,0.0
2,2,,0.0,0.02,0.7,0.0,0.0,0.0,0.005,0.005,0.0,0.02,0.0,0.005,0.0,0.0,0.0,0.005,0.0,0.0,0.0,0.0,0.0,0.0,0.0,0.01,0.0,0.0,0.0,0.0,0.005,0.0,0.0,0.0,0.0,0.0,0.025,0.0,0.0,0.0,0.045,0.015,0.005,0.0,0.0,0.0,0.0,0.005,0.045,0.0,0.0,0.0,0.0,0.015,0.0,0.01,0.045,0.0,0.015,0.0,0.0,0.0
2,2,,0.005,0.0,0.735,0.0,0.0,0.0,0.005,0.0,0.0,0.0,0.0,0.005,0.065,0.0,0.0,0.0,0.0,0.0,0.0,0.0,0.0,0.015,0.005,0.005,0.0,0.0,0.0,0.0,0.035,0.0,0.0,0.0,0.02,0.005,0.01,0.0,0.0,0.0,0.01,0.005,0.005,0.0,0.01,0.0,0.0,0.0,0.01,0.005,0.0,0.0,0.01,0.0,0.005,0.0,0.01,0.015,0.0,0.0,0.0,0.005
2,12,,0.0,0.0,0.275,0.0,0.0,0.0,0.0,0.005,0.0,0.015,0.0,0.03,0.455,0.0,0.005,0.005,0.0,0.0,0.0,0.005,0.0,0.0,0.0,0.0,0.0,0.0,0.0,0.0,0.04,0.01,0.0,0.01,0.02,0.005,0.005,0.005,0.005,0.0,0.01,0.005,0.0,0.0,0.015,0.0,0.0,0.005,0.005,0.0,0.0,0.0,0.015,0.005,0.005,0.005,0.005,0.01,0.01,0.0,0.0,0.01
3,3,,0.015,0.015,0.005,0.745,0.0,0.0,0.0,0.0,0.0,0.01,0.0,0.005,0.0,0.0,0.05,0.0,0.0,0.0,0.0,0.0,0.0,0.0,0.0,0.0,0.0,0.0,0.0,0.005,0.005,0.0,0.0,0.0,0.0,0.0,0.0,0.0,0.005,0.0,0.0,0.0,0.01,0.0,0.0,0.0,0.0,0.065,0.01,0.0,0.0,0.0,0.0,0.0,0.03,0.0,0.005,0.0,0.02,0.0,0.0,0.0
3,3,,0.0,0.0,0.005,0.92,0.0,0.0,0.005,0.0,0.0,0.0,0.0,0.0,0.0,0.0,0.015,0.0,0.0,0.0,0.0,0.0,0.0,0.0,0.0,0.0,0.0,0.0,0.0,0.0,0.0,0.0,0.0,0.0,0.0,0.0,0.0,0.0,0.005,0.0,0.0,0.005,0.0,0.0,0.0,0.0,0.0,0.015,0.01,0.0,0.0,0.0,0.0,0.0,0.005,0.005,0.0,0.0,0.01,0.0,0.0,0.0
3,3,,0.0,0.025,0.0,0.7,0.0,0.0,0.0,0.0,0.0,0.005,0.0,0.0,0.0,0.0,0.06,0.0,0.0,0.0,0.0,0.0,0.0,0.0,0.0,0.0,0.0,0.0,0.0,0.0,0.0,0.0,0.0,0.0,0.0,0.0,0.0,0.0,0.0,0.0,0.0,0.005,0.0,0.0,0.0,0.0,0.0,0.12,0.02,0.0,0.0,0.0,0.0,0.0,0.0,0.0,0.02,0.0,0.045,0.0,0.0,0.0
3,3,,0.01,0.01,0.01,0.815,0.0,0.0,0.0,0.0,0.0,0.0,0.0,0.01,0.0,0.0,0.025,0.0,0.0,0.0,0.0,0.0,0.0,0.0,0.005,0.01,0.005,0.0,0.0,0.005,0.01,0.0,0.0,0.0,0.0,0.0,0.0,0.0,0.0,0.0,0.0,0.0,0.0,0.0,0.0,0.0,0.0,0.03,0.005,0.0,0.0,0.0,0.0,0.0,0.01,0.0,0.02,0.0,0.015,0.0,0.0,0.005
3,3,,0.0,0.005,0.005,0.825,0.0,0.0,0.0,0.0,0.0,0.005,0.0,0.0,0.0,0.0,0.04,0.0,0.0,0.0,0.0,0.0,0.0,0.0,0.0,0.0,0.0,0.0,0.0,0.0,0.0,0.0,0.0,0.0,0.0,0.0,0.005,0.0,0.0,0.0,0.005,0.005,0.0,0.0,0.0,0.0,0.0,0.075,0.005,0.0,0.0,0.0,0.0,0.0,0.0,0.0,0.0,0.0,0.025,0.0,0.0,0.0
3,3,,0.0,0.005,0.0,0.95,0.0,0.0,0.0,0.0,0.0,0.005,0.0,0.0,0.0,0.0,0.01,0.0,0.0,0.0,0.0,0.0,0.0,0.0,0.0,0.0,0.0,0.0,0.0,0.0,0.0,0.0,0.0,0.0,0.0,0.0,0.0,0.0,0.0,0.0,0.0,0.0,0.0,0.0,0.0,0.0,0.0,0.03,0.0,0.0,0.0,0.0,0.0,0.0,0.0,0.0,0.0,0.0,0.0,0.0,0.0,0.0
3,3,,0.0,0.0,0.0,0.935,0.0,0.0,0.0,0.0,0.0,0.0,0.0,0.0,0.0,0.0,0.015,0.0,0.0,0.0,0.0,0.0,0.0,0.0,0.0,0.0,0.0,0.0,0.0,0.0,0.0,0.005,0.0,0.0,0.0,0.0,0.0,0.0,0.0,0.0,0.0,0.0,0.0,0.0,0.0,0.0,0.0,0.03,0.0,0.0,0.0,0.0,0.0,0.0,0.0,0.0,0.01,0.0,0.005,0.0,0.0,0.0
3,3,,0.005,0.005,0.0,0.905,0.0,0.0,0.0,0.0,0.0,0.005,0.0,0.0,0.0,0.0,0.02,0.0,0.0,0.0,0.0,0.0,0.0,0.0,0.0,0.0,0.005,0.0,0.0,0.0,0.0,0.0,0.0,0.0,0.0,0.0,0.01,0.0,0.0,0.0,0.0,0.005,0.0,0.0,0.0,0.0,0.0,0.03,0.005,0.0,0.0,0.0,0.0,0.0,0.0,0.0,0.0,0.0,0.005,0.0,0.0,0.0
3,3,,0.0,0.005,0.005,0.88,0.0,0.0,0.0,0.0,0.0,0.005,0.0,0.0,0.0,0.0,0.04,0.0,0.0,0.0,0.0,0.0,0.0,0.0,0.0,0.0,0.0,0.0,0.0,0.0,0.0,0.0,0.0,0.0,0.005,0.0,0.0,0.0,0.0,0.0,0.0,0.005,0.0,0.0,0.0,0.0,0.0,0.035,0.005,0.0,0.0,0.0,0.0,0.0,0.005,0.0,0.005,0.0,0.005,0.0,0.0,0.0
3,3,,0.0,0.015,0.0,0.88,0.0,0.0,0.0,0.0,0.0,0.005,0.0,0.0,0.0,0.0,0.02,0.0,0.0,0.0,0.0,0.0,0.0,0.0,0.0,0.0,0.0,0.0,0.0,0.0,0.0,0.0,0.0,0.0,0.0,0.0,0.0,0.0,0.0,0.0,0.0,0.0,0.0,0.0,0.0,0.0,0.0,0.05,0.005,0.0,0.0,0.0,0.0,0.0,0.0,0.0,0.005,0.0,0.02,0.0,0.0,0.0
4,4,,0.005,0.0,0.0,0.0,0.545,0.0,0.0,0.0,0.0,0.0,0.0,0.005,0.0,0.04,0.0,0.015,0.245,0.005,0.0,0.0,0.0,0.0,0.015,0.0,0.005,0.005,0.005,0.005,0.0,0.0,0.0,0.005,0.0,0.025,0.0,0.02,0.01,0.0,0.0,0.0,0.0,0.0,0.01,0.01,0.005,0.0,0.0,0.0,0.0,0.0,0.005,0.0,0.0,0.0,0.0,0.015,0.0,0.0,0.0,0.0
4,4,,0.01,0.0,0.0,0.0,0.77,0.0,0.0,0.0,0.0,0.0,0.0,0.0,0.0,0.015,0.0,0.0,0.05,0.005,0.005,0.0,0.0,0.0,0.01,0.0,0.0,0.005,0.01,0.01,0.0,0.0,0.0,0.0,0.0,0.025,0.0,0.015,0.0,0.0,0.0,0.0,0.0,0.0,0.02,0.02,0.01,0.0,0.0,0.01,0.0,0.0,0.0,0.0,0.0,0.0,0.0,0.01,0.0,0.0,0.0,0.0
4,4,,0.005,0.0,0.0,0.0,0.72,0.0,0.0,0.0,0.0,0.0,0.0,0.005,0.0,0.02,0.0,0.005,0.055,0.005,0.01,0.0,0.0,0.0,0.015,0.0,0.0,0.0,0.005,0.005,0.0,0.01,0.0,0.005,0.0,0.03,0.0,0.015,0.0,0.0,0.0,0.0,0.0,0.005,0.025,0.02,0.015,0.0,0.0,0.0,0.005,0.005,0.0,0.0,0.0,0.0,0.0,0.015,0.0,0.0,0.0,0.0
4,4,,0.0,0.0,0.0,0.0,0.8,0.0,0.0,0.0,0.0,0.0,0.005,0.005,0.0,0.02,0.0,0.0,0.02,0.0,0.005,0.0,0.0,0.0,0.01,0.0,0.01,0.0,0.0,0.0,0.0,0.0,0.0,0.005,0.0,0.05,0.0,0.01,0.0,0.0,0.0,0.0,0.0,0.0,0.03,0.005,0.01,0.0,0.0,0.005,0.0,0.0,0.005,0.0,0.005,0.0,0.0,0.0,0.0,0.0,0.0,0.0
4,4,,0.0,0.0,0.0,0.0,0.73,0.005,0.0,0.0,0.0,0.0,0.005,0.0,0.0,0.02,0.0,0.0,0.02,0.01,0.005,0.0,0.0,0.0,0.005,0.0,0.0,0.015,0.0,0.0,0.0,0.0,0.005,0.025,0.005,0.06,0.0,0.005,0.0,0.0,0.0,0.0,0.005,0.0,0.045,0.015,0.005,0.0,0.0,0.0,0.0,0.0,0.01,0.0,0.005,0.0,0.0,0.0,0.0,0.0,0.0,0.0
4,4,,0.0,0.0,0.0,0.0,0.555,0.005,0.0,0.0,0.0,0.0,0.0,0.01,0.0,0.01,0.0,0.0,0.075,0.015,0.005,0.0,0.0,0.0,0.04,0.0,0.0,0.005,0.0,0.0,0.005,0.005,0.005,0.06,0.005,0.05,0.0,0.02,0.0,0.0,0.0,0.0,0.0,0.0,0.05,0.025,0.015,0.0,0.0,0.005,0.0,0.0,0.005,0.0,0.0,0.0,0.0,0.02,0.0,0.0,0.0,0.01
4,20,,0.0,0.0,0.0,0.0,0.005,0.045,0.0,0.0,0.085,0.0,0.0,0.0,0.0,0.01,0.0,0.0,0.0,0.03,0.065,0.075,0.255,0.005,0.0,0.015,0.005,0.005,0.0,0.02,0.015,0.01,0.12,0.065,0.0,0.015,0.0,0.015,0.0,0.0,0.0,0.0,0.0,0.01,0.0,0.015,0.0,0.0,0.0,0.005,0.005,0.0,0.005,0.01,0.07,0.0,0.0,0.0,0.0,0.0,0.0,0.02
4,4,,0.0,0.0,0.0,0.0,0.665,0.005,0.0,0.005,0.005,0.0,0.0,0.0,0.01,0.035,0.0,0.0,0.01,0.005,0.0,0.0,0.005,0.0,0.0,0.0,0.015,0.005,0.0,0.0,0.01,0.0,0.0,0.015,0.01,0.025,0.0,0.02,0.0,0.0,0.0,0.0,0.0,0.0,0.065,0.02,0.0,0.0,0.0,0.0,0.0,0.015,0.045,0.0,0.0,0.0,0.0,0.01,0.0,0.0,0.0,0.0
4,4,,0.005,0.0,0.0,0.0,0.715,0.0,0.0,0.0,0.0,0.0,0.005,0.01,0.0,0.01,0.0,0.0,0.025,0.015,0.005,0.0,0.0,0.0,0.005,0.0,0.0,0.01,0.0,0.0,0.0,0.005,0.0,0.035,0.01,0.04,0.0,0.005,0.0,0.0,0.0,0.0,0.0,0.0,0.035,0.02,0.015,0.0,0.005,0.005,0.005,0.0,0.01,0.0,0.0,0.0,0.0,0.0,0.0,0.0,0.0,0.005
4,35,,0.01,0.0,0.005,0.0,0.02,0.06,0.0,0.0,0.005,0.0,0.015,0.005,0.0,0.02,0.0,0.0,0.0,0.065,0.035,0.005,0.035,0.0,0.0,0.0,0.015,0.075,0.0,0.01,0.0,0.02,0.035,0.04,0.03,0.09,0.0,0.105,0.005,0.05,0.0,0.0,0.01,0.045,0.01,0.025,0.0,0.0,0.005,0.015,0.0,0.005,0.09,0.0,0.0,0.0,0.0,0.0,0.0,0.01,0.005,0.025
5,5,,0.005,0.0,0.0,0.0,0.01,0.295,0.0,0.0,0.0,0.0,0.03,0.0,0.0,0.05,0.0,0.0,0.015,0.02,0.04,0.005,0.015,0.0,0.01,0.0,0.015,0.07,0.0,0.005,0.01,0.02,0.0,0.01,0.045,0.01,0.0,0.03,0.01,0.005,0.0,0.0,0.0,0.0,0.01,0.04,0.0,0.0,0.005,0.05,0.005,0.0,0.065,0.01,0.01,0.0,0.0,0.025,0.0,0.005,0.0,0.05
5,47,,0.025,0.0,0.0,0.0,0.03,0.055,0.0,0.0,0.005,0.0,0.0,0.0,0.0,0.015,0.0,0.0,0.005,0.005,0.11,0.085,0.01,0.0,0.0,0.0,0.055,0.005,0.0,0.015,0.0,0.025,0.055,0.005,0.035,0.035,0.0,0.015,0.005,0.0,0.0,0.0,0.0,0.005,0.03,0.005,0.0,0.0,0.0,0.27,0.0,0.015,0.01,0.0,0.01,0.0,0.0,0.0,0.0,0.055,0.0,0.005
5,18,,0.005,0.0,0.0,0.0,0.025,0.135,0.0,0.0,0.015,0.0,0.015,0.0,0.0,0.015,0.0,0.0,0.03,0.0,0.185,0.05,0.055,0.0,0.0,0.0,0.06,0.0,0.0,0.01,0.01,0.025,0.06,0.0,0.01,0.035,0.0,0.025,0.005,0.005,0.0,0.0,0.0,0.005,0.02,0.025,0.005,0.0,0.0,0.1,0.0,0.01,0.005,0.005,0.005,0.0,0.0,0.005,0.0,0.035,0.0,0.005
5,18,,0.01,0.0,0.0,0.0,0.07,0.04,0.0,0.0,0.005,0.0,0.015,0.005,0.0,0.015,0.0,0.005,0.085,0.015,0.165,0.0,0.0,0.0,0.055,0.0,0.05,0.01,0.0,0.01,0.01,0.01,0.02,0.025,0.015,0.085,0.0,0.045,0.01,0.01,0.0,0.0,0.0,0.01,0.06,0.01,0.01,0.0,0.0,0.07,0.0,0.0,0.015,0.0,0.0,0.0,0.0,0.02,0.0,0.015,0.005,0.0
5,5,,0.0,0.0,0.0,0.0,0.01,0.31,0.0,0.0,0.01,0.0,0.045,0.005,0.0,0.015,0.0,0.0,0.005,0.03,0.1,0.005,0.095,0.0,0.005,0.0,0.0,0.015,0.0,0.0,0.0,0.02,0.02,0.005,0.03,0.01,0.0,0.075,0.0,0.005,0.0,0.0,0.0,0.0,0.0,0.025,0.0,0.0,0.0,0.045,0.01,0.0,0.03,0.005,0.005,0.0,0.0,0.015,0.0,0.0,0.0,0.05
5,5,,0.0,0.0,0.0,0.0,0.0,0.39,0.0,0.0,0.0,0.0,0.01,0.0,0.0,0.0,0.0,0.0,0.0,0.0,0.045,0.0,0.125,0.0,0.0,0.0,0.08,0.0,0.0,0.005,0.0,0.0,0.01,0.005,0.0,0.0,0.0,0.02,0.0,0.21,0.0,0.0,0.0,0.0,0.0,0.0,0.0,0.0,0.0,0.0,0.0,0.0,0.0,0.0,0.0,0.0,0.0,0.0,0.0,0.1,0.0,0.0
5,18,,0.015,0.0,0.0,0.0,0.025,0.05,0.0,0.0,0.02,0.0,0.025,0.005,0.0,0.005,0.0,0.0,0.01,0.02,0.16,0.06,0.03,0.0,0.01,0.0,0.075,0.0,0.0,0.005,0.01,0.015,0.055,0.005,0.01,0.065,0.0,0.065,0.005,0.01,0.0,0.0,0.0,0.015,0.035,0.02,0.0,0.0,0.0,0.085,0.005,0.0,0.01,0.0,0.03,0.0,0.0,0.005,0.0,0.025,0.0,0.015
5,5,,0.0,0.0,0.0,0.0,0.0,0.205,0.0,0.0,0.01,0.0,0.03,0.0,0.0,0.0,0.0,0.0,0.0,0.005,0.075,0.015,0.18,0.0,0.0,0.0,0.04,0.0,0.0,0.0,0.0,0.0,0.18,0.025,0.0,0.02,0.0,0.055,0.005,0.05,0.0,0.0,0.0,0.01,0.0,0.005,0.0,0.0,0.0,0.02,0.0,0.0,0.005,0.0,0.0,0.0,0.0,0.0,0.005,0.045,0.005,0.01
5,5,,0.0,0.0,0.0,0.0,0.0,0.31,0.0,0.0,0.0,0.0,0.0,0.0,0.0,0.0,0.0,0.0,0.0,0.015,0.03,0.005,0.31,0.0,0.0,0.0,0.02,0.0,0.0,0.0,0.0,0.005,0.1,0.01,0.0,0.005,0.0,0.03,0.0,0.11,0.0,0.0,0.0,0.005,0.0,0.0,0.0,0.0,0.0,0.0,0.0,0.0,0.0,0.0,0.0,0.0,0.0,0.0,0.0,0.045,0.0,0.0
5,19,,0.025,0.0,0.0,0.0,0.0,0.035,0.0,0.0,0.035,0.0,0.01,0.0,0.0,0.005,0.0,0.0,0.0,0.025,0.09,0.35,0.06,0.0,0.0,0.0,0.0,0.0,0.0,0.015,0.0,0.025,0.095,0.005,0.005,0.015,0.0,0.03,0.0,0.0,0.0,0.0,0.0,0.005,0.025,0.02,0.0,0.0,0.0,0.08,0.0,0.0,0.0,0.01,0.025,0.0,0.0,0.0,0.0,0.005,0.0,0.005
6,6,,0.0,0.005,0.015,0.005,0.0,0.0,0.695,0.015,0.0,0.005,0.0,0.0,0.005,0.0,0.05,0.02,0.0,0.0,0.0,0.0,0.0,0.0,0.0,0.01,0.0,0.0,0.0,0.0,0.005,0.0,0.0,0.0,0.0,0.0,0.0,0.0,0.005,0.0,0.0,0.035,0.0,0.0,0.0,0.0,0.0,0.08,0.0,0.0,0.0,0.0,0.0,0.015,0.015,0.005,0.0,0.0,0.015,0.0,0.0,0.0
6,6,,0.0,0.0,0.0,0.005,0.0,0.0,0.885,0.0,0.0,0.01,0.0,0.005,0.0,0.0,0.005,0.005,0.0,0.0,0.0,0.0,0.0,0.0,0.0,0.015,0.0,0.0,0.0,0.0,0.0,0.0,0.0,0.0,0.0,0.0,0.0,0.0,0.015,0.0,0.0,0.01,0.0,0.0,0.0,0.0,0.0,0.0,0.0,0.0,0.0,0.0,0.0,0.005,0.005,0.01,0.0,0.0,0.025,0.0,0.0,0.0
6,6,,0.0,0.0,0.0,0.01,0.0,0.0,0.91,0.0,0.0,0.0,0.0,0.005,0.0,0.0,0.01,0.015,0.0,0.0,0.0,0.0,0.0,0.0,0.0,0.01,0.0,0.0,0.0,0.005,0.0,0.0,0.0,0.0,0.0,0.0,0.0,0.0,0.005,0.0,0.0,0.015,0.0,0.0,0.0,0.0,0.0,0.0,0.0,0.0,0.0,0.0,0.0,0.0,0.0,0.005,0.0,0.0,0.01,0.0,0.0,0.0
6,6,,0.0,0.0,0.0,0.0,0.0,0.0,0.89,0.01,0.0,0.0,0.0,0.0,0.0,0.0,0.01,0.0,0.0,0.0,0.0,0.0,0.0,0.0,0.005,0.01,0.0,0.0,0.0,0.0,0.0,0.0,0.0,0.0,0.0,0.0,0.0,0.0,0.01,0.0,0.0,0.02,0.0,0.0,0.0,0.0,0.0,0.015,0.0,0.0,0.0,0.0,0.0,0.01,0.005,0.0,0.0,0.0,0.015,0.0,0.0,0.0
6,6,,0.0,0.005,0.01,0.005,0.0,0.0,0.84,0.045,0.0,0.0,0.0,0.0,0.0,0.0,0.0,0.005,0.0,0.0,0.0,0.0,0.0,0.0,0.0,0.03,0.0,0.0,0.0,0.0,0.01,0.0,0.0,0.0,0.005,0.0,0.0,0.0,0.01,0.0,0.0,0.01,0.0,0.0,0.0,0.0,0.0,0.0,0.0,0.0,0.0,0.0,0.0,0.01,0.005,0.0,0.0,0.0,0.01,0.0,0.0,0.0
6,6,,0.0,0.0,0.0,0.0,0.0,0.0,0.815,0.02,0.0,0.005,0.0,0.0,0.0,0.0,0.02,0.0,0.0,0.0,0.0,0.0,0.0,0.0,0.0,0.01,0.0,0.0,0.0,0.0,0.01,0.0,0.0,0.0,0.01,0.0,0.005,0.0,0.01,0.0,0.0,0.035,0.0,0.0,0.0,0.0,0.0,0.015,0.0,0.0,0.0,0.0,0.0,0.005,0.015,0.0,0.005,0.0,0.02,0.0,0.0,0.0
6,6,,0.0,0.02,0.01,0.005,0.0,0.0,0.665,0.005,0.005,0.01,0.0,0.005,0.0,0.0,0.03,0.045,0.0,0.0,0.0,0.0,0.0,0.0,0.005,0.01,0.0,0.0,0.0,0.0,0.01,0.0,0.0,0.0,0.0,0.0,0.005,0.0,0.01,0.0,0.005,0.01,0.0,0.0,0.005,0.0,0.0,0.035,0.005,0.005,0.0,0.0,0.0,0.075,0.005,0.0,0.005,0.0,0.01,0.0,0.0,0.0
6,6,,0.0,0.005,0.0,0.005,0.0,0.0,0.845,0.025,0.0,0.01,0.0,0.0,0.0,0.0,0.01,0.03,0.005,0.0,0.0,0.0,0.0,0.0,0.0,0.0,0.0,0.0,0.0,0.0,0.005,0.0,0.0,0.0,0.0,0.0,0.0,0.0,0.01,0.0,0.0,0.01,0.0,0.0,0.0,0.0,0.0,0.0,0.0,0.0,0.0,0.0,0.01,0.01,0.005,0.0,0.0,0.0,0.01,0.0,0.005,0.0
6,6,,0.0,0.0,0.0,0.0,0.0,0.0,0.885,0.025,0.0,0.0,0.0,0.0,0.005,0.0,0.01,0.015,0.0,0.0,0.0,0.0,0.0,0.0,0.0,0.01,0.0,0.0,0.0,0.0,0.0,0.0,0.0,0.0,0.0,0.0,0.0,0.0,0.0,0.0,0.0,0.01,0.0,0.0,0.0,0.0,0.0,0.005,0.0,0.0,0.0,0.0,0.0,0.025,0.0,0.0,0.0,0.005,0.0,0.0,0.005,0.0
6,6,,0.0,0.0,0.0,0.0,0.0,0.0,0.9,0.0,0.0,0.0,0.0,0.0,0.0,0.0,0.01,0.01,0.0,0.0,0.0,0.0,0.0,0.005,0.0,0.02,0.0,0.0,0.0,0.005,0.0,0.0,0.0,0.0,0.0,0.0,0.0,0.0,0.01,0.0,0.0,0.005,0.0,0.0,0.0,0.0,0.0,0.005,0.0,0.005,0.0,0.0,0.0,0.01,0.0,0.0,0.0,0.0,0.015,0.0,0.0,0.0
7,7,,0.0,0.0,0.0,0.0,0.0,0.0,0.0,0.95,0.0,0.0,0.0,0.0,0.005,0.0,0.0,0.0,0.0,0.0,0.0,0.0,0.0,0.0,0.0,0.005,0.0,0.0,0.0,0.0,0.0,0.0,0.0,0.0,0.0,0.0,0.0,0.0,0.01,0.0,0.0,0.0,0.0,0.0,0.0,0.0,0.0,0.0,0.005,0.0,0.0,0.0,0.0,0.01,0.0,0.0,0.0,0.005,0.01,0.0,0.0,0.0
7,7,,0.0,0.0,0.0,0.0,0.0,0.0,0.03,0.825,0.0,0.005,0.0,0.0,0.01,0.0,0.0,0.015,0.0,0.0,0.0,0.0,0.0,0.0,0.0,0.01,0.0,0.0,0.0,0.0,0.005,0.0,0.0,0.0,0.015,0.0,0.0,0.0,0.025,0.0,0.0,0.005,0.0,0.0,0.0,0.0,0.0,0.0,0.01,0.0,0.0,0.0,0.0,0.01,0.005,0.0,0.005,0.02,0.0,0.0,0.0,0.005
7,7,,0.0,0.0,0.0,0.0,0.0,0.0,0.005,0.98,0.0,0.0,0.0,0.0,0.0,0.0,0.0,0.005,0.0,0.0,0.0,0.0,0.0,0.0,0.0,0.005,0.0,0.0,0.0,0.0,0.0,0.0,0.0,0.0,0.0,0.0,0.0,0.0,0.005,0.0,0.0,0.0,0.0,0.0,0.0,0.0,0.0,0.0,0.0,0.0,0.0,0.0,0.0,0.0,0.0,0.0,0.0,0.0,0.0,0.0,0.0,0.0
7,7,,0.0,0.0,0.005,0.0,0.0,0.0,0.005,0.935,0.0,0.0,0.0,0.0,0.0,0.0,0.0,0.005,0.0,0.0,0.0,0.0,0.0,0.0,0.0,0.005,0.0,0.0,0.0,0.0,0.005,0.0,0.0,0.0,0.01,0.0,0.0,0.005,0.005,0.0,0.0,0.0,0.0,0.0,0.0,0.0,0.0,0.0,0.005,0.0,0.0,0.0,0.0,0.015,0.0,0.0,0.0,0.0,0.0,0.0,0.0,0.0
7,7,,0.0,0.0,0.01,0.0,0.0,0.0,0.055,0.585,0.0,0.015,0.0,0.0,0.0,0.0,0.0,0.085,0.005,0.0,0.0,0.0,0.0,0.0,0.0,0.03,0.0,0.0,0.0,0.0,0.01,0.0,0.0,0.0,0.035,0.0,0.015,0.0,0.035,0.0,0.0,0.01,0.0,0.0,0.0,0.0,0.0,0.005,0.005,0.0,0.0,0.0,0.005,0.03,0.01,0.0,0.025,0.015,0.01,0.0,0.0,0.005
7,7,,0.0,0.0,0.0,0.0,0.0,0.0,0.02,0.725,0.0,0.005,0.0,0.0,0.0,0.0,0.005,0.06,0.005,0.0,0.0,0.0,0.0,0.0,0.0,0.025,0.0,0.0,0.0,0.0,0.0,0.0,0.0,0.0,0.01,0.0,0.01,0.005,0.05,0.0,0.0,0.015,0.0,0.0,0.0,0.0,0.0,0.0,0.005,0.0,0.0,0.0,0.01,0.02,0.0,0.0,0.015,0.005,0.01,0.0,0.0,0.0
7,7,,0.0,0.0,0.005,0.0,0.005,0.0,0.005,0.74,0.0,0.0,0.0,0.0,0.01,0.005,0.0,0.065,0.02,0.0,0.0,0.0,0.0,0.005,0.0,0.025,0.0,0.0,0.0,0.0,0.015,0.0,0.0,0.0,0.02,0.0,0.005,0.005,0.02,0.0,0.0,0.005,0.0,0.0,0.005,0.0,0.0,0.0,0.0,0.005,0.0,0.0,0.01,0.005,0.0,0.0,0.005,0.01,0.005,0.0,0.0,0.0
7,7,,0.005,0.005,0.01,0.0,0.0,0.0,0.04,0.815,0.0,0.005,0.0,0.0,0.0,0.0,0.0,0.02,0.0,0.0,0.0,0.0,0.0,0.0,0.0,0.02,0.0,0.0,0.0,0.0,0.005,0.0,0.0,0.0,0.01,0.0,0.005,0.0,0.015,0.0,0.0,0.015,0.0,0.0,0.0,0.0,0.0,0.0,0.0,0.0,0.0,0.0,0.005,0.015,0.0,0.0,0.0,0.0,0.01,0.0,0.0,0.0
7,7,,0.005,0.0,0.015,0.0,0.0,0.0,0.02,0.805,0.0,0.005,0.0,0.0,0.0,0.0,0.0,0.04,0.0,0.0,0.0,0.0,0.0,0.0,0.0,0.015,0.0,0.0,0.0,0.0,0.01,0.0,0.0,0.0,0.01,0.0,0.01,0.0,0.035,0.0,0.0,0.01,0.0,0.0,0.0,0.0,0.0,0.0,0.0,0.0,0.0,0.0,0.005,0.0,0.0,0.0,0.005,0.0,0.01,0.0,0.0,0.0
7,7,,0.0,0.0,0.0,0.0,0.0,0.0,0.0,0.97,0.0,0.0,0.0,0.0,0.0,0.0,0.0,0.005,0.0,0.0,0.0,0.0,0.0,0.0,0.0,0.0,0.0,0.0,0.0,0.0,0.0,0.0,0.0,0.0,0.005,0.0,0.0,0.0,0.01,0.0,0.0,0.0,0.0,0.0,0.0,0.0,0.0,0.0,0.0,0.0,0.0,0.0,0.0,0.005,0.0,0.0,0.0,0.0,0.0,0.0,0.0,0.005
8,8,,0.005,0.0,0.0,0.0,0.0,0.0,0.0,0.0,0.44,0.0,0.005,0.0,0.0,0.0,0.0,0.0,0.0,0.01,0.02,0.005,0.01,0.0,0.0,0.0,0.0,0.0,0.0,0.045,0.0,0.01,0.4,0.0,0.0,0.0,0.0,0.025,0.0,0.0,0.0,0.0,0.0,0.0,0.0,0.0,0.0,0.0,0.0,0.005,0.0,0.0,0.0,0.0,0.02,0.0,0.0,0.0,0.0,0.0,0.0,0.0
8,8,,0.0,0.0,0.0,0.0,0.0,0.0,0.0,0.0,0.805,0.0,0.0,0.0,0.0,0.0,0.0,0.0,0.0,0.005,0.005,0.045,0.03,0.0,0.0,0.0,0.0,0.0,0.0,0.0,0.0,0.0,0.07,0.01,0.0,0.0,0.0,0.0,0.0,0.005,0.0,0.0,0.0,0.01,0.005,0.0,0.0,0.0,0.0,0.0,0.0,0.0,0.0,0.0,0.01,0.0,0.0,0.0,0.0,0.0,0.0,0.0
8,30,,0.0,0.0,0.0,0.0,0.0,0.01,0.0,0.0,0.16,0.0,0.01,0.0,0.0,0.0,0.0,0.0,0.0,0.03,0.02,0.19,0.195,0.0,0.0,0.0,0.005,0.0,0.0,0.015,0.0,0.0,0.245,0.04,0.0,0.0,0.0,0.035,0.0,0.0,0.0,0.0,0.0,0.01,0.0,0.015,0.0,0.0,0.0,0.0,0.0,0.0,0.005,0.0,0.015,0.0,0.0,0.0,0.0,0.0,0.0,0.0
8,8,,0.0,0.0,0.0,0.0,0.0,0.0,0.0,0.0,0.305,0.0,0.0,0.0,0.0,0.0,0.0,0.0,0.0,0.02,0.015,0.145,0.115,0.0,0.0,0.0,0.0,0.0,0.0,0.015,0.0,0.0,0.265,0.015,0.0,0.005,0.0,0.045,0.0,0.005,0.0,0.0,0.0,0.01,0.0,0.015,0.0,0.0,0.0,0.0,0.0,0.0,0.005,0.0,0.015,0.0,0.0,0.0,0.0,0.0,0.0,0.005
8,8,,0.005,0.0,0.0,0.0,0.0,0.025,0.0,0.0,0.47,0.0,0.005,0.0,0.0,0.0,0.0,0.0,0.0,0.015,0.015,0.08,0.04,0.0,0.0,0.0,0.0,0.005,0.0,0.03,0.0,0.0,0.075,0.015,0.0,0.02,0.0,0.09,0.0,0.005,0.0,0.0,0.0,0.035,0.0,0.0,0.0,0.0,0.0,0.005,0.0,0.005,0.03,0.0,0.02,0.0,0.0,0.0,0.0,0.0,0.0,0.01
8,8,,0.0,0.0,0.0,0.0,0.0,0.0,0.0,0.0,0.705,0.0,0.0,0.005,0.0,0.0,0.0,0.0,0.0,0.02,0.005,0.05,0.035,0.0,0.0,0.0,0.0,0.0,0.0,0.015,0.0,0.0,0.09,0.015,0.0,0.005,0.0,0.015,0.0,0.0,0.0,0.0,0.0,0.02,0.0,0.005,0.0,0.0,0.0,0.0,0.0,0.0,0.0,0.005,0.0,0.0,0.0,0.0,0.0,0.0,0.0,0.01
8,8,,0.01,0.0,0.0,0.0,0.0,0.005,0.0,0.0,0.49,0.0,0.0,0.0,0.0,0.0,0.0,0.0,0.0,0.015,0.015,0.02,0.005,0.0,0.0,0.0,0.0,0.0,0.0,0.15,0.0,0.0,0.205,0.005,0.0,0.0,0.0,0.005,0.0,0.0,0.0,0.0,0.0,0.005,0.0,0.035,0.0,0.0,0.0,0.015,0.0,0.0,0.0,0.0,0.02,0.0,0.0,0.0,0.0,0.0,0.0,0.0
8,8,,0.005,0.0,0.0,0.0,0.0,0.0,0.0,0.0,0.49,0.0,0.0,0.0,0.0,0.0,0.0,0.0,0.0,0.01,0.02,0.025,0.015,0.0,0.0,0.0,0.0,0.0,0.0,0.21,0.0,0.0,0.13,0.005,0.0,0.0,0.0,0.02,0.0,0.0,0.0,0.0,0.0,0.005,0.0,0.025,0.0,0.0,0.0,0.015,0.0,0.0,0.0,0.0,0.025,0.0,0.0,0.0,0.0,0.0,0.0,0.0
8,8,,0.0,0.0,0.0,0.0,0.0,0.005,0.0,0.0,0.51,0.0,0.0,0.0,0.0,0.0,0.0,0.0,0.0,0.005,0.0,0.185,0.06,0.0,0.0,0.0,0.0,0.0,0.0,0.01,0.0,0.0,0.175,0.01,0.0,0.0,0.0,0.005,0.0,0.005,0.0,0.0,0.0,0.01,0.005,0.005,0.0,0.0,0.0,0.0,0.0,0.0,0.0,0.0,0.0,0.0,0.0,0.0,0.0,0.0,0.0,0.01
8,19,,0.005,0.0,0.0,0.0,0.0,0.07,0.0,0.0,0.02,0.0,0.005,0.005,0.0,0.0,0.0,0.0,0.005,0.04,0.03,0.27,0.165,0.0,0.005,0.0,0.01,0.0,0.0,0.03,0.005,0.015,0.15,0.03,0.0,0.0,0.0,0.02,0.0,0.01,0.0,0.0,0.0,0.015,0.01,0.03,0.0,0.0,0.0,0.04,0.0,0.005,0.005,0.0,0.0,0.0,0.0,0.0,0.0,0.005,0.0,0.0
9,9,,0.0,0.005,0.005,0.0,0.0,0.0,0.0,0.0,0.0,0.95,0.0,0.0,0.0,0.0,0.0,0.0,0.0,0.0,0.0,0.0,0.0,0.0,0.0,0.0,0.0,0.0,0.0,0.0,0.0,0.0,0.0,0.0,0.0,0.0,0.005,0.0,0.0,0.0,0.0,0.0,0.0,0.0,0.0,0.0,0.0,0.01,0.01,0.0,0.0,0.0,0.0,0.0,0.005,0.0,0.01,0.0,0.0,0.0,0.0,0.0
9,9,,0.0,0.015,0.0,0.005,0.0,0.0,0.0,0.0,0.0,0.88,0.0,0.0,0.0,0.0,0.005,0.025,0.0,0.0,0.0,0.0,0.0,0.0,0.0,0.0,0.0,0.0,0.0,0.0,0.0,0.0,0.0,0.0,0.005,0.0,0.0,0.0,0.0,0.0,0.005,0.0,0.0,0.0,0.0,0.0,0.0,0.02,0.025,0.0,0.0,0.0,0.0,0.0,0.005,0.0,0.01,0.0,0.0,0.0,0.0,0.0
9,3,,0.0,0.035,0.06,0.365,0.0,0.0,0.0,0.0,0.0,0.025,0.0,0.01,0.0,0.0,0.145,0.005,0.0,0.0,0.0,0.0,0.0,0.0,0.0,0.01,0.0,0.0,0.0,0.0,0.005,0.0,0.0,0.0,0.0,0.0,0.015,0.0,0.005,0.0,0.05,0.02,0.0,0.0,0.0,0.0,0.0,0.085,0.06,0.0,0.0,0.0,0.0,0.0,0.005,0.02,0.05,0.0,0.03,0.0,0.0,0.0
9,9,,0.01,0.035,0.01,0.02,0.0,0.0,0.01,0.02,0.0,0.45,0.0,0.005,0.01,0.0,0.005,0.095,0.005,0.0,0.0,0.0,0.0,0.005,0.0,0.0,0.0,0.0,0.0,0.0,0.07,0.0,0.0,0.0,0.03,0.0,0.035,0.0,0.025,0.0,0.005,0.0,0.0,0.0,0.015,0.0,0.0,0.04,0.01,0.0,0.0,0.0,0.0,0.025,0.025,0.0,0.01,0.02,0.005,0.0,0.0,0.005
9,9,,0.0,0.0,0.0,0.0,0.0,0.0,0.0,0.0,0.0,0.985,0.0,0.0,0.0,0.0,0.0,0.0,0.0,0.0,0.0,0.0,0.0,0.0,0.0,0.0,0.0,0.0,0.0,0.0,0.0,0.0,0.0,0.0,0.0,0.0,0.0,0.0,0.0,0.0,0.0,0.0,0.0,0.0,0.0,0.0,0.0,0.005,0.0,0.0,0.0,0.0,0.0,0.0,0.005,0.0,0.005,0.0,0.0,0.0,0.0,0.0
9,9,,0.0,0.01,0.01,0.0,0.0,0.0,0.0,0.0,0.0,0.935,0.0,0.0,0.0,0.0,0.01,0.0,0.0,0.0,0.0,0.0,0.0,0.0,0.0,0.0,0.0,0.0,0.0,0.0,0.0,0.0,0.0,0.0,0.0,0.0,0.0,0.0,0.0,0.0,0.0,0.005,0.0,0.0,0.0,0.0,0.0,0.01,0.005,0.0,0.0,0.0,0.0,0.0,0.01,0.0,0.005,0.0,0.0,0.0,0.0,0.0
9,9,,0.0,0.05,0.005,0.01,0.0,0.0,0.0,0.0,0.0,0.86,0.0,0.0,0.0,0.0,0.0,0.005,0.0,0.0,0.0,0.0,0.0,0.0,0.0,0.0,0.0,0.0,0.0,0.0,0.0,0.0,0.0,0.0,0.0,0.0,0.0,0.0,0.0,0.0,0.005,0.005,0.0,0.0,0.0,0.0,0.0,0.01,0.025,0.0,0.0,0.0,0.0,0.005,0.01,0.0,0.01,0.0,0.0,0.0,0.0,0.0
9,9,,0.0,0.01,0.0,0.005,0.0,0.0,0.0,0.0,0.0,0.93,0.0,0.0,0.0,0.0,0.0,0.005,0.0,0.0,0.0,0.0,0.0,0.0,0.0,0.0,0.0,0.0,0.0,0.0,0.005,0.0,0.0,0.0,0.005,0.0,0.0,0.0,0.0,0.0,0.005,0.0,0.0,0.0,0.0,0.0,0.0,0.005,0.01,0.0,0.0,0.0,0.0,0.0,0.005,0.0,0.015,0.0,0.0,0.0,0.0,0.0
9,9,,0.0,0.02,0.005,0.0,0.0,0.0,0.0,0.0,0.0,0.9,0.0,0.0,0.0,0.0,0.005,0.01,0.0,0.0,0.0,0.0,0.0,0.0,0.0,0.0,0.0,0.0,0.0,0.0,0.005,0.0,0.0,0.0,0.0,0.0,0.01,0.0,0.0,0.0,0.0,0.0,0.0,0.0,0.0,0.0,0.0,0.015,0.005,0.0,0.0,0.0,0.0,0.0,0.005,0.0,0.02,0.0,0.0,0.0,0.0,0.0
9,9,,0.0,0.005,0.005,0.0,0.0,0.0,0.0,0.0,0.0,0.965,0.0,0.0,0.0,0.0,0.005,0.0,0.0,0.0,0.0,0.0,0.0,0.0,0.0,0.0,0.0,0.0,0.0,0.0,0.0,0.0,0.0,0.0,0.0,0.0,0.0,0.0,0.0,0.0,0.005,0.005,0.0,0.0,0.0,0.0,0.0,0.005,0.0,0.0,0.0,0.0,0.0,0.0,0.0,0.0,0.005,0.0,0.0,0.0,0.0,0.0
10,59,,0.005,0.0,0.0,0.0,0.005,0.01,0.0,0.0,0.0,0.0,0.11,0.01,0.0,0.005,0.0,0.0,0.0,0.095,0.02,0.01,0.0,0.0,0.01,0.0,0.0,0.015,0.03,0.01,0.04,0.025,0.0,0.0,0.0,0.015,0.0,0.025,0.0,0.0,0.0,0.0,0.0,0.0,0.025,0.12,0.0,0.0,0.0,0.015,0.12,0.01,0.005,0.005,0.0,0.0,0.0,0.05,0.0,0.0,0.025,0.185
10,10,,0.0,0.0,0.005,0.0,0.0,0.005,0.0,0.0,0.0,0.0,0.2,0.0,0.0,0.01,0.0,0.0,0.0,0.045,0.015,0.0,0.01,0.0,0.005,0.0,0.005,0.01,0.035,0.01,0.035,0.005,0.0,0.0,0.01,0.005,0.0,0.02,0.0,0.005,0.0,0.0,0.005,0.005,0.015,0.045,0.0,0.0,0.0,0.01,0.085,0.02,0.05,0.0,0.0,0.0,0.0,0.025,0.0,0.0,0.16,0.145
10,27,,0.035,0.0,0.0,0.0,0.0,0.015,0.0,0.0,0.02,0.0,0.05,0.035,0.0,0.01,0.0,0.0,0.0,0.065,0.075,0.025,0.005,0.0,0.01,0.0,0.0,0.01,0.01,0.15,0.025,0.055,0.01,0.01,0.01,0.02,0.0,0.03,0.0,0.0,0.0,0.0,0.0,0.01,0.04,0.02,0.0,0.0,0.0,0.04,0.075,0.015,0.025,0.005,0.015,0.0,0.0,0.005,0.0,0.0,0.01,0.065
10,58,,0.01,0.0,0.005,0.0,0.0,0.04,0.0,0.0,0.015,0.0,0.09,0.0,0.0,0.0,0.0,0.01,0.0,0.065,0.04,0.03,0.01,0.0,0.02,0.0,0.005,0.01,0.005,0.04,0.05,0.045,0.01,0.0,0.015,0.01,0.0,0.07,0.0,0.0,0.0,0.0,0.005,0.03,0.01,0.02,0.0,0.0,0.005,0.01,0.055,0.02,0.02,0.0,0.015,0.0,0.005,0.015,0.0,0.005,0.1,0.09
10,10,,0.0,0.0,0.0,0.0,0.0,0.0,0.0,0.0,0.0,0.0,0.715,0.0,0.0,0.0,0.0,0.0,0.0,0.015,0.0,0.005,0.0,0.0,0.0,0.0,0.0,0.02,0.01,0.005,0.005,0.03,0.0,0.0,0.0,0.005,0.0,0.0,0.0,0.0,0.0,0.0,0.0,0.0,0.005,0.015,0.0,0.0,0.0,0.0,0.095,0.01,0.0,0.0,0.0,0.0,0.0,0.005,0.0,0.0,0.005,0.055
10,10,,0.0,0.0,0.0,0.0,0.0,0.09,0.0,0.0,0.01,0.0,0.29,0.0,0.0,0.005,0.0,0.0,0.0,0.015,0.015,0.01,0.01,0.0,0.0,0.0,0.005,0.02,0.005,0.045,0.0,0.045,0.055,0.005,0.005,0.005,0.0,0.03,0.0,0.015,0.0,0.0,0.0,0.0,0.005,0.12,0.005,0.0,0.0,0.12,0.0,0.0,0.0,0.0,0.005,0.0,0.0,0.0,0.0,0.015,0.0,0.05
10,59,,0.01,0.0,0.005,0.0,0.01,0.02,0.0,0.0,0.0,0.0,0.115,0.005,0.0,0.0,0.0,0.005,0.0,0.055,0.02,0.0,0.005,0.005,0.005,0.0,0.0,0.015,0.045,0.01,0.02,0.05,0.0,0.0,0.025,0.035,0.0,0.055,0.0,0.0,0.0,0.0,0.025,0.0,0.05,0.045,0.02,0.0,0.0,0.005,0.075,0.045,0.015,0.005,0.0,0.0,0.0,0.0,0.0,0.0,0.075,0.125
10,10,,0.0,0.0,0.0,0.0,0.01,0.035,0.0,0.0,0.01,0.0,0.4,0.0,0.0,0.01,0.0,0.0,0.0,0.03,0.01,0.01,0.005,0.0,0.0,0.0,0.0,0.075,0.0,0.005,0.0,0.025,0.01,0.0,0.005,0.005,0.0,0.02,0.0,0.005,0.0,0.0,0.0,0.01,0.01,0.14,0.0,0.0,0.0,0.025,0.015,0.015,0.005,0.0,0.01,0.0,0.0,0.01,0.0,0.0,0.01,0.08
10,10,,0.005,0.0,0.0,0.0,0.005,0.0,0.0,0.0,0.0,0.0,0.325,0.005,0.0,0.005,0.0,0.005,0.0,0.035,0.02,0.015,0.0,0.0,0.005,0.0,0.0,0.035,0.025,0.035,0.015,0.02,0.005,0.01,0.01,0.0,0.0,0.025,0.0,0.0,0.0,0.0,0.0,0.0,0.005,0.1,0.0,0.0,0.0,0.005,0.13,0.035,0.005,0.0,0.0,0.0,0.0,0.005,0.0,0.0,0.005,0.105
10,10,,0.01,0.0,0.0,0.0,0.015,0.02,0.0,0.0,0.0,0.0,0.255,0.0,0.0,0.005,0.0,0.0,0.04,0.02,0.035,0.005,0.01,0.0,0.09,0.0,0.005,0.01,0.01,0.005,0.01,0.03,0.0,0.01,0.015,0.035,0.0,0.04,0.0,0.005,0.0,0.0,0.0,0.0,0.02,0.035,0.015,0.0,0.0,0.02,0.03,0.025,0.015,0.01,0.0,0.0,0.0,0.045,0.0,0.005,0.015,0.085
11,32,,0.0,0.0,0.03,0.0,0.0,0.005,0.0,0.0,0.01,0.0,0.0,0.02,0.01,0.0,0.0,0.005,0.01,0.005,0.0,0.0,0.0,0.05,0.01,0.0,0.01,0.01,0.005,0.0,0.015,0.02,0.0,0.01,0.195,0.005,0.005,0.025,0.005,0.0,0.0,0.0,0.195,0.0,0.02,0.065,0.01,0.0,0.005,0.005,0.0,0.0,0.17,0.0,0.0,0.0,0.005,0.025,0.0,0.0,0.025,0.015
11,40,,0.02,0.0,0.035,0.0,0.025,0.01,0.0,0.01,0.015,0.0,0.01,0.005,0.01,0.0,0.005,0.005,0.02,0.01,0.005,0.0,0.0,0.01,0.04,0.0,0.005,0.005,0.015,0.01,0.03,0.005,0.0,0.035,0.03,0.015,0.0,0.01,0.005,0.0,0.0,0.0,0.165,0.005,0.035,0.025,0.035,0.0,0.025,0.015,0.005,0.02,0.105,0.0,0.005,0.0,0.005,0.025,0.0,0.0,0.085,0.045
11,11,,0.02,0.0,0.005,0.0,0.005,0.0,0.0,0.0,0.0,0.0,0.005,0.58,0.015,0.015,0.01,0.005,0.015,0.015,0.01,0.0,0.0,0.0,0.0,0.005,0.0,0.025,0.005,0.01,0.03,0.05,0.0,0.005,0.025,0.005,0.0,0.0,0.005,0.0,0.0,0.0,0.005,0.0,0.015,0.015,0.0,0.0,0.005,0.0,0.01,0.0,0.06,0.0,0.0,0.0,0.005,0.005,0.0,0.0,0.0,0.015
11,11,,0.035,0.0,0.0,0.0,0.005,0.0,0.0,0.0,0.01,0.0,0.0,0.655,0.0,0.005,0.005,0.0,0.005,0.005,0.0,0.0,0.005,0.0,0.0,0.01,0.005,0.015,0.0,0.0,0.035,0.04,0.0,0.005,0.025,0.005,0.0,0.01,0.005,0.0,0.0,0.0,0.0,0.0,0.04,0.0,0.0,0.0,0.0,0.005,0.005,0.005,0.03,0.01,0.015,0.0,0.0,0.005,0.0,0.0,0.0,0.0
11,11,,0.02,0.005,0.02,0.005,0.0,0.0,0.0,0.0,0.005,0.0,0.0,0.62,0.005,0.0,0.015,0.02,0.005,0.005,0.0,0.0,0.0,0.01,0.005,0.01,0.0,0.0,0.0,0.005,0.025,0.015,0.0,0.005,0.015,0.0,0.005,0.015,0.035,0.0,0.0,0.03,0.0,0.0,0.015,0.0,0.0,0.01,0.0,0.0,0.0,0.0,0.0,0.015,0.035,0.0,0.01,0.0,0.005,0.0,0.0,0.01
11,11,,0.01,0.0,0.01,0.005,0.0,0.0,0.0,0.0,0.0,0.0,0.0,0.74,0.005,0.0,0.0,0.005,0.0,0.0,0.005,0.0,0.0,0.005,0.0,0.005,0.0,0.01,0.0,0.01,0.035,0.035,0.0,0.005,0.025,0.01,0.0,0.005,0.0,0.0,0.005,0.0,0.0,0.0,0.0,0.005,0.0,0.0,0.0,0.0,0.0,0.0,0.015,0.0,0.035,0.0,0.005,0.0,0.01,0.0,0.0,0.0
11,11,,0.025,0.0,0.0,0.0,0.01,0.015,0.0,0.0,0.0,0.0,0.005,0.24,0.005,0.01,0.0,0.0,0.005,0.03,0.015,0.0,0.0,0.005,0.005,0.005,0.01,0.015,0.0,0.005,0.11,0.005,0.0,0.005,0.06,0.045,0.0,0.02,0.005,0.0,0.005,0.0,0.005,0.0,0.045,0.14,0.005,0.0,0.0,0.01,0.035,0.0,0.065,0.0,0.01,0.0,0.01,0.005,0.0,0.0,0.0,0.01
11,11,,0.015,0.0,0.06,0.0,0.005,0.0,0.005,0.01,0.0,0.005,0.0,0.245,0.13,0.0,0.015,0.01,0.0,0.005,0.0,0.0,0.0,0.01,0.0,0.01,0.0,0.005,0.0,0.005,0.17,0.01,0.0,0.005,0.04,0.0,0.035,0.005,0.02,0.0,0.015,0.01,0.005,0.0,0.025,0.0,0.0,0.0,0.01,0.005,0.005,0.0,0.05,0.005,0.01,0.0,0.005,0.02,0.005,0.0,0.0,0.01
11,11,,0.03,0.0,0.0,0.0,0.0,0.0,0.005,0.0,0.005,0.0,0.005,0.6,0.005,0.01,0.005,0.0,0.005,0.01,0.01,0.0,0.0,0.0,0.0,0.0,0.0,0.01,0.0,0.015,0.015,0.075,0.0,0.0,0.025,0.01,0.005,0.01,0.005,0.0,0.0,0.0,0.0,0.0,0.05,0.015,0.0,0.0,0.0,0.005,0.0,0.0,0.05,0.01,0.005,0.0,0.0,0.0,0.0,0.0,0.0,0.005
11,11,,0.005,0.005,0.03,0.005,0.005,0.0,0.0,0.01,0.01,0.005,0.0,0.47,0.015,0.0,0.02,0.01,0.005,0.0,0.01,0.005,0.0,0.01,0.005,0.02,0.0,0.01,0.0,0.01,0.065,0.015,0.0,0.01,0.015,0.0,0.005,0.015,0.015,0.0,0.0,0.045,0.0,0.0,0.005,0.005,0.0,0.005,0.02,0.0,0.005,0.0,0.005,0.015,0.055,0.0,0.015,0.0,0.015,0.0,0.0,0.005
12,12,,0.0,0.0,0.0,0.0,0.0,0.0,0.0,0.0,0.0,0.0,0.0,0.005,0.975,0.0,0.0,0.0,0.0,0.0,0.0,0.0,0.0,0.0,0.0,0.0,0.0,0.0,0.0,0.0,0.005,0.0,0.0,0.0,0.0,0.0,0.005,0.0,0.0,0.0,0.0,0.0,0.0,0.0,0.005,0.0,0.0,0.0,0.0,0.0,0.0,0.0,0.0,0.0,0.0,0.0,0.0,0.005,0.0,0.0,0.0,0.0
12,12,,0.0,0.0,0.01,0.0,0.0,0.0,0.0,0.0,0.0,0.0,0.0,0.0,0.985,0.0,0.0,0.0,0.0,0.0,0.0,0.0,0.0,0.0,0.0,0.0,0.0,0.0,0.0,0.0,0.0,0.0,0.0,0.0,0.0,0.0,0.0,0.0,0.005,0.0,0.0,0.0,0.0,0.0,0.0,0.0,0.0,0.0,0.0,0.0,0.0,0.0,0.0,0.0,0.0,0.0,0.0,0.0,0.0,0.0,0.0,0.0
12,12,,0.0,0.0,0.015,0.0,0.0,0.0,0.0,0.0,0.0,0.005,0.0,0.005,0.925,0.0,0.01,0.005,0.0,0.0,0.0,0.0,0.0,0.0,0.0,0.0,0.0,0.0,0.0,0.0,0.01,0.0,0.0,0.005,0.0,0.0,0.0,0.0,0.005,0.0,0.0,0.0,0.0,0.0,0.0,0.005,0.0,0.0,0.0,0.0,0.0,0.0,0.005,0.0,0.0,0.005,0.0,0.0,0.0,0.0,0.0,0.0
12,12,,0.0,0.0,0.0,0.0,0.0,0.0,0.0,0.0,0.0,0.0,0.0,0.0,0.995,0.0,0.0,0.0,0.0,0.0,0.0,0.0,0.0,0.0,0.0,0.0,0.0,0.0,0.0,0.0,0.0,0.0,0.0,0.0,0.0,0.0,0.0,0.0,0.0,0.0,0.0,0.0,0.0,0.0,0.0,0.0,0.0,0.0,0.0,0.0,0.0,0.0,0.005,0.0,0.0,0.0,0.0,0.0,0.0,0.0,0.0,0.0
12,12,,0.0,0.0,0.025,0.0,0.0,0.0,0.0,0.0,0.0,0.0,0.0,0.005,0.955,0.0,0.005,0.0,0.0,0.0,0.0,0.0,0.0,0.0,0.0,0.0,0.0,0.0,0.0,0.0,0.005,0.0,0.0,0.0,0.0,0.0,0.0,0.0,0.0,0.0,0.0,0.0,0.0,0.0,0.0,0.0,0.0,0.0,0.0,0.0,0.0,0.0,0.0,0.0,0.0,0.0,0.005,0.0,0.0,0.0,0.0,0.0
12,12,,0.0,0.0,0.0,0.0,0.0,0.0,0.0,0.0,0.0,0.0,0.0,0.0,1.0,0.0,0.0,0.0,0.0,0.0,0.0,0.0,0.0,0.0,0.0,0.0,0.0,0.0,0.0,0.0,0.0,0.0,0.0,0.0,0.0,0.0,0.0,0.0,0.0,0.0,0.0,0.0,0.0,0.0,0.0,0.0,0.0,0.0,0.0,0.0,0.0,0.0,0.0,0.0,0.0,0.0,0.0,0.0,0.0,0.0,0.0,0.0
12,12,,0.0,0.0,0.0,0.0,0.0,0.0,0.0,0.0,0.0,0.0,0.0,0.0,0.995,0.0,0.0,0.0,0.0,0.0,0.0,0.0,0.0,0.0,0.0,0.0,0.0,0.0,0.0,0.0,0.0,0.0,0.0,0.0,0.0,0.0,0.0,0.0,0.0,0.0,0.0,0.0,0.0,0.0,0.0,0.0,0.0,0.0,0.0,0.0,0.0,0.0,0.005,0.0,0.0,0.0,0.0,0.0,0.0,0.0,0.0,0.0
12,12,,0.0,0.0,0.005,0.0,0.0,0.0,0.0,0.0,0.0,0.0,0.0,0.0,0.975,0.0,0.0,0.0,0.0,0.0,0.0,0.0,0.0,0.0,0.0,0.0,0.0,0.0,0.0,0.0,0.005,0.0,0.0,0.0,0.0,0.0,0.005,0.0,0.0,0.0,0.0,0.0,0.0,0.0,0.0,0.0,0.0,0.0,0.0,0.0,0.0,0.0,0.005,0.0,0.0,0.0,0.0,0.005,0.0,0.0,0.0,0.0
12,12,,0.0,0.0,0.0,0.0,0.0,0.0,0.0,0.0,0.0,0.0,0.0,0.0,0.985,0.0,0.0,0.0,0.0,0.0,0.0,0.0,0.0,0.0,0.0,0.0,0.0,0.0,0.0,0.0,0.005,0.0,0.0,0.0,0.0,0.0,0.0,0.0,0.0,0.0,0.0,0.0,0.0,0.0,0.005,0.0,0.0,0.0,0.0,0.0,0.0,0.0,0.0,0.005,0.0,0.0,0.0,0.0,0.0,0.0,0.0,0.0
12,12,,0.0,0.0,0.005,0.0,0.0,0.0,0.0,0.0,0.0,0.0,0.0,0.0,0.985,0.0,0.0,0.0,0.0,0.0,0.0,0.0,0.0,0.0,0.0,0.0,0.0,0.0,0.0,0.0,0.0,0.0,0.0,0.0,0.005,0.0,0.0,0.0,0.0,0.0,0.0,0.0,0.0,0.0,0.0,0.0,0.0,0.0,0.0,0.0,0.0,0.0,0.005,0.0,0.0,0.0,0.0,0.0,0.0,0.0,0.0,0.0
13,13,,0.0,0.0,0.0,0.0,0.005,0.0,0.0,0.0,0.0,0.0,0.0,0.0,0.0,0.91,0.0,0.0,0.01,0.0,0.005,0.0,0.0,0.0,0.005,0.0,0.0,0.0,0.0,0.0,0.0,0.01,0.0,0.0,0.02,0.0,0.005,0.005,0.0,0.0,0.0,0.0,0.0,0.0,0.0,0.0,0.0,0.0,0.0,0.005,0.0,0.0,0.005,0.0,0.0,0.0,0.0,0.015,0.0,0.0,0.0,0.0
13,13,,0.01,0.0,0.0,0.0,0.055,0.0,0.0,0.0,0.0,0.0,0.0,0.01,0.005,0.62,0.0,0.0,0.02,0.02,0.01,0.0,0.005,0.005,0.0,0.0,0.025,0.0,0.0,0.0,0.005,0.0,0.0,0.0,0.02,0.02,0.0,0.02,0.01,0.0,0.0,0.0,0.0,0.0,0.02,0.025,0.0,0.0,0.0,0.005,0.005,0.0,0.055,0.0,0.0,0.0,0.0,0.03,0.0,0.0,0.0,0.0
13,13,,0.005,0.0,0.0,0.0,0.04,0.005,0.0,0.0,0.0,0.0,0.01,0.0,0.0,0.625,0.0,0.0,0.085,0.005,0.02,0.0,0.0,0.0,0.0,0.0,0.015,0.01,0.0,0.0,0.0,0.0,0.0,0.0,0.05,0.005,0.0,0.015,0.0,0.0,0.0,0.0,0.0,0.0,0.01,0.035,0.005,0.0,0.0,0.005,0.005,0.01,0.035,0.0,0.0,0.0,0.0,0.0,0.0,0.005,0.0,0.0
13,13,,0.0,0.0,0.0,0.0,0.03,0.005,0.0,0.0,0.0,0.0,0.0,0.0,0.0,0.855,0.0,0.0,0.01,0.0,0.0,0.0,0.005,0.0,0.0,0.0,0.02,0.005,0.0,0.005,0.0,0.005,0.0,0.0,0.03,0.005,0.0,0.005,0.005,0.0,0.0,0.0,0.0,0.0,0.01,0.0,0.0,0.0,0.0,0.0,0.0,0.0,0.0,0.0,0.0,0.0,0.0,0.0,0.0,0.005,0.0,0.0
13,13,,0.0,0.0,0.0,0.0,0.005,0.02,0.0,0.0,0.0,0.0,0.0,0.02,0.0,0.55,0.0,0.0,0.03,0.0,0.055,0.01,0.0,0.0,0.015,0.0,0.015,0.03,0.01,0.005,0.0,0.02,0.0,0.015,0.025,0.045,0.0,0.0,0.0,0.0,0.0,0.0,0.005,0.0,0.015,0.055,0.005,0.0,0.0,0.025,0.005,0.01,0.005,0.0,0.0,0.0,0.0,0.005,0.0,0.0,0.0,0.0
13,13,,0.005,0.0,0.0,0.0,0.005,0.005,0.0,0.0,0.01,0.0,0.015,0.03,0.005,0.52,0.0,0.0,0.035,0.005,0.02,0.005,0.005,0.0,0.005,0.0,0.015,0.03,0.0,0.005,0.005,0.005,0.0,0.005,0.015,0.04,0.0,0.015,0.01,0.005,0.0,0.0,0.0,0.0,0.025,0.065,0.0,0.0,0.0,0.01,0.005,0.005,0.06,0.0,0.005,0.0,0.0,0.005,0.0,0.0,0.0,0.0
13,13,,0.0,0.0,0.0,0.0,0.01,0.005,0.0,0.0,0.0,0.0,0.01,0.0,0.0,0.785,0.0,0.0,0.005,0.0,0.0,0.0,0.005,0.0,0.005,0.0,0.035,0.015,0.0,0.0,0.0,0.01,0.0,0.005,0.02,0.015,0.0,0.01,0.01,0.0,0.0,0.0,0.0,0.0,0.005,0.02,0.0,0.0,0.0,0.005,0.0,0.0,0.005,0.0,0.0,0.0,0.0,0.01,0.0,0.01,0.0,0.0
13,13,,0.0,0.0,0.0,0.0,0.0,0.005,0.0,0.0,0.0,0.0,0.005,0.0,0.0,0.845,0.0,0.0,0.015,0.005,0.005,0.0,0.0,0.0,0.015,0.0,0.005,0.0,0.005,0.01,0.0,0.005,0.005,0.005,0.005,0.025,0.0,0.0,0.0,0.0,0.0,0.0,0.0,0.005,0.0,0.005,0.01,0.0,0.0,0.0,0.005,0.005,0.01,0.0,0.0,0.0,0.0,0.0,0.0,0.0,0.0,0.0
13,13,,0.01,0.0,0.0,0.0,0.015,0.01,0.0,0.0,0.0,0.0,0.0,0.02,0.0,0.745,0.0,0.0,0.015,0.005,0.01,0.0,0.0,0.0,0.0,0.0,0.005,0.02,0.005,0.01,0.0,0.01,0.0,0.0,0.02,0.005,0.0,0.0,0.0,0.0,0.0,0.0,0.005,0.005,0.01,0.01,0.0,0.0,0.0,0.015,0.01,0.0,0.025,0.005,0.005,0.0,0.0,0.005,0.0,0.0,0.0,0.0
13,13,,0.0,0.0,0.0,0.0,0.0,0.005,0.0,0.0,0.0,0.0,0.0,0.005,0.0,0.83,0.0,0.0,0.015,0.015,0.02,0.0,0.0,0.0,0.01,0.0,0.015,0.005,0.0,0.015,0.0,0.01,0.0,0.0,0.02,0.01,0.0,0.0,0.0,0.0,0.0,0.0,0.0,0.0,0.005,0.0,0.0,0.0,0.0,0.005,0.0,0.0,0.005,0.0,0.0,0.0,0.0,0.005,0.0,0.005,0.0,0.0
14,14,,0.0,0.01,0.005,0.045,0.0,0.0,0.0,0.0,0.0,0.005,0.0,0.0,0.0,0.0,0.485,0.0,0.005,0.0,0.0,0.0,0.0,0.0,0.0,0.005,0.0,0.0,0.0,0.0,0.015,0.0,0.0,0.0,0.0,0.0,0.06,0.0,0.0,0.0,0.025,0.11,0.0,0.0,0.0,0.0,0.0,0.005,0.09,0.0,0.0,0.0,0.0,0.005,0.0,0.0,0.045,0.0,0.085,0.0,0.0,0.0
14,14,,0.0,0.03,0.005,0.01,0.0,0.0,0.02,0.0,0.0,0.005,0.0,0.0,0.005,0.0,0.63,0.005,0.0,0.0,0.0,0.0,0.0,0.0,0.0,0.005,0.0,0.0,0.0,0.0,0.015,0.0,0.0,0.0,0.0,0.0,0.005,0.0,0.005,0.0,0.0,0.035,0.0,0.0,0.0,0.0,0.0,0.145,0.02,0.0,0.0,0.0,0.0,0.005,0.005,0.0,0.02,0.0,0.03,0.0,0.0,0.0
14,9,,0.0,0.14,0.005,0.0,0.0,0.0,0.02,0.0,0.0,0.255,0.0,0.0,0.0,0.0,0.12,0.03,0.0,0.0,0.0,0.0,0.0,0.0,0.0,0.01,0.0,0.0,0.0,0.0,0.01,0.0,0.0,0.0,0.015,0.0,0.025,0.0,0.005,0.0,0.0,0.04,0.0,0.0,0.0,0.0,0.0,0.18,0.03,0.0,0.0,0.0,0.0,0.0,0.03,0.0,0.04,0.0,0.045,0.0,0.0,0.0
14,14,,0.0,0.015,0.01,0.035,0.0,0.0,0.0,0.0,0.0,0.01,0.0,0.0,0.0,0.0,0.615,0.0,0.0,0.0,0.0,0.0,0.0,0.0,0.0,0.0,0.0,0.0,0.0,0.0,0.005,0.0,0.0,0.0,0.0,0.0,0.03,0.0,0.0,0.0,0.025,0.085,0.0,0.0,0.0,0.0,0.0,0.03,0.025,0.0,0.0,0.0,0.0,0.0,0.015,0.005,0.055,0.0,0.04,0.0,0.0,0.0
14,14,,0.0,0.005,0.02,0.035,0.0,0.0,0.0,0.0,0.0,0.0,0.0,0.01,0.0,0.0,0.7,0.0,0.0,0.0,0.0,0.0,0.0,0.0,0.005,0.0,0.0,0.0,0.0,0.0,0.01,0.005,0.0,0.0,0.01,0.0,0.075,0.0,0.0,0.0,0.01,0.065,0.0,0.0,0.0,0.0,0.0,0.005,0.005,0.0,0.0,0.0,0.0,0.0,0.01,0.005,0.01,0.005,0.01,0.0,0.0,0.0
14,14,,0.0,0.015,0.02,0.02,0.0,0.0,0.0,0.0,0.0,0.0,0.0,0.02,0.005,0.0,0.65,0.0,0.0,0.0,0.0,0.0,0.0,0.0,0.0,0.0,0.0,0.0,0.0,0.0,0.02,0.0,0.0,0.0,0.005,0.0,0.05,0.0,0.025,0.0,0.01,0.045,0.005,0.0,0.0,0.0,0.0,0.02,0.015,0.0,0.0,0.0,0.005,0.005,0.0,0.0,0.02,0.01,0.035,0.0,0.0,0.0
14,14,,0.0,0.025,0.01,0.005,0.0,0.0,0.0,0.0,0.0,0.01,0.0,0.0,0.0,0.0,0.66,0.0,0.0,0.0,0.0,0.0,0.0,0.0,0.0,0.0,0.0,0.0,0.0,0.0,0.0,0.0,0.0,0.0,0.0,0.0,0.005,0.0,0.0,0.0,0.0,0.01,0.0,0.0,0.0,0.0,0.0,0.19,0.035,0.0,0.0,0.0,0.0,0.0,0.0,0.0,0.025,0.0,0.025,0.0,0.0,0.0
14,56,,0.005,0.02,0.01,0.06,0.0,0.0,0.0,0.005,0.0,0.005,0.0,0.01,0.005,0.0,0.24,0.0,0.015,0.005,0.0,0.0,0.0,0.0,0.01,0.02,0.0,0.0,0.0,0.0,0.015,0.0,0.0,0.0,0.005,0.0,0.095,0.0,0.02,0.0,0.005,0.01,0.0,0.0,0.0,0.0,0.0,0.005,0.02,0.005,0.0,0.0,0.0,0.0,0.03,0.0,0.095,0.005,0.28,0.0,0.0,0.0
14,39,,0.0,0.0,0.035,0.045,0.0,0.0,0.005,0.005,0.0,0.045,0.0,0.0,0.0,0.0,0.195,0.0,0.0,0.0,0.0,0.0,0.0,0.0,0.0,0.02,0.0,0.0,0.0,0.0,0.005,0.0,0.0,0.0,0.005,0.0,0.0,0.0,0.0,0.0,0.01,0.29,0.0,0.0,0.0,0.0,0.0,0.175,0.04,0.0,0.0,0.0,0.0,0.0,0.01,0.015,0.06,0.0,0.04,0.0,0.0,0.0
14,14,,0.0,0.015,0.015,0.06,0.0,0.0,0.0,0.0,0.0,0.0,0.0,0.0,0.0,0.0,0.605,0.0,0.005,0.0,0.0,0.0,0.0,0.0,0.0,0.0,0.0,0.0,0.0,0.0,0.005,0.0,0.0,0.0,0.0,0.0,0.035,0.0,0.005,0.0,0.01,0.08,0.0,0.0,0.0,0.0,0.0,0.02,0.025,0.0,0.0,0.0,0.0,0.0,0.01,0.0,0.065,0.0,0.045,0.0,0.0,0.0
15,15,,0.0,0.0,0.0,0.0,0.0,0.0,0.0,0.0,0.0,0.0,0.0,0.0,0.0,0.0,0.0,1.0,0.0,0.0,0.0,0.0,0.0,0.0,0.0,0.0,0.0,0.0,0.0,0.0,0.0,0.0,0.0,0.0,0.0,0.0,0.0,0.0,0.0,0.0,0.0,0.0,0.0,0.0,0.0,0.0,0.0,0.0,0.0,0.0,0.0,0.0,0.0,0.0,0.0,0.0,0.0,0.0,0.0,0.0,0.0,0.0
15,15,,0.0,0.0,0.0,0.0,0.0,0.0,0.0,0.0,0.0,0.0,0.0,0.0,0.0,0.0,0.005,0.985,0.0,0.0,0.0,0.0,0.0,0.0,0.0,0.0,0.0,0.0,0.0,0.0,0.0,0.0,0.0,0.0,0.0,0.0,0.0,0.0,0.0,0.0,0.0,0.0,0.0,0.0,0.0,0.0,0.0,0.005,0.0,0.0,0.0,0.0,0.0,0.0,0.005,0.0,0.0,0.0,0.0,0.0,0.0,0.0
15,15,,0.0,0.02,0.015,0.0,0.0,0.0,0.05,0.04,0.0,0.035,0.0,0.0,0.0,0.0,0.02,0.485,0.0,0.0,0.0,0.0,0.0,0.0,0.0,0.04,0.0,0.0,0.0,0.0,0.02,0.0,0.0,0.0,0.015,0.0,0.025,0.0,0.02,0.0,0.01,0.015,0.0,0.0,0.005,0.0,0.0,0.035,0.01,0.0,0.0,0.0,0.0,0.005,0.01,0.01,0.02,0.015,0.075,0.0,0.0,0.005
15,9,,0.0,0.09,0.005,0.005,0.0,0.0,0.045,0.005,0.0,0.285,0.0,0.0,0.0,0.0,0.045,0.17,0.0,0.0,0.0,0.0,0.0,0.0,0.0,0.005,0.0,0.0,0.0,0.0,0.04,0.0,0.0,0.0,0.005,0.0,0.04,0.0,0.01,0.0,0.045,0.035,0.0,0.0,0.0,0.0,0.0,0.035,0.025,0.0,0.0,0.0,0.0,0.015,0.015,0.015,0.025,0.005,0.035,0.0,0.0,0.0
15,15,,0.01,0.005,0.015,0.005,0.0,0.0,0.025,0.005,0.0,0.035,0.0,0.015,0.0,0.0,0.005,0.66,0.0,0.0,0.0,0.0,0.0,0.0,0.0,0.01,0.0,0.0,0.0,0.0,0.04,0.0,0.0,0.0,0.015,0.0,0.015,0.0,0.0,0.0,0.0,0.0,0.0,0.0,0.015,0.0,0.0,0.0,0.0,0.0,0.0,0.0,0.015,0.05,0.01,0.0,0.005,0.03,0.01,0.0,0.005,0.0
15,15,,0.025,0.005,0.02,0.0,0.0,0.0,0.03,0.04,0.0,0.05,0.0,0.01,0.005,0.0,0.005,0.445,0.0,0.0,0.0,0.0,0.0,0.0,0.0,0.0,0.0,0.0,0.0,0.0,0.045,0.0,0.0,0.0,0.03,0.0,0.02,0.005,0.02,0.0,0.005,0.0,0.01,0.0,0.0,0.005,0.0,0.005,0.01,0.005,0.0,0.0,0.02,0.14,0.02,0.0,0.005,0.015,0.005,0.0,0.0,0.0
15,15,,0.0,0.0,0.0,0.0,0.0,0.0,0.015,0.03,0.0,0.005,0.0,0.0,0.0,0.0,0.0,0.88,0.005,0.0,0.0,0.0,0.0,0.0,0.0,0.01,0.0,0.0,0.0,0.0,0.0,0.0,0.0,0.0,0.0,0.0,0.005,0.0,0.0,0.0,0.0,0.0,0.0,0.0,0.0,0.005,0.0,0.0,0.01,0.0,0.0,0.0,0.0,0.015,0.0,0.0,0.0,0.005,0.015,0.0,0.0,0.0
15,15,,0.005,0.005,0.01,0.0,0.0,0.0,0.005,0.0,0.0,0.055,0.005,0.01,0.005,0.0,0.02,0.735,0.0,0.0,0.0,0.0,0.0,0.0,0.005,0.005,0.0,0.0,0.0,0.0,0.005,0.0,0.0,0.0,0.0,0.0,0.0,0.0,0.0,0.0,0.015,0.0,0.0,0.0,0.01,0.0,0.0,0.045,0.0,0.0,0.0,0.0,0.0,0.005,0.005,0.0,0.015,0.01,0.015,0.0,0.0,0.01
15,15,,0.01,0.005,0.015,0.005,0.0,0.0,0.01,0.02,0.0,0.035,0.0,0.01,0.0,0.0,0.005,0.645,0.0,0.0,0.0,0.0,0.0,0.0,0.01,0.0,0.0,0.0,0.0,0.0,0.06,0.005,0.0,0.0,0.005,0.0,0.03,0.0,0.01,0.0,0.0,0.0,0.005,0.0,0.0,0.0,0.0,0.0,0.005,0.0,0.0,0.0,0.01,0.035,0.005,0.005,0.005,0.03,0.015,0.0,0.0,0.005
15,15,,0.005,0.0,0.0,0.0,0.005,0.0,0.02,0.07,0.0,0.005,0.0,0.0,0.005,0.0,0.0,0.78,0.0,0.0,0.0,0.0,0.0,0.0,0.0,0.015,0.0,0.0,0.0,0.0,0.01,0.0,0.0,0.0,0.01,0.0,0.005,0.0,0.015,0.0,0.005,0.0,0.0,0.0,0.0,0.0,0.0,0.0,0.005,0.0,0.0,0.0,0.005,0.015,0.005,0.015,0.0,0.005,0.0,0.0,0.0,0.0
16,16,,0.005,0.0,0.0,0.0,0.24,0.005,0.0,0.005,0.005,0.0,0.0,0.005,0.0,0.045,0.005,0.005,0.425,0.005,0.0,0.0,0.0,0.0,0.015,0.0,0.0,0.005,0.0,0.0,0.0,0.005,0.0,0.02,0.01,0.03,0.0,0.035,0.0,0.0,0.0,0.0,0.0,0.0,0.015,0.02,0.01,0.0,0.0,0.005,0.0,0.0,0.01,0.0,0.0,0.0,0.0,0.065,0.0,0.0,0.0,0.005
16,16,,0.005,0.0,0.01,0.0,0.015,0.0,0.01,0.015,0.0,0.0,0.0,0.0,0.005,0.0,0.01,0.035,0.58,0.005,0.0,0.0,0.0,0.0,0.04,0.01,0.0,0.0,0.0,0.0,0.015,0.0,0.0,0.015,0.05,0.01,0.0,0.01,0.01,0.0,0.0,0.005,0.0,0.005,0.015,0.005,0.005,0.0,0.005,0.005,0.0,0.0,0.0,0.0,0.005,0.0,0.0,0.075,0.015,0.0,0.0,0.01
16,16,,0.005,0.0,0.0,0.0,0.055,0.0,0.0,0.0,0.0,0.0,0.0,0.005,0.0,0.01,0.0,0.0,0.7,0.01,0.015,0.0,0.0,0.0,0.01,0.0,0.0,0.0,0.0,0.0,0.005,0.01,0.0,0.045,0.005,0.03,0.0,0.03,0.005,0.0,0.0,0.0,0.005,0.0,0.015,0.015,0.02,0.0,0.0,0.0,0.0,0.0,0.0,0.0,0.0,0.0,0.0,0.005,0.0,0.0,0.0,0.0
16,16,,0.0,0.0,0.0,0.0,0.135,0.0,0.0,0.0,0.0,0.0,0.005,0.0,0.0,0.025,0.0,0.0,0.39,0.005,0.01,0.0,0.0,0.0,0.02,0.0,0.035,0.01,0.01,0.0,0.0,0.0,0.0,0.04,0.005,0.055,0.0,0.03,0.0,0.005,0.0,0.0,0.0,0.0,0.015,0.015,0.165,0.0,0.0,0.005,0.0,0.005,0.01,0.0,0.0,0.0,0.0,0.0,0.0,0.005,0.0,0.0
16,16,,0.01,0.0,0.0,0.005,0.015,0.02,0.0,0.0,0.0,0.0,0.0,0.005,0.0,0.035,0.0,0.005,0.76,0.015,0.0,0.0,0.005,0.0,0.005,0.0,0.005,0.0,0.0,0.005,0.005,0.0,0.0,0.01,0.01,0.0,0.0,0.0,0.0,0.005,0.0,0.0,0.0,0.0,0.005,0.025,0.015,0.0,0.0,0.0,0.0,0.005,0.015,0.0,0.005,0.0,0.0,0.01,0.0,0.0,0.0,0.0
16,16,,0.0,0.0,0.0,0.0,0.11,0.0,0.0,0.0,0.0,0.0,0.005,0.0,0.0,0.015,0.0,0.0,0.62,0.005,0.01,0.0,0.0,0.0,0.005,0.0,0.025,0.005,0.005,0.0,0.0,0.0,0.0,0.03,0.005,0.02,0.0,0.025,0.0,0.0,0.0,0.0,0.0,0.0,0.02,0.025,0.04,0.0,0.0,0.005,0.0,0.01,0.005,0.0,0.0,0.0,0.0,0.005,0.0,0.005,0.0,0.0
16,16,,0.01,0.0,0.0,0.0,0.045,0.0,0.01,0.0,0.0,0.0,0.0,0.0,0.005,0.01,0.0,0.015,0.665,0.0,0.0,0.0,0.0,0.0,0.04,0.0,0.0,0.0,0.0,0.005,0.005,0.0,0.0,0.015,0.0,0.015,0.005,0.01,0.01,0.0,0.0,0.0,0.0,0.0,0.025,0.005,0.015,0.0,0.0,0.005,0.0,0.005,0.0,0.0,0.005,0.0,0.0,0.06,0.01,0.0,0.0,0.005
16,16,,0.0,0.0,0.0,0.0,0.03,0.005,0.0,0.0,0.0,0.0,0.0,0.0,0.0,0.015,0.0,0.0,0.75,0.01,0.005,0.0,0.0,0.0,0.0,0.0,0.005,0.0,0.015,0.0,0.005,0.0,0.0,0.005,0.015,0.005,0.0,0.015,0.005,0.0,0.0,0.0,0.0,0.0,0.01,0.045,0.035,0.0,0.0,0.0,0.0,0.02,0.0,0.0,0.0,0.0,0.0,0.005,0.0,0.0,0.0,0.0
16,16,,0.01,0.0,0.015,0.0,0.025,0.0,0.01,0.03,0.005,0.0,0.0,0.015,0.005,0.005,0.005,0.065,0.32,0.005,0.005,0.005,0.0,0.0,0.015,0.01,0.0,0.0,0.0,0.005,0.03,0.0,0.0,0.02,0.045,0.005,0.0,0.02,0.06,0.0,0.01,0.005,0.0,0.0,0.02,0.0,0.01,0.0,0.0,0.01,0.0,0.01,0.02,0.01,0.005,0.0,0.005,0.1,0.045,0.0,0.0,0.015
16,16,,0.0,0.0,0.0,0.0,0.045,0.0,0.0,0.0,0.0,0.0,0.0,0.0,0.0,0.02,0.0,0.0,0.795,0.005,0.0,0.0,0.0,0.0,0.01,0.0,0.005,0.005,0.01,0.0,0.005,0.0,0.0,0.025,0.0,0.0,0.0,0.01,0.0,0.0,0.0,0.0,0.0,0.0,0.0,0.02,0.03,0.0,0.0,0.0,0.0,0.01,0.005,0.0,0.0,0.0,0.0,0.0,0.0,0.0,0.0,0.0
17,17,,0.0,0.0,0.0,0.0,0.015,0.025,0.0,0.0,0.01,0.0,0.085,0.005,0.0,0.01,0.0,0.0,0.005,0.195,0.015,0.0,0.01,0.0,0.015,0.0,0.005,0.025,0.01,0.0,0.015,0.06,0.005,0.02,0.06,0.01,0.0,0.045,0.0,0.0,0.0,0.0,0.035,0.005,0.03,0.06,0.01,0.0,0.0,0.015,0.015,0.03,0.05,0.005,0.01,0.0,0.0,0.005,0.0,0.005,0.02,0.06
17,17,,0.0,0.0,0.0,0.0,0.005,0.005,0.0,0.0,0.005,0.0,0.0,0.0,0.0,0.005,0.0,0.0,0.01,0.895,0.0,0.0,0.0,0.0,0.0,0.0,0.0,0.005,0.0,0.0,0.0,0.0,0.005,0.015,0.005,0.0,0.0,0.005,0.0,0.0,0.0,0.0,0.0,0.005,0.005,0.01,0.0,0.0,0.0,0.01,0.0,0.0,0.005,0.0,0.0,0.0,0.0,0.0,0.0,0.0,0.0,0.005
17,17,,0.01,0.0,0.005,0.0,0.005,0.025,0.0,0.0,0.0,0.0,0.01,0.005,0.0,0.0,0.0,0.0,0.0,0.33,0.025,0.02,0.01,0.01,0.005,0.0,0.005,0.01,0.0,0.01,0.015,0.02,0.005,0.03,0.025,0.02,0.0,0.125,0.0,0.0,0.0,0.0,0.03,0.02,0.035,0.03,0.01,0.0,0.0,0.025,0.02,0.015,0.05,0.0,0.0,0.0,0.0,0.0,0.0,0.0,0.01,0.03
17,17,,0.0,0.0,0.0,0.0,0.0,0.01,0.0,0.0,0.01,0.0,0.015,0.0,0.0,0.0,0.0,0.0,0.0,0.71,0.01,0.005,0.015,0.0,0.0,0.0,0.01,0.01,0.0,0.015,0.0,0.0,0.005,0.045,0.0,0.01,0.0,0.02,0.0,0.005,0.0,0.0,0.0,0.005,0.015,0.035,0.005,0.0,0.0,0.02,0.005,0.0,0.005,0.0,0.0,0.0,0.0,0.005,0.005,0.0,0.0,0.005
17,17,,0.0,0.0,0.0,0.0,0.0,0.025,0.0,0.0,0.005,0.0,0.005,0.0,0.0,0.005,0.0,0.0,0.0,0.805,0.005,0.0,0.015,0.0,0.0,0.0,0.005,0.0,0.0,0.005,0.0,0.005,0.015,0.02,0.0,0.01,0.0,0.01,0.0,0.005,0.0,0.0,0.0,0.005,0.005,0.01,0.01,0.0,0.0,0.02,0.0,0.0,0.005,0.0,0.0,0.0,0.0,0.0,0.0,0.005,0.0,0.0
17,17,,0.0,0.0,0.0,0.0,0.005,0.015,0.0,0.0,0.005,0.0,0.01,0.0,0.0,0.0,0.0,0.0,0.005,0.695,0.005,0.005,0.01,0.0,0.0,0.0,0.025,0.005,0.005,0.015,0.0,0.01,0.005,0.005,0.005,0.03,0.0,0.025,0.0,0.01,0.0,0.0,0.0,0.005,0.005,0.03,0.01,0.0,0.0,0.025,0.0,0.005,0.02,0.0,0.0,0.0,0.0,0.0,0.0,0.0,0.0,0.005
17,8,,0.005,0.0,0.0,0.0,0.0,0.03,0.0,0.0,0.24,0.0,0.0,0.0,0.0,0.0,0.0,0.0,0.0,0.145,0.035,0.08,0.095,0.0,0.0,0.0,0.0,0.005,0.0,0.025,0.01,0.01,0.09,0.04,0.0,0.01,0.0,0.05,0.0,0.02,0.0,0.0,0.0,0.02,0.01,0.01,0.0,0.0,0.0,0.005,0.0,0.0,0.015,0.005,0.04,0.0,0.0,0.0,0.0,0.0,0.0,0.005
17,17,,0.005,0.0,0.0,0.0,0.005,0.005,0.0,0.0,0.0,0.0,0.02,0.0,0.0,0.005,0.0,0.0,0.035,0.41,0.01,0.0,0.0,0.0,0.0,0.0,0.01,0.01,0.05,0.0,0.015,0.03,0.0,0.005,0.03,0.07,0.0,0.015,0.0,0.0,0.0,0.0,0.015,0.005,0.055,0.04,0.04,0.0,0.0,0.015,0.005,0.005,0.04,0.0,0.0,0.0,0.0,0.005,0.0,0.005,0.005,0.035
17,29,,0.035,0.0,0.0,0.0,0.01,0.015,0.0,0.0,0.035,0.0,0.03,0.015,0.0,0.0,0.0,0.005,0.0,0.02,0.04,0.06,0.015,0.0,0.005,0.0,0.0,0.015,0.0,0.07,0.015,0.13,0.04,0.025,0.025,0.02,0.0,0.04,0.0,0.005,0.0,0.0,0.0,0.0,0.04,0.065,0.0,0.0,0.0,0.05,0.045,0.005,0.005,0.0,0.045,0.0,0.0,0.005,0.0,0.0,0.0,0.07
17,17,,0.0,0.0,0.0,0.0,0.015,0.0,0.0,0.0,0.0,0.0,0.01,0.0,0.0,0.0,0.0,0.0,0.015,0.725,0.01,0.0,0.01,0.0,0.0,0.0,0.01,0.01,0.005,0.01,0.0,0.005,0.01,0.02,0.0,0.015,0.0,0.05,0.0,0.025,0.0,0.0,0.005,0.0,0.01,0.015,0.005,0.0,0.0,0.01,0.005,0.0,0.005,0.0,0.0,0.0,0.0,0.0,0.0,0.0,0.0,0.0
18,18,,0.0,0.0,0.0,0.0,0.005,0.015,0.0,0.0,0.045,0.0,0.0,0.005,0.0,0.0,0.0,0.0,0.0,0.025,0.395,0.05,0.035,0.0,0.0,0.0,0.0,0.01,0.0,0.02,0.005,0.015,0.195,0.005,0.005,0.01,0.0,0.045,0.005,0.005,0.0,0.0,0.0,0.02,0.005,0.005,0.0,0.0,0.0,0.02,0.0,0.0,0.005,0.0,0.05,0.0,0.0,0.0,0.0,0.0,0.0,0.0
18,18,,0.005,0.0,0.0,0.0,0.005,0.03,0.0,0.0,0.01,0.0,0.005,0.0,0.0,0.005,0.0,0.0,0.0,0.03,0.365,0.0,0.02,0.0,0.0,0.0,0.025,0.045,0.0,0.01,0.0,0.035,0.015,0.005,0.005,0.06,0.0,0.05,0.005,0.11,0.0,0.0,0.0,0.025,0.015,0.035,0.0,0.0,0.0,0.01,0.0,0.0,0.025,0.0,0.0,0.0,0.0,0.0,0.0,0.025,0.0,0.025
18,18,,0.0,0.0,0.0,0.0,0.0,0.12,0.0,0.0,0.01,0.0,0.0,0.0,0.0,0.0,0.0,0.0,0.0,0.01,0.3,0.015,0.085,0.0,0.0,0.0,0.02,0.0,0.0,0.0,0.0,0.0,0.09,0.005,0.0,0.02,0.0,0.045,0.005,0.17,0.0,0.0,0.0,0.025,0.01,0.01,0.005,0.0,0.0,0.01,0.0,0.0,0.0,0.0,0.0,0.0,0.0,0.0,0.0,0.045,0.0,0.0
18,33,,0.01,0.0,0.0,0.0,0.085,0.02,0.0,0.0,0.0,0.0,0.005,0.015,0.0,0.1,0.0,0.0,0.045,0.04,0.025,0.0,0.0,0.0,0.0,0.0,0.025,0.04,0.015,0.0,0.0,0.005,0.0,0.01,0.005,0.15,0.0,0.025,0.0,0.005,0.0,0.0,0.0,0.0,0.13,0.115,0.025,0.0,0.0,0.02,0.0,0.045,0.02,0.0,0.0,0.0,0.0,0.02,0.0,0.0,0.0,0.0
18,18,,0.005,0.0,0.0,0.0,0.03,0.13,0.0,0.0,0.02,0.0,0.01,0.0,0.0,0.01,0.0,0.0,0.025,0.015,0.285,0.025,0.035,0.0,0.005,0.0,0.03,0.0,0.0,0.01,0.0,0.01,0.06,0.0,0.005,0.075,0.0,0.025,0.005,0.01,0.0,0.0,0.0,0.01,0.02,0.01,0.005,0.0,0.0,0.035,0.005,0.0,0.005,0.005,0.025,0.0,0.0,0.01,0.0,0.045,0.0,0.0
18,18,,0.0,0.0,0.0,0.0,0.0,0.0,0.0,0.0,0.0,0.0,0.0,0.0,0.0,0.0,0.0,0.0,0.0,0.01,0.905,0.0,0.005,0.0,0.005,0.0,0.01,0.0,0.0,0.0,0.0,0.0,0.005,0.0,0.005,0.01,0.0,0.005,0.0,0.01,0.0,0.0,0.0,0.0,0.0,0.0,0.0,0.0,0.0,0.005,0.0,0.005,0.01,0.0,0.0,0.0,0.0,0.0,0.0,0.01,0.0,0.0
18,18,,0.0,0.0,0.0,0.0,0.005,0.015,0.0,0.0,0.005,0.0,0.02,0.0,0.0,0.015,0.0,0.0,0.0,0.02,0.415,0.005,0.025,0.0,0.0,0.0,0.025,0.015,0.0,0.03,0.005,0.045,0.0,0.0,0.035,0.02,0.0,0.035,0.01,0.02,0.0,0.0,0.0,0.01,0.03,0.005,0.0,0.0,0.0,0.06,0.03,0.005,0.03,0.005,0.005,0.0,0.0,0.0,0.0,0.03,0.005,0.02
18,18,,0.0,0.0,0.0,0.0,0.005,0.015,0.0,0.0,0.0,0.0,0.0,0.0,0.0,0.0,0.0,0.0,0.0,0.01,0.865,0.01,0.02,0.0,0.0,0.0,0.01,0.0,0.0,0.005,0.0,0.005,0.0,0.0,0.005,0.005,0.0,0.005,0.0,0.0,0.0,0.0,0.0,0.005,0.0,0.0,0.0,0.0,0.0,0.02,0.0,0.0,0.0,0.0,0.0,0.0,0.0,0.0,0.0,0.015,0.0,0.0
18,18,,0.005,0.0,0.0,0.0,0.005,0.025,0.0,0.0,0.005,0.0,0.11,0.0,0.0,0.025,0.0,0.0,0.0,0.02,0.425,0.005,0.0,0.0,0.02,0.0,0.03,0.015,0.005,0.01,0.0,0.035,0.02,0.0,0.005,0.025,0.0,0.05,0.0,0.005,0.0,0.0,0.005,0.0,0.005,0.03,0.005,0.0,0.0,0.04,0.035,0.005,0.005,0.0,0.0,0.0,0.0,0.0,0.0,0.0,0.0,0.025
18,18,,0.005,0.0,0.005,0.0,0.035,0.03,0.0,0.0,0.0,0.0,0.02,0.0,0.0,0.06,0.0,0.0,0.0,0.04,0.295,0.0,0.015,0.005,0.01,0.0,0.04,0.035,0.005,0.01,0.0,0.04,0.0,0.005,0.03,0.06,0.0,0.035,0.005,0.01,0.0,0.0,0.0,0.005,0.03,0.025,0.005,0.0,0.0,0.03,0.005,0.035,0.015,0.0,0.0,0.0,0.0,0.01,0.0,0.01,0.02,0.015
19,19,,0.02,0.0,0.0,0.0,0.0,0.01,0.0,0.0,0.145,0.0,0.025,0.005,0.0,0.0,0.0,0.0,0.0,0.04,0.01,0.26,0.03,0.0,0.005,0.0,0.0,0.005,0.0,0.17,0.005,0.02,0.09,0.015,0.0,0.005,0.0,0.02,0.0,0.01,0.0,0.0,0.0,0.015,0.01,0.015,0.0,0.0,0.0,0.015,0.0,0.01,0.005,0.0,0.015,0.0,0.0,0.0,0.0,0.0,0.0,0.025
19,19,,0.02,0.0,0.0,0.0,0.0,0.005,0.0,0.0,0.205,0.0,0.02,0.0,0.0,0.0,0.0,0.0,0.0,0.035,0.015,0.27,0.025,0.0,0.0,0.0,0.0,0.005,0.0,0.14,0.005,0.02,0.06,0.005,0.0,0.02,0.0,0.03,0.0,0.0,0.0,0.0,0.0,0.01,0.015,0.025,0.0,0.0,0.0,0.01,0.0,0.0,0.0,0.0,0.035,0.0,0.0,0.0,0.0,0.0,0.0,0.025
19,19,,0.015,0.0,0.0,0.0,0.0,0.025,0.0,0.0,0.09,0.0,0.0,0.0,0.0,0.0,0.0,0.0,0.0,0.01,0.0,0.4,0.015,0.0,0.0,0.0,0.0,0.0,0.0,0.045,0.0,0.025,0.21,0.015,0.0,0.0,0.0,0.04,0.0,0.0,0.0,0.0,0.0,0.025,0.01,0.015,0.0,0.0,0.0,0.015,0.0,0.0,0.0,0.0,0.035,0.0,0.0,0.0,0.0,0.0,0.0,0.01
19,19,,0.005,0.0,0.0,0.0,0.0,0.0,0.0,0.0,0.085,0.0,0.0,0.0,0.0,0.0,0.0,0.0,0.0,0.03,0.0,0.65,0.025,0.0,0.0,0.0,0.005,0.0,0.0,0.015,0.0,0.01,0.1,0.01,0.0,0.0,0.0,0.015,0.0,0.0,0.0,0.0,0.0,0.005,0.005,0.0,0.0,0.0,0.0,0.03,0.0,0.0,0.0,0.0,0.01,0.0,0.0,0.0,0.0,0.0,0.0,0.0
19,19,,0.0,0.0,0.0,0.0,0.005,0.0,0.0,0.0,0.055,0.0,0.0,0.0,0.0,0.0,0.0,0.0,0.0,0.005,0.0,0.79,0.01,0.0,0.0,0.0,0.0,0.005,0.0,0.015,0.005,0.005,0.04,0.0,0.0,0.005,0.0,0.01,0.0,0.0,0.0,0.0,0.0,0.005,0.0,0.0,0.0,0.0,0.0,0.015,0.0,0.0,0.01,0.0,0.015,0.0,0.0,0.0,0.0,0.0,0.0,0.005
19,19,,0.005,0.0,0.0,0.0,0.0,0.0,0.0,0.0,0.045,0.0,0.0,0.0,0.0,0.0,0.0,0.0,0.0,0.015,0.005,0.835,0.005,0.0,0.0,0.0,0.0,0.005,0.0,0.015,0.0,0.0,0.01,0.0,0.0,0.0,0.0,0.015,0.0,0.0,0.0,0.0,0.0,0.005,0.0,0.005,0.0,0.0,0.0,0.01,0.0,0.0,0.01,0.0,0.015,0.0,0.0,0.0,0.0,0.0,0.0,0.0
19,19,,0.025,0.0,0.0,0.0,0.0,0.0,0.0,0.0,0.075,0.0,0.01,0.0,0.0,0.01,0.0,0.005,0.0,0.01,0.01,0.395,0.0,0.0,0.005,0.0,0.0,0.0,0.0,0.095,0.025,0.005,0.02,0.01,0.0,0.005,0.005,0.01,0.0,0.0,0.0,0.0,0.0,0.01,0.025,0.015,0.0,0.0,0.0,0.005,0.005,0.0,0.0,0.0,0.18,0.0,0.0,0.005,0.0,0.0,0.0,0.035
19,19,,0.005,0.0,0.0,0.0,0.0,0.03,0.0,0.0,0.105,0.0,0.025,0.01,0.0,0.0,0.0,0.0,0.0,0.04,0.005,0.275,0.03,0.0,0.005,0.0,0.005,0.0,0.0,0.19,0.0,0.02,0.11,0.015,0.0,0.005,0.0,0.02,0.0,0.005,0.0,0.0,0.0,0.01,0.01,0.025,0.0,0.0,0.0,0.02,0.0,0.01,0.005,0.0,0.005,0.0,0.0,0.0,0.0,0.0,0.0,0.015
19,19,,0.07,0.0,0.0,0.005,0.0,0.0,0.0,0.005,0.165,0.0,0.0,0.0,0.0,0.0,0.0,0.0,0.0,0.02,0.01,0.385,0.005,0.0,0.005,0.0,0.0,0.0,0.0,0.045,0.005,0.025,0.015,0.01,0.0,0.005,0.0,0.035,0.0,0.0,0.0,0.0,0.0,0.015,0.025,0.005,0.0,0.005,0.0,0.025,0.0,0.005,0.005,0.005,0.095,0.0,0.0,0.0,0.0,0.0,0.0,0.005
19,19,,0.01,0.0,0.0,0.0,0.0,0.015,0.0,0.0,0.04,0.0,0.0,0.005,0.0,0.0,0.0,0.0,0.0,0.03,0.005,0.645,0.01,0.0,0.0,0.0,0.0,0.0,0.0,0.035,0.0,0.005,0.055,0.015,0.0,0.01,0.0,0.015,0.0,0.005,0.0,0.0,0.0,0.005,0.005,0.015,0.0,0.0,0.0,0.04,0.0,0.0,0.015,0.0,0.005,0.0,0.0,0.0,0.0,0.0,0.005,0.01
20,37,,0.0,0.0,0.0,0.0,0.0,0.095,0.0,0.0,0.01,0.0,0.015,0.0,0.0,0.005,0.0,0.0,0.0,0.105,0.02,0.005,0.125,0.0,0.0,0.0,0.015,0.005,0.0,0.01,0.0,0.0,0.03,0.045,0.005,0.065,0.0,0.02,0.0,0.33,0.0,0.0,0.0,0.015,0.005,0.035,0.0,0.0,0.0,0.005,0.0,0.0,0.0,0.0,0.0,0.0,0.0,0.0,0.0,0.015,0.0,0.02
20,4,,0.01,0.0,0.0,0.0,0.345,0.0,0.0,0.0,0.0,0.0,0.0,0.0,0.0,0.015,0.0,0.0,0.23,0.005,0.015,0.0,0.005,0.0,0.01,0.0,0.005,0.0,0.0,0.0,0.0,0.005,0.0,0.08,0.015,0.105,0.0,0.035,0.0,0.005,0.0,0.0,0.005,0.0,0.035,0.0,0.045,0.0,0.0,0.005,0.0,0.005,0.01,0.0,0.0,0.0,0.0,0.005,0.0,0.0,0.0,0.005
20,20,,0.0,0.0,0.0,0.0,0.0,0.085,0.0,0.0,0.02,0.0,0.0,0.0,0.0,0.0,0.0,0.0,0.0,0.005,0.01,0.0,0.605,0.0,0.0,0.0,0.0,0.0,0.0,0.0,0.0,0.0,0.035,0.035,0.0,0.015,0.0,0.02,0.0,0.14,0.0,0.0,0.0,0.005,0.0,0.01,0.0,0.0,0.0,0.005,0.0,0.0,0.0,0.0,0.005,0.0,0.0,0.0,0.0,0.005,0.0,0.0
20,20,,0.0,0.0,0.0,0.0,0.0,0.135,0.0,0.0,0.0,0.0,0.0,0.0,0.0,0.0,0.0,0.0,0.0,0.01,0.03,0.005,0.55,0.0,0.0,0.0,0.015,0.005,0.0,0.0,0.0,0.0,0.06,0.035,0.0,0.01,0.0,0.015,0.0,0.115,0.0,0.0,0.0,0.005,0.0,0.0,0.0,0.0,0.0,0.01,0.0,0.0,0.0,0.0,0.0,0.0,0.0,0.0,0.0,0.0,0.0,0.0
20,20,,0.0,0.0,0.0,0.0,0.0,0.195,0.0,0.0,0.005,0.0,0.04,0.0,0.0,0.0,0.0,0.0,0.0,0.0,0.06,0.0,0.25,0.0,0.0,0.0,0.005,0.005,0.0,0.01,0.0,0.005,0.075,0.015,0.0,0.0,0.0,0.055,0.0,0.2,0.0,0.0,0.0,0.0,0.0,0.03,0.0,0.0,0.0,0.025,0.0,0.0,0.0,0.0,0.005,0.0,0.0,0.0,0.0,0.02,0.0,0.0
20,47,,0.075,0.0,0.0,0.0,0.0,0.03,0.0,0.0,0.025,0.0,0.02,0.01,0.0,0.005,0.0,0.0,0.01,0.02,0.1,0.06,0.02,0.0,0.015,0.0,0.01,0.015,0.005,0.035,0.005,0.03,0.095,0.01,0.005,0.025,0.0,0.05,0.0,0.0,0.0,0.0,0.0,0.01,0.045,0.015,0.0,0.0,0.0,0.105,0.005,0.005,0.01,0.0,0.095,0.0,0.0,0.01,0.0,0.005,0.005,0.015
20,20,,0.0,0.0,0.0,0.0,0.0,0.16,0.0,0.0,0.005,0.0,0.0,0.0,0.0,0.0,0.0,0.0,0.0,0.02,0.01,0.005,0.375,0.0,0.0,0.0,0.0,0.005,0.0,0.005,0.0,0.0,0.04,0.01,0.0,0.01,0.0,0.02,0.0,0.325,0.0,0.0,0.0,0.0,0.0,0.0,0.0,0.0,0.0,0.0,0.0,0.0,0.0,0.0,0.0,0.0,0.0,0.0,0.0,0.005,0.0,0.005
20,5,,0.01,0.0,0.0,0.0,0.0,0.14,0.0,0.0,0.065,0.0,0.025,0.0,0.0,0.005,0.0,0.0,0.0,0.02,0.125,0.06,0.075,0.0,0.0,0.005,0.02,0.02,0.0,0.04,0.01,0.02,0.035,0.015,0.02,0.01,0.0,0.06,0.01,0.0,0.0,0.0,0.0,0.005,0.005,0.035,0.0,0.0,0.0,0.005,0.01,0.005,0.02,0.0,0.045,0.0,0.0,0.015,0.0,0.005,0.0,0.06
20,20,,0.005,0.0,0.0,0.0,0.0,0.145,0.0,0.0,0.055,0.0,0.005,0.0,0.0,0.0,0.0,0.0,0.0,0.0,0.085,0.035,0.275,0.0,0.0,0.0,0.0,0.01,0.0,0.005,0.0,0.01,0.215,0.015,0.0,0.005,0.0,0.055,0.0,0.005,0.0,0.0,0.0,0.005,0.0,0.03,0.0,0.0,0.0,0.015,0.0,0.0,0.0,0.0,0.01,0.0,0.0,0.0,0.0,0.01,0.0,0.005
20,20,,0.005,0.0,0.0,0.0,0.005,0.105,0.0,0.0,0.06,0.0,0.005,0.0,0.0,0.005,0.0,0.0,0.0,0.025,0.065,0.045,0.375,0.0,0.0,0.0,0.015,0.0,0.0,0.01,0.0,0.0,0.165,0.015,0.0,0.01,0.0,0.02,0.0,0.015,0.0,0.0,0.0,0.0,0.005,0.005,0.0,0.0,0.0,0.015,0.01,0.0,0.0,0.0,0.005,0.0,0.0,0.0,0.0,0.01,0.0,0.005
21,21,,0.0,0.0,0.0,0.0,0.0,0.0,0.0,0.0,0.0,0.0,0.0,0.0,0.01,0.0,0.0,0.0,0.0,0.0,0.0,0.0,0.0,0.98,0.0,0.0,0.0,0.0,0.0,0.0,0.005,0.0,0.0,0.0,0.005,0.0,0.0,0.0,0.0,0.0,0.0,0.0,0.0,0.0,0.0,0.0,0.0,0.0,0.0,0.0,0.0,0.0,0.0,0.0,0.0,0.0,0.0,0.0,0.0,0.0,0.0,0.0
21,21,,0.0,0.0,0.005,0.0,0.0,0.0,0.0,0.0,0.0,0.0,0.0,0.0,0.0,0.0,0.0,0.0,0.0,0.0,0.0,0.0,0.0,0.925,0.0,0.0,0.0,0.0,0.0,0.0,0.005,0.005,0.0,0.0,0.02,0.0,0.0,0.0,0.0,0.0,0.0,0.0,0.005,0.0,0.0,0.0,0.0,0.0,0.0,0.0,0.0,0.0,0.03,0.0,0.0,0.0,0.005,0.0,0.0,0.0,0.0,0.0
21,21,,0.0,0.0,0.025,0.0,0.0,0.005,0.0,0.0,0.0,0.0,0.0,0.0,0.01,0.0,0.0,0.0,0.0,0.0,0.0,0.0,0.0,0.68,0.0,0.0,0.0,0.0,0.0,0.0,0.015,0.005,0.0,0.005,0.13,0.0,0.01,0.0,0.005,0.0,0.01,0.0,0.0,0.0,0.01,0.0,0.005,0.0,0.0,0.0,0.0,0.0,0.065,0.005,0.0,0.0,0.005,0.01,0.0,0.0,0.0,0.0
21,21,,0.0,0.0,0.005,0.0,0.0,0.0,0.0,0.0,0.0,0.0,0.0,0.0,0.0,0.0,0.0,0.0,0.0,0.0,0.0,0.0,0.0,0.93,0.0,0.0,0.0,0.0,0.0,0.0,0.005,0.01,0.0,0.0,0.02,0.0,0.0,0.0,0.0,0.0,0.0,0.0,0.005,0.0,0.0,0.0,0.0,0.0,0.005,0.0,0.0,0.0,0.01,0.0,0.0,0.0,0.005,0.0,0.0,0.0,0.0,0.005
21,21,,0.0,0.0,0.005,0.0,0.0,0.0,0.0,0.0,0.0,0.0,0.0,0.0,0.005,0.0,0.0,0.0,0.0,0.0,0.0,0.0,0.0,0.89,0.0,0.0,0.0,0.0,0.0,0.0,0.005,0.0,0.0,0.005,0.06,0.0,0.0,0.0,0.0,0.0,0.005,0.0,0.0,0.0,0.015,0.0,0.0,0.0,0.0,0.0,0.0,0.0,0.005,0.0,0.0,0.0,0.005,0.0,0.0,0.0,0.0,0.0
21,21,,0.0,0.0,0.01,0.0,0.005,0.0,0.0,0.0,0.0,0.0,0.0,0.0,0.0,0.0,0.0,0.0,0.0,0.0,0.0,0.0,0.0,0.8,0.0,0.0,0.0,0.0,0.0,0.0,0.015,0.015,0.0,0.0,0.07,0.0,0.0,0.0,0.01,0.0,0.0,0.0,0.0,0.0,0.005,0.0,0.0,0.0,0.0,0.0,0.0,0.0,0.055,0.005,0.005,0.0,0.005,0.0,0.0,0.0,0.0,0.0
21,21,,0.0,0.0,0.01,0.0,0.0,0.0,0.0,0.0,0.0,0.0,0.005,0.0,0.005,0.0,0.0,0.0,0.0,0.0,0.0,0.0,0.0,0.95,0.0,0.0,0.0,0.0,0.0,0.0,0.0,0.005,0.0,0.0,0.01,0.0,0.0,0.0,0.0,0.0,0.0,0.0,0.0,0.0,0.005,0.0,0.0,0.0,0.0,0.0,0.0,0.0,0.0,0.0,0.0,0.0,0.0,0.01,0.0,0.0,0.0,0.0
21,21,,0.0,0.0,0.01,0.0,0.0,0.0,0.0,0.0,0.0,0.0,0.0,0.0,0.005,0.0,0.0,0.0,0.0,0.0,0.0,0.0,0.0,0.885,0.0,0.0,0.0,0.0,0.0,0.0,0.0,0.0,0.0,0.0,0.055,0.0,0.0,0.0,0.005,0.0,0.0,0.0,0.005,0.0,0.0,0.0,0.0,0.0,0.0,0.0,0.0,0.0,0.025,0.005,0.0,0.0,0.0,0.0,0.0,0.0,0.005,0.0
21,21,,0.0,0.0,0.005,0.0,0.0,0.0,0.005,0.0,0.0,0.0,0.0,0.0,0.005,0.0,0.0,0.0,0.0,0.0,0.0,0.0,0.0,0.905,0.0,0.0,0.0,0.0,0.0,0.0,0.005,0.01,0.0,0.0,0.025,0.0,0.0,0.0,0.01,0.0,0.0,0.0,0.0,0.0,0.005,0.0,0.0,0.0,0.005,0.0,0.0,0.0,0.01,0.0,0.005,0.0,0.005,0.0,0.0,0.0,0.0,0.0
21,21,,0.0,0.0,0.005,0.005,0.0,0.0,0.0,0.0,0.0,0.0,0.0,0.0,0.005,0.0,0.0,0.0,0.005,0.0,0.0,0.0,0.005,0.805,0.0,0.0,0.0,0.0,0.0,0.0,0.005,0.005,0.0,0.0,0.065,0.0,0.0,0.0,0.005,0.0,0.01,0.005,0.01,0.0,0.005,0.0,0.0,0.0,0.005,0.005,0.0,0.0,0.015,0.0,0.0,0.0,0.005,0.005,0.0,0.0,0.0,0.025
22,22,,0.005,0.0,0.0,0.0,0.01,0.015,0.0,0.0,0.0,0.0,0.12,0.0,0.0,0.01,0.0,0.005,0.0,0.03,0.01,0.005,0.005,0.005,0.485,0.0,0.0,0.01,0.005,0.005,0.025,0.015,0.0,0.0,0.0,0.0,0.0,0.015,0.0,0.0,0.0,0.0,0.005,0.0,0.03,0.01,0.0,0.0,0.0,0.02,0.01,0.015,0.005,0.0,0.005,0.0,0.0,0.045,0.0,0.0,0.0,0.075
22,22,,0.005,0.0,0.0,0.0,0.015,0.0,0.0,0.0,0.0,0.0,0.01,0.005,0.0,0.0,0.0,0.005,0.01,0.005,0.005,0.0,0.0,0.0,0.81,0.0,0.005,0.005,0.005,0.005,0.005,0.0,0.0,0.01,0.0,0.005,0.0,0.025,0.0,0.0,0.0,0.0,0.01,0.0,0.005,0.01,0.005,0.0,0.005,0.005,0.0,0.0,0.005,0.0,0.0,0.0,0.0,0.01,0.0,0.0,0.0,0.01
22,22,,0.01,0.0,0.005,0.0,0.005,0.0,0.0,0.0,0.0,0.0,0.11,0.005,0.0,0.0,0.0,0.005,0.0,0.015,0.015,0.015,0.0,0.0,0.36,0.0,0.0,0.01,0.005,0.005,0.035,0.02,0.0,0.0,0.005,0.005,0.0,0.015,0.0,0.0,0.0,0.0,0.0,0.0,0.06,0.035,0.0,0.0,0.0,0.02,0.01,0.0,0.0,0.005,0.01,0.0,0.0,0.045,0.01,0.0,0.005,0.155
22,22,,0.01,0.0,0.005,0.0,0.005,0.0,0.0,0.0,0.0,0.0,0.005,0.005,0.0,0.0,0.0,0.0,0.0,0.005,0.005,0.005,0.0,0.0,0.88,0.0,0.01,0.0,0.0,0.0,0.005,0.005,0.0,0.005,0.0,0.01,0.0,0.01,0.005,0.0,0.0,0.0,0.0,0.0,0.01,0.0,0.005,0.0,0.0,0.005,0.0,0.0,0.0,0.0,0.0,0.0,0.0,0.0,0.0,0.0,0.0,0.005
22,22,,0.005,0.0,0.0,0.0,0.0,0.005,0.0,0.0,0.0,0.0,0.025,0.0,0.0,0.0,0.0,0.0,0.0,0.005,0.005,0.0,0.005,0.0,0.785,0.0,0.0,0.005,0.01,0.0,0.015,0.005,0.0,0.0,0.01,0.0,0.0,0.01,0.0,0.0,0.0,0.0,0.0,0.0,0.02,0.025,0.0,0.0,0.0,0.005,0.0,0.005,0.0,0.005,0.0,0.0,0.0,0.01,0.0,0.0,0.0,0.04
22,22,,0.005,0.0,0.0,0.0,0.015,0.0,0.0,0.0,0.0,0.0,0.005,0.005,0.0,0.0,0.0,0.0,0.0,0.005,0.0,0.0,0.0,0.0,0.89,0.0,0.005,0.0,0.0,0.0,0.0,0.005,0.0,0.0,0.0,0.0,0.0,0.03,0.005,0.0,0.0,0.0,0.0,0.0,0.005,0.005,0.005,0.0,0.0,0.005,0.0,0.0,0.0,0.0,0.0,0.0,0.0,0.005,0.0,0.0,0.0,0.005
22,22,,0.03,0.0,0.01,0.015,0.02,0.0,0.01,0.005,0.0,0.015,0.01,0.03,0.005,0.005,0.035,0.055,0.025,0.005,0.005,0.0,0.0,0.0,0.365,0.005,0.0,0.0,0.005,0.0,0.045,0.0,0.0,0.005,0.01,0.005,0.03,0.015,0.0,0.0,0.0,0.005,0.01,0.0,0.05,0.02,0.0,0.015,0.005,0.0,0.0,0.0,0.015,0.0,0.005,0.0,0.025,0.05,0.015,0.0,0.005,0.015
22,22,,0.0,0.0,0.0,0.0,0.0,0.0,0.0,0.0,0.0,0.0,0.0,0.0,0.0,0.0,0.0,0.0,0.015,0.01,0.005,0.0,0.005,0.0,0.88,0.0,0.0,0.0,0.0,0.0,0.0,0.005,0.0,0.005,0.005,0.0,0.0,0.01,0.0,0.0,0.0,0.0,0.0,0.0,0.015,0.01,0.0,0.0,0.0,0.0,0.0,0.01,0.0,0.0,0.0,0.0,0.0,0.025,0.0,0.0,0.0,0.0
22,22,,0.01,0.0,0.005,0.0,0.01,0.005,0.0,0.0,0.0,0.0,0.24,0.015,0.0,0.02,0.0,0.0,0.0,0.02,0.005,0.005,0.01,0.0,0.33,0.0,0.0,0.01,0.01,0.0,0.02,0.0,0.005,0.02,0.005,0.025,0.0,0.03,0.0,0.0,0.0,0.0,0.0,0.0,0.025,0.045,0.025,0.0,0.0,0.01,0.005,0.045,0.0,0.0,0.005,0.0,0.0,0.005,0.0,0.0,0.005,0.03
22,22,,0.01,0.0,0.0,0.0,0.0,0.0,0.0,0.0,0.0,0.0,0.0,0.005,0.0,0.0,0.0,0.0,0.0,0.0,0.0,0.0,0.0,0.0,0.865,0.0,0.0,0.0,0.0,0.005,0.01,0.01,0.0,0.005,0.0,0.005,0.0,0.01,0.0,0.0,0.0,0.0,0.0,0.0,0.005,0.015,0.0,0.0,0.0,0.005,0.0,0.0,0.0,0.0,0.0,0.0,0.0,0.02,0.005,0.005,0.0,0.02
23,23,,0.0,0.0,0.02,0.0,0.0,0.0,0.0,0.0,0.0,0.0,0.0,0.0,0.0,0.0,0.005,0.01,0.0,0.0,0.0,0.0,0.0,0.0,0.0,0.51,0.0,0.0,0.0,0.0,0.0,0.0,0.0,0.0,0.0,0.0,0.0,0.0,0.055,0.0,0.03,0.09,0.0,0.0,0.0,0.0,0.0,0.0,0.02,0.0,0.0,0.0,0.0,0.0,0.0,0.055,0.025,0.0,0.18,0.0,0.0,0.0
23,23,,0.0,0.0,0.005,0.0,0.0,0.0,0.02,0.015,0.0,0.0,0.0,0.01,0.0,0.0,0.0,0.005,0.0,0.0,0.0,0.0,0.0,0.0,0.0,0.865,0.0,0.0,0.0,0.0,0.005,0.0,0.0,0.0,0.01,0.0,0.0,0.0,0.035,0.0,0.0,0.005,0.0,0.0,0.0,0.0,0.0,0.0,0.0,0.0,0.0,0.0,0.0,0.0,0.0,0.005,0.005,0.005,0.005,0.0,0.0,0.005
23,23,,0.0,0.0,0.015,0.0,0.0,0.0,0.0,0.005,0.0,0.005,0.0,0.0,0.0,0.0,0.0,0.03,0.0,0.0,0.0,0.0,0.0,0.0,0.0,0.73,0.0,0.0,0.0,0.0,0.0,0.0,0.0,0.0,0.01,0.0,0.005,0.0,0.085,0.0,0.0,0.03,0.0,0.0,0.0,0.0,0.0,0.005,0.0,0.0,0.0,0.0,0.01,0.0,0.005,0.015,0.01,0.015,0.025,0.0,0.0,0.0
23,23,,0.01,0.0,0.005,0.0,0.01,0.005,0.0,0.015,0.005,0.0,0.0,0.005,0.015,0.0,0.0,0.03,0.005,0.005,0.0,0.0,0.0,0.005,0.01,0.555,0.0,0.0,0.0,0.0,0.025,0.0,0.0,0.0,0.05,0.005,0.0,0.0,0.05,0.0,0.0,0.01,0.0,0.0,0.03,0.01,0.0,0.0,0.0,0.0,0.0,0.005,0.01,0.005,0.04,0.0,0.0,0.04,0.025,0.0,0.005,0.01
23,23,,0.0,0.0,0.005,0.0,0.0,0.0,0.005,0.0,0.0,0.0,0.0,0.0,0.0,0.0,0.005,0.0,0.0,0.0,0.0,0.0,0.0,0.0,0.0,0.9,0.0,0.0,0.0,0.0,0.005,0.0,0.0,0.0,0.005,0.0,0.0,0.0,0.035,0.0,0.0,0.01,0.0,0.0,0.0,0.0,0.0,0.0,0.0,0.0,0.0,0.0,0.0,0.0,0.0,0.02,0.005,0.0,0.005,0.0,0.0,0.0
23,32,,0.005,0.0,0.01,0.0,0.0,0.005,0.005,0.02,0.0,0.0,0.01,0.02,0.0,0.03,0.0,0.025,0.02,0.0,0.0,0.0,0.0,0.01,0.0,0.01,0.0,0.005,0.0,0.0,0.05,0.01,0.0,0.01,0.35,0.005,0.05,0.0,0.145,0.0,0.005,0.0,0.005,0.0,0.015,0.005,0.0,0.0,0.005,0.0,0.0,0.0,0.05,0.01,0.005,0.005,0.025,0.04,0.025,0.0,0.0,0.01
23,23,,0.0,0.0,0.0,0.0,0.0,0.0,0.03,0.065,0.0,0.0,0.0,0.0,0.0,0.0,0.015,0.03,0.02,0.0,0.0,0.0,0.0,0.005,0.0,0.47,0.0,0.0,0.0,0.005,0.01,0.0,0.0,0.0,0.075,0.0,0.01,0.005,0.175,0.0,0.0,0.03,0.0,0.0,0.0,0.0,0.0,0.0,0.005,0.0,0.0,0.0,0.0,0.0,0.01,0.01,0.015,0.005,0.01,0.0,0.0,0.0
23,23,,0.0,0.0,0.03,0.0,0.0,0.0,0.01,0.02,0.0,0.005,0.0,0.0,0.0,0.0,0.0,0.025,0.01,0.0,0.0,0.0,0.0,0.0,0.0,0.535,0.0,0.0,0.0,0.0,0.0,0.0,0.0,0.0,0.01,0.0,0.005,0.0,0.16,0.0,0.005,0.03,0.0,0.0,0.0,0.0,0.0,0.0,0.005,0.0,0.0,0.0,0.01,0.0,0.015,0.03,0.005,0.005,0.08,0.0,0.0,0.005
23,23,,0.005,0.0,0.0,0.0,0.0,0.0,0.005,0.01,0.0,0.0,0.0,0.0,0.0,0.0,0.0,0.005,0.0,0.0,0.0,0.0,0.0,0.0,0.0,0.93,0.0,0.0,0.0,0.0,0.0,0.0,0.0,0.0,0.0,0.0,0.01,0.0,0.015,0.0,0.0,0.005,0.0,0.0,0.0,0.0,0.0,0.0,0.0,0.0,0.0,0.0,0.0,0.0,0.0,0.005,0.005,0.005,0.0,0.0,0.0,0.0
23,23,,0.0,0.0,0.0,0.0,0.0,0.0,0.005,0.0,0.0,0.0,0.0,0.0,0.0,0.0,0.02,0.0,0.0,0.0,0.0,0.0,0.0,0.0,0.0,0.65,0.0,0.0,0.0,0.0,0.0,0.0,0.0,0.0,0.005,0.0,0.005,0.0,0.105,0.0,0.0,0.025,0.0,0.0,0.0,0.0,0.0,0.0,0.01,0.0,0.0,0.0,0.0,0.0,0.0,0.095,0.015,0.0,0.065,0.0,0.0,0.0
24,24,,0.0,0.0,0.0,0.0,0.005,0.02,0.0,0.0,0.0,0.0,0.0,0.0,0.0,0.0,0.0,0.0,0.01,0.0,0.0,0.0,0.0,0.0,0.0,0.0,0.865,0.0,0.0,0.0,0.0,0.0,0.005,0.0,0.005,0.02,0.0,0.0,0.0,0.0,0.0,0.0,0.0,0.0,0.01,0.0,0.0,0.0,0.0,0.0,0.0,0.01,0.005,0.0,0.0,0.0,0.0,0.0,0.0,0.045,0.0,0.0
24,57,,0.0,0.0,0.0,0.0,0.0,0.075,0.0,0.0,0.005,0.0,0.045,0.01,0.005,0.01,0.0,0.0,0.0,0.07,0.05,0.005,0.01,0.0,0.0,0.0,0.085,0.08,0.0,0.005,0.0,0.015,0.01,0.0,0.025,0.025,0.0,0.1,0.0,0.02,0.0,0.0,0.01,0.0,0.015,0.085,0.005,0.0,0.0,0.055,0.0,0.005,0.025,0.0,0.0,0.0,0.0,0.005,0.0,0.135,0.0,0.01
24,24,,0.0,0.0,0.0,0.0,0.005,0.005,0.0,0.0,0.0,0.0,0.0,0.0,0.0,0.005,0.0,0.0,0.0,0.0,0.015,0.0,0.005,0.0,0.0,0.0,0.57,0.0,0.0,0.0,0.0,0.0,0.005,0.0,0.0,0.005,0.0,0.015,0.0,0.02,0.0,0.0,0.0,0.0,0.0,0.005,0.0,0.0,0.0,0.02,0.0,0.0,0.0,0.0,0.0,0.0,0.0,0.0,0.0,0.325,0.0,0.0
24,24,,0.0,0.0,0.0,0.0,0.0,0.07,0.0,0.0,0.005,0.0,0.01,0.0,0.0,0.0,0.0,0.0,0.0,0.0,0.05,0.0,0.02,0.0,0.0,0.0,0.445,0.0,0.0,0.0,0.0,0.005,0.02,0.0,0.005,0.01,0.0,0.03,0.0,0.075,0.0,0.0,0.0,0.0,0.0,0.0,0.0,0.0,0.0,0.065,0.005,0.01,0.005,0.0,0.0,0.0,0.0,0.0,0.0,0.17,0.0,0.0
24,24,,0.0,0.0,0.0,0.0,0.095,0.005,0.0,0.0,0.0,0.0,0.0,0.0,0.0,0.025,0.0,0.0,0.125,0.005,0.0,0.0,0.0,0.0,0.005,0.0,0.435,0.01,0.01,0.0,0.0,0.0,0.0,0.005,0.005,0.035,0.0,0.005,0.0,0.01,0.0,0.0,0.0,0.0,0.015,0.01,0.09,0.0,0.0,0.005,0.0,0.015,0.005,0.0,0.0,0.0,0.0,0.0,0.0,0.085,0.0,0.0
24,24,,0.0,0.0,0.0,0.0,0.005,0.025,0.0,0.0,0.0,0.0,0.0,0.0,0.0,0.0,0.0,0.0,0.0,0.0,0.0,0.0,0.0,0.0,0.0,0.0,0.57,0.0,0.005,0.0,0.0,0.0,0.0,0.0,0.0,0.0,0.0,0.01,0.0,0.065,0.0,0.0,0.0,0.0,0.0,0.0,0.0,0.0,0.0,0.025,0.0,0.0,0.0,0.0,0.0,0.0,0.0,0.0,0.0,0.295,0.0,0.0
24,24,,0.0,0.0,0.005,0.0,0.01,0.075,0.0,0.0,0.0,0.0,0.005,0.005,0.0,0.0,0.0,0.0,0.0,0.0,0.03,0.0,0.015,0.0,0.0,0.0,0.41,0.0,0.0,0.0,0.0,0.0,0.01,0.0,0.0,0.005,0.0,0.02,0.0,0.11,0.0,0.0,0.0,0.0,0.0,0.0,0.005,0.0,0.0,0.015,0.0,0.01,0.0,0.0,0.0,0.0,0.0,0.0,0.0,0.255,0.0,0.015
24,24,,0.0,0.0,0.0,0.0,0.005,0.03,0.0,0.0,0.0,0.0,0.005,0.0,0.0,0.005,0.0,0.0,0.0,0.0,0.01,0.0,0.0,0.0,0.0,0.0,0.63,0.0,0.0,0.0,0.0,0.0,0.005,0.0,0.0,0.0,0.0,0.005,0.0,0.05,0.0,0.0,0.0,0.0,0.005,0.0,0.005,0.0,0.0,0.01,0.0,0.0,0.0,0.0,0.0,0.0,0.0,0.0,0.0,0.235,0.0,0.0
24,24,,0.005,0.0,0.0,0.0,0.045,0.06,0.0,0.0,0.0,0.0,0.015,0.005,0.0,0.025,0.0,0.0,0.04,0.005,0.04,0.0,0.0,0.0,0.0,0.0,0.4,0.0,0.0,0.0,0.0,0.0,0.0,0.005,0.005,0.04,0.0,0.03,0.005,0.01,0.0,0.0,0.005,0.0,0.005,0.005,0.0,0.0,0.0,0.13,0.0,0.005,0.005,0.0,0.0,0.0,0.0,0.0,0.0,0.105,0.0,0.005
24,24,,0.0,0.0,0.0,0.0,0.0,0.015,0.0,0.0,0.0,0.0,0.0,0.0,0.0,0.0,0.0,0.0,0.0,0.0,0.005,0.0,0.0,0.0,0.0,0.0,0.665,0.0,0.0,0.0,0.0,0.0,0.0,0.0,0.005,0.005,0.0,0.01,0.0,0.065,0.0,0.0,0.0,0.0,0.005,0.0,0.0,0.0,0.0,0.02,0.0,0.0,0.0,0.0,0.0,0.0,0.0,0.0,0.0,0.205,0.0,0.0
25,25,,0.0,0.0,0.0,0.0,0.005,0.005,0.0,0.0,0.0,0.0,0.045,0.0,0.0,0.015,0.0,0.0,0.0,0.01,0.005,0.005,0.0,0.0,0.0,0.0,0.01,0.715,0.015,0.0,0.0,0.005,0.0,0.0,0.005,0.01,0.0,0.02,0.0,0.005,0.0,0.0,0.0,0.0,0.015,0.04,0.005,0.0,0.0,0.02,0.0,0.025,0.005,0.0,0.005,0.0,0.0,0.0,0.0,0.0,0.005,0.005
25,25,,0.0,0.0,0.0,0.0,0.005,0.01,0.0,0.0,0.0,0.0,0.04,0.0,0.0,0.02,0.0,0.0,0.0,0.01,0.0,0.0,0.0,0.0,0.005,0.0,0.015,0.675,0.0,0.0,0.0,0.015,0.0,0.005,0.005,0.025,0.0,0.01,0.005,0.005,0.0,0.0,0.005,0.0,0.005,0.05,0.02,0.0,0.0,0.025,0.0,0.02,0.0,0.0,0.0,0.0,0.0,0.0,0.0,0.0,0.01,0.015
25,25,,0.005,0.0,0.0,0.0,0.01,0.01,0.0,0.0,0.0,0.0,0.02,0.015,0.0,0.015,0.0,0.005,0.0,0.025,0.0,0.0,0.0,0.005,0.005,0.0,0.0,0.555,0.035,0.005,0.01,0.01,0.0,0.0,0.015,0.03,0.0,0.01,0.0,0.0,0.0,0.0,0.0,0.0,0.03,0.065,0.025,0.0,0.0,0.005,0.005,0.04,0.03,0.0,0.0,0.0,0.0,0.01,0.0,0.0,0.005,0.0
25,25,,0.0,0.0,0.0,0.0,0.0,0.015,0.0,0.0,0.0,0.0,0.035,0.0,0.0,0.0,0.0,0.0,0.0,0.0,0.0,0.0,0.0,0.0,0.0,0.0,0.0,0.865,0.0,0.0,0.005,0.0,0.0,0.005,0.0,0.0,0.0,0.01,0.0,0.005,0.0,0.0,0.0,0.01,0.0,0.025,0.005,0.0,0.0,0.005,0.005,0.0,0.0,0.0,0.0,0.0,0.0,0.0,0.0,0.0,0.0,0.01
25,25,,0.0,0.0,0.0,0.0,0.01,0.01,0.0,0.0,0.0,0.0,0.01,0.025,0.0,0.015,0.0,0.005,0.005,0.035,0.0,0.0,0.0,0.0,0.005,0.0,0.0,0.57,0.03,0.0,0.01,0.0,0.0,0.0,0.03,0.015,0.0,0.01,0.0,0.0,0.0,0.0,0.0,0.0,0.025,0.07,0.035,0.0,0.0,0.005,0.005,0.02,0.025,0.0,0.0,0.0,0.0,0.0,0.0,0.005,0.005,0.02
25,25,,0.0,0.0,0.0,0.0,0.01,0.005,0.0,0.0,0.0,0.0,0.02,0.01,0.0,0.02,0.0,0.0,0.0,0.02,0.005,0.0,0.0,0.0,0.0,0.0,0.01,0.7,0.005,0.005,0.0,0.02,0.005,0.005,0.015,0.015,0.0,0.005,0.0,0.0,0.0,0.0,0.0,0.0,0.0,0.03,0.01,0.0,0.0,0.025,0.01,0.01,0.005,0.0,0.0,0.0,0.0,0.0,0.0,0.0,0.01,0.025
25,25,,0.0,0.0,0.0,0.0,0.0,0.005,0.0,0.0,0.0,0.0,0.0,0.0,0.0,0.005,0.0,0.0,0.0,0.015,0.005,0.0,0.0,0.0,0.0,0.0,0.0,0.915,0.0,0.0,0.0,0.0,0.0,0.0,0.0,0.01,0.0,0.0,0.0,0.005,0.0,0.0,0.0,0.0,0.0,0.015,0.0,0.0,0.0,0.0,0.0,0.0,0.0,0.0,0.0,0.0,0.0,0.0,0.0,0.005,0.01,0.01
25,25,,0.0,0.0,0.0,0.0,0.0,0.0,0.0,0.0,0.0,0.0,0.045,0.02,0.0,0.02,0.0,0.0,0.0,0.065,0.005,0.01,0.0,0.005,0.005,0.0,0.005,0.24,0.07,0.0,0.04,0.035,0.005,0.005,0.05,0.02,0.005,0.005,0.005,0.005,0.0,0.0,0.0,0.0,0.03,0.085,0.015,0.0,0.005,0.015,0.045,0.025,0.05,0.0,0.0,0.0,0.0,0.01,0.0,0.0,0.015,0.04
25,25,,0.0,0.0,0.0,0.0,0.0,0.0,0.0,0.0,0.0,0.0,0.015,0.0,0.0,0.0,0.0,0.0,0.0,0.005,0.0,0.0,0.0,0.0,0.0,0.0,0.005,0.91,0.0,0.0,0.0,0.005,0.0,0.0,0.0,0.01,0.0,0.0,0.0,0.005,0.0,0.0,0.0,0.0,0.005,0.02,0.005,0.0,0.0,0.005,0.0,0.005,0.0,0.0,0.0,0.0,0.0,0.0,0.0,0.0,0.0,0.005
25,25,,0.0,0.0,0.0,0.0,0.01,0.005,0.0,0.0,0.0,0.0,0.01,0.005,0.0,0.01,0.0,0.0,0.005,0.025,0.0,0.0,0.0,0.0,0.0,0.0,0.0,0.74,0.015,0.0,0.0,0.005,0.0,0.005,0.025,0.005,0.0,0.01,0.0,0.0,0.0,0.0,0.0,0.0,0.01,0.04,0.03,0.0,0.0,0.01,0.0,0.01,0.005,0.0,0.005,0.0,0.0,0.0,0.0,0.0,0.01,0.005
26,26,,0.0,0.0,0.0,0.0,0.0,0.0,0.0,0.0,0.0,0.0,0.0,0.0,0.0,0.0,0.0,0.0,0.0,0.0,0.0,0.0,0.0,0.0,0.0,0.0,0.0,0.0,0.965,0.0,0.0,0.0,0.0,0.0,0.0,0.005,0.0,0.0,0.0,0.0,0.0,0.0,0.0,0.0,0.0,0.0,0.005,0.0,0.0,0.0,0.0,0.015,0.0,0.0,0.0,0.0,0.0,0.005,0.0,0.0,0.0,0.005
26,26,,0.0,0.0,0.0,0.0,0.0,0.0,0.0,0.0,0.0,0.0,0.01,0.0,0.0,0.0,0.0,0.0,0.005,0.0,0.005,0.0,0.0,0.0,0.005,0.0,0.0,0.0,0.945,0.0,0.0,0.0,0.0,0.0,0.0,0.0,0.0,0.0,0.0,0.0,0.0,0.0,0.0,0.0,0.0,0.0,0.005,0.0,0.0,0.005,0.005,0.01,0.0,0.0,0.0,0.0,0.0,0.0,0.0,0.0,0.0,0.005
26,26,,0.0,0.0,0.0,0.0,0.0,0.0,0.0,0.0,0.0,0.0,0.0,0.0,0.0,0.0,0.0,0.0,0.0,0.01,0.0,0.0,0.0,0.0,0.0,0.0,0.0,0.005,0.94,0.0,0.005,0.0,0.0,0.0,0.0,0.005,0.0,0.0,0.0,0.0,0.0,0.0,0.0,0.0,0.0,0.005,0.01,0.0,0.0,0.005,0.0,0.01,0.0,0.0,0.0,0.0,0.0,0.0,0.0,0.0,0.0,0.005
26,26,,0.0,0.0,0.0,0.0,0.0,0.0,0.0,0.0,0.0,0.0,0.0,0.0,0.0,0.0,0.0,0.0,0.0,0.0,0.0,0.0,0.0,0.0,0.0,0.0,0.0,0.0,0.985,0.0,0.0,0.0,0.0,0.0,0.0,0.0,0.0,0.0,0.0,0.0,0.0,0.0,0.0,0.0,0.0,0.0,0.005,0.0,0.0,0.005,0.0,0.0,0.0,0.0,0.0,0.0,0.0,0.0,0.0,0.0,0.0,0.005
26,26,,0.0,0.0,0.0,0.0,0.0,0.0,0.0,0.0,0.0,0.0,0.01,0.0,0.0,0.0,0.0,0.0,0.005,0.005,0.0,0.0,0.0,0.0,0.0,0.0,0.0,0.0,0.9,0.0,0.0,0.0,0.0,0.0,0.0,0.005,0.0,0.0,0.0,0.0,0.0,0.0,0.0,0.0,0.01,0.005,0.025,0.0,0.0,0.005,0.0,0.015,0.005,0.0,0.0,0.0,0.0,0.005,0.0,0.0,0.005,0.0
26,26,,0.0,0.0,0.0,0.0,0.0,0.0,0.0,0.0,0.0,0.0,0.0,0.0,0.0,0.0,0.0,0.0,0.0,0.01,0.0,0.0,0.0,0.0,0.0,0.0,0.0,0.0,0.975,0.0,0.0,0.0,0.0,0.0,0.0,0.0,0.0,0.0,0.0,0.0,0.0,0.0,0.0,0.0,0.0,0.0,0.0,0.0,0.0,0.0,0.005,0.0,0.0,0.0,0.0,0.0,0.0,0.0,0.0,0.0,0.0,0.01
26,26,,0.0,0.0,0.0,0.0,0.0,0.0,0.0,0.0,0.0,0.0,0.0,0.0,0.0,0.0,0.0,0.0,0.0,0.005,0.0,0.0,0.0,0.0,0.0,0.0,0.0,0.0,0.955,0.0,0.0,0.0,0.0,0.0,0.0,0.0,0.0,0.0,0.0,0.0,0.0,0.0,0.01,0.0,0.005,0.0,0.015,0.0,0.0,0.005,0.0,0.0,0.0,0.0,0.0,0.0,0.0,0.0,0.0,0.0,0.0,0.005
26,26,,0.0,0.0,0.005,0.0,0.0,0.0,0.0,0.0,0.0,0.0,0.0,0.0,0.0,0.0,0.0,0.0,0.0,0.005,0.0,0.0,0.0,0.0,0.0,0.0,0.0,0.0,0.955,0.0,0.0,0.0,0.0,0.0,0.0,0.0,0.0,0.0,0.0,0.0,0.0,0.0,0.0,0.0,0.005,0.0,0.02,0.0,0.0,0.0,0.005,0.0,0.005,0.0,0.0,0.0,0.0,0.0,0.0,0.0,0.0,0.0
26,26,,0.0,0.0,0.0,0.0,0.0,0.0,0.0,0.0,0.0,0.0,0.005,0.0,0.0,0.0,0.0,0.0,0.005,0.0,0.0,0.0,0.0,0.0,0.0,0.0,0.0,0.0,0.905,0.0,0.0,0.0,0.0,0.0,0.0,0.0,0.0,0.0,0.0,0.0,0.0,0.0,0.0,0.0,0.0,0.025,0.055,0.0,0.0,0.0,0.0,0.0,0.0,0.0,0.0,0.0,0.0,0.005,0.0,0.0,0.0,0.0
26,26,,0.005,0.0,0.0,0.0,0.0,0.0,0.0,0.0,0.0,0.0,0.0,0.0,0.0,0.0,0.0,0.0,0.0,0.0,0.0,0.0,0.0,0.0,0.0,0.0,0.0,0.0,0.97,0.0,0.0,0.0,0.0,0.0,0.0,0.0,0.0,0.005,0.0,0.0,0.0,0.0,0.0,0.0,0.0,0.0,0.005,0.0,0.0,0.0,0.0,0.01,0.0,0.0,0.0,0.0,0.0,0.0,0.0,0.0,0.005,0.0
27,27,,0.075,0.0,0.0,0.0,0.0,0.01,0.0,0.0,0.02,0.0,0.005,0.005,0.0,0.0,0.0,0.0,0.0,0.01,0.04,0.005,0.0,0.0,0.0,0.0,0.0,0.015,0.0,0.61,0.0,0.01,0.025,0.005,0.01,0.015,0.0,0.01,0.0,0.0,0.0,0.0,0.0,0.0,0.005,0.015,0.0,0.0,0.0,0.08,0.0,0.01,0.01,0.0,0.005,0.0,0.0,0.005,0.0,0.0,0.0,0.0
27,27,,0.01,0.0,0.0,0.0,0.0,0.055,0.0,0.0,0.01,0.0,0.02,0.0,0.0,0.0,0.0,0.0,0.0,0.095,0.015,0.02,0.035,0.0,0.0,0.0,0.0,0.02,0.0,0.18,0.005,0.045,0.055,0.02,0.005,0.005,0.0,0.045,0.0,0.08,0.0,0.0,0.005,0.015,0.0,0.115,0.0,0.0,0.0,0.035,0.01,0.0,0.01,0.0,0.0,0.0,0.0,0.0,0.0,0.005,0.0,0.085
27,19,,0.0,0.0,0.0,0.0,0.0,0.155,0.0,0.0,0.03,0.0,0.03,0.0,0.0,0.005,0.0,0.0,0.0,0.065,0.02,0.18,0.01,0.0,0.0,0.0,0.01,0.01,0.0,0.07,0.0,0.01,0.125,0.02,0.005,0.0,0.0,0.045,0.005,0.005,0.0,0.0,0.0,0.0,0.01,0.045,0.005,0.0,0.0,0.12,0.0,0.005,0.005,0.0,0.005,0.0,0.0,0.0,0.0,0.005,0.0,0.0
27,49,,0.005,0.0,0.0,0.0,0.02,0.015,0.0,0.0,0.0,0.0,0.055,0.01,0.0,0.015,0.0,0.0,0.005,0.03,0.0,0.005,0.005,0.0,0.01,0.0,0.0,0.04,0.11,0.01,0.015,0.005,0.0,0.005,0.02,0.005,0.0,0.025,0.0,0.005,0.0,0.0,0.03,0.0,0.015,0.12,0.085,0.0,0.0,0.005,0.005,0.22,0.01,0.0,0.0,0.0,0.0,0.02,0.0,0.0,0.03,0.045
27,17,,0.0,0.0,0.0,0.0,0.0,0.15,0.0,0.0,0.005,0.0,0.045,0.0,0.0,0.0,0.0,0.0,0.01,0.19,0.04,0.04,0.015,0.0,0.01,0.0,0.01,0.01,0.0,0.07,0.0,0.03,0.045,0.01,0.005,0.01,0.0,0.05,0.005,0.02,0.0,0.0,0.0,0.0,0.0,0.05,0.005,0.0,0.0,0.135,0.0,0.0,0.0,0.0,0.0,0.0,0.0,0.0,0.0,0.02,0.0,0.02
27,27,,0.025,0.0,0.0,0.0,0.0,0.01,0.0,0.0,0.085,0.0,0.025,0.005,0.0,0.0,0.0,0.0,0.0,0.005,0.025,0.03,0.01,0.0,0.0,0.0,0.0,0.02,0.0,0.45,0.0,0.04,0.09,0.02,0.005,0.01,0.0,0.035,0.0,0.0,0.0,0.0,0.0,0.0,0.005,0.025,0.0,0.0,0.0,0.04,0.005,0.0,0.01,0.0,0.01,0.0,0.0,0.0,0.0,0.0,0.005,0.01
27,27,,0.01,0.0,0.0,0.0,0.005,0.005,0.0,0.0,0.01,0.0,0.015,0.0,0.0,0.0,0.0,0.005,0.005,0.015,0.025,0.005,0.015,0.0,0.005,0.0,0.005,0.005,0.0,0.71,0.005,0.005,0.01,0.0,0.005,0.0,0.0,0.02,0.0,0.005,0.0,0.0,0.0,0.0,0.0,0.015,0.005,0.0,0.0,0.02,0.01,0.0,0.01,0.0,0.02,0.0,0.0,0.015,0.0,0.005,0.0,0.01
27,17,,0.0,0.0,0.0,0.0,0.0,0.13,0.0,0.0,0.015,0.0,0.03,0.0,0.0,0.005,0.0,0.0,0.005,0.135,0.04,0.065,0.02,0.0,0.01,0.0,0.015,0.005,0.0,0.085,0.0,0.02,0.06,0.005,0.0,0.01,0.0,0.04,0.0,0.02,0.0,0.0,0.0,0.0,0.0,0.065,0.01,0.0,0.005,0.135,0.0,0.01,0.0,0.0,0.005,0.0,0.0,0.0,0.0,0.03,0.0,0.025
27,5,,0.0,0.0,0.0,0.0,0.0,0.17,0.0,0.0,0.01,0.0,0.05,0.0,0.0,0.005,0.0,0.0,0.005,0.065,0.025,0.05,0.02,0.0,0.0,0.0,0.01,0.02,0.0,0.095,0.0,0.04,0.065,0.035,0.015,0.01,0.0,0.02,0.005,0.005,0.0,0.0,0.0,0.0,0.01,0.095,0.01,0.0,0.0,0.095,0.005,0.0,0.005,0.0,0.015,0.0,0.0,0.0,0.005,0.015,0.0,0.025
27,27,,0.015,0.0,0.0,0.0,0.0,0.0,0.0,0.0,0.0,0.0,0.035,0.01,0.0,0.01,0.0,0.0,0.005,0.005,0.02,0.0,0.0,0.0,0.005,0.0,0.0,0.01,0.0,0.8,0.01,0.0,0.0,0.0,0.0,0.005,0.0,0.005,0.0,0.0,0.0,0.0,0.0,0.0,0.01,0.01,0.005,0.0,0.0,0.01,0.0,0.01,0.0,0.0,0.01,0.0,0.0,0.0,0.0,0.0,0.005,0.005
28,28,,0.015,0.0,0.0,0.0,0.0,0.0,0.0,0.0,0.0,0.005,0.005,0.01,0.0,0.0,0.005,0.005,0.0,0.0,0.005,0.0,0.0,0.0,0.0,0.0,0.0,0.0,0.0,0.005,0.715,0.005,0.0,0.0,0.01,0.0,0.11,0.0,0.0,0.0,0.005,0.0,0.0,0.0,0.005,0.005,0.0,0.0,0.0,0.01,0.0,0.0,0.01,0.005,0.01,0.0,0.03,0.01,0.0,0.0,0.01,0.005
28,34,,0.005,0.0,0.01,0.015,0.0,0.0,0.005,0.0,0.0,0.0,0.0,0.0,0.005,0.005,0.055,0.0,0.0,0.0,0.0,0.0,0.0,0.005,0.005,0.02,0.0,0.0,0.0,0.0,0.29,0.0,0.0,0.0,0.03,0.0,0.355,0.0,0.02,0.0,0.0,0.01,0.0,0.0,0.0,0.0,0.0,0.01,0.005,0.005,0.0,0.0,0.005,0.005,0.005,0.015,0.045,0.005,0.065,0.0,0.0,0.0
28,28,,0.14,0.0,0.0,0.005,0.0,0.01,0.005,0.0,0.0,0.0,0.015,0.02,0.0,0.0,0.0,0.015,0.01,0.005,0.0,0.035,0.005,0.0,0.05,0.0,0.005,0.0,0.0,0.0,0.365,0.045,0.005,0.005,0.005,0.015,0.0,0.015,0.0,0.0,0.0,0.0,0.005,0.01,0.09,0.01,0.005,0.015,0.0,0.01,0.005,0.005,0.005,0.015,0.01,0.0,0.0,0.025,0.005,0.0,0.0,0.01
28,28,,0.01,0.0,0.015,0.0,0.0,0.0,0.0,0.0,0.005,0.005,0.0,0.02,0.015,0.0,0.01,0.0,0.0,0.0,0.0,0.005,0.0,0.01,0.005,0.0,0.0,0.0,0.0,0.0,0.7,0.005,0.0,0.0,0.03,0.0,0.065,0.0,0.01,0.0,0.005,0.0,0.005,0.0,0.005,0.005,0.0,0.0,0.005,0.005,0.0,0.0,0.015,0.005,0.0,0.0,0.015,0.005,0.005,0.0,0.005,0.01
28,28,,0.015,0.0,0.01,0.0,0.0,0.015,0.0,0.0,0.0,0.0,0.02,0.04,0.0,0.01,0.005,0.005,0.0,0.01,0.005,0.0,0.0,0.01,0.01,0.0,0.0,0.0,0.01,0.01,0.46,0.015,0.0,0.0,0.03,0.015,0.0,0.01,0.0,0.0,0.0,0.0,0.0,0.0,0.045,0.065,0.0,0.0,0.0,0.02,0.04,0.0,0.02,0.0,0.005,0.0,0.0,0.04,0.0,0.0,0.01,0.05
28,28,,0.115,0.005,0.005,0.025,0.01,0.0,0.01,0.0,0.015,0.005,0.0,0.025,0.0,0.0,0.01,0.015,0.02,0.0,0.01,0.025,0.0,0.0,0.03,0.005,0.0,0.0,0.0,0.02,0.135,0.025,0.0,0.0,0.005,0.0,0.01,0.015,0.02,0.0,0.0,0.005,0.005,0.005,0.055,0.015,0.0,0.085,0.01,0.005,0.0,0.005,0.01,0.015,0.085,0.0,0.005,0.035,0.075,0.0,0.01,0.015
28,28,,0.005,0.0,0.005,0.015,0.0,0.0,0.0,0.0,0.005,0.0,0.0,0.04,0.0,0.01,0.03,0.0,0.0,0.0,0.0,0.0,0.0,0.0,0.0,0.01,0.0,0.01,0.0,0.01,0.475,0.005,0.0,0.0,0.045,0.005,0.095,0.0,0.01,0.0,0.015,0.005,0.0,0.0,0.02,0.005,0.0,0.0,0.005,0.005,0.005,0.0,0.045,0.005,0.03,0.005,0.025,0.025,0.025,0.0,0.005,0.0
28,28,,0.005,0.0,0.005,0.0,0.0,0.005,0.0,0.0,0.0,0.0,0.0,0.02,0.0,0.0,0.0,0.0,0.0,0.0,0.0,0.0,0.0,0.0,0.01,0.0,0.0,0.0,0.005,0.0,0.87,0.01,0.0,0.0,0.01,0.0,0.0,0.0,0.0,0.0,0.005,0.0,0.0,0.0,0.0,0.015,0.0,0.0,0.0,0.0,0.0,0.005,0.0,0.0,0.005,0.0,0.005,0.01,0.0,0.0,0.005,0.01
28,59,,0.055,0.0,0.0,0.0,0.015,0.01,0.0,0.0,0.025,0.0,0.035,0.005,0.0,0.0,0.0,0.005,0.01,0.04,0.02,0.08,0.0,0.0,0.06,0.0,0.0,0.0,0.005,0.085,0.08,0.03,0.015,0.01,0.005,0.03,0.0,0.02,0.005,0.0,0.0,0.0,0.0,0.0,0.07,0.02,0.0,0.0,0.0,0.035,0.01,0.01,0.01,0.005,0.045,0.0,0.0,0.025,0.005,0.0,0.005,0.115
28,28,,0.005,0.0,0.005,0.0,0.0,0.0,0.0,0.0,0.0,0.0,0.0,0.01,0.0,0.0,0.0,0.0,0.005,0.0,0.0,0.0,0.0,0.0,0.005,0.0,0.0,0.005,0.005,0.0,0.855,0.005,0.0,0.0,0.01,0.0,0.015,0.0,0.01,0.0,0.005,0.0,0.0,0.0,0.005,0.005,0.0,0.0,0.0,0.005,0.0,0.0,0.01,0.0,0.005,0.0,0.0,0.02,0.0,0.0,0.01,0.0
29,29,,0.015,0.0,0.0,0.0,0.005,0.005,0.005,0.0,0.0,0.0,0.01,0.15,0.0,0.005,0.01,0.0,0.0,0.0,0.0,0.0,0.0,0.005,0.0,0.0,0.005,0.01,0.0,0.005,0.045,0.56,0.0,0.0,0.025,0.0,0.0,0.01,0.01,0.0,0.0,0.0,0.0,0.0,0.025,0.01,0.0,0.0,0.005,0.01,0.005,0.0,0.03,0.015,0.01,0.0,0.005,0.0,0.0,0.0,0.0,0.005
29,29,,0.005,0.0,0.0,0.0,0.01,0.015,0.0,0.01,0.005,0.0,0.0,0.045,0.015,0.06,0.01,0.005,0.03,0.01,0.005,0.0,0.0,0.0,0.0,0.0,0.0,0.06,0.0,0.015,0.1,0.13,0.0,0.005,0.125,0.005,0.01,0.025,0.015,0.0,0.0,0.0,0.0,0.0,0.02,0.06,0.0,0.0,0.0,0.015,0.025,0.0,0.1,0.01,0.015,0.0,0.0,0.015,0.0,0.0,0.0,0.025
29,29,,0.015,0.0,0.0,0.0,0.005,0.025,0.0,0.0,0.005,0.0,0.055,0.0,0.0,0.005,0.0,0.0,0.005,0.055,0.025,0.01,0.0,0.0,0.005,0.0,0.01,0.01,0.01,0.015,0.01,0.37,0.005,0.005,0.01,0.02,0.0,0.015,0.0,0.0,0.0,0.0,0.005,0.0,0.03,0.07,0.01,0.0,0.0,0.05,0.0,0.045,0.0,0.0,0.0,0.0,0.0,0.01,0.0,0.005,0.03,0.055
29,29,,0.015,0.0,0.0,0.0,0.005,0.02,0.0,0.0,0.01,0.0,0.015,0.0,0.0,0.005,0.0,0.0,0.0,0.01,0.05,0.02,0.0,0.0,0.005,0.0,0.015,0.005,0.0,0.005,0.0,0.63,0.0,0.005,0.005,0.025,0.0,0.02,0.0,0.0,0.0,0.0,0.0,0.01,0.01,0.01,0.0,0.0,0.0,0.07,0.0,0.005,0.01,0.0,0.0,0.0,0.0,0.0,0.0,0.0,0.005,0.015
29,29,,0.005,0.0,0.005,0.0,0.0,0.005,0.0,0.0,0.0,0.0,0.02,0.11,0.01,0.01,0.005,0.0,0.0,0.005,0.005,0.01,0.0,0.0,0.005,0.0,0.005,0.02,0.0,0.0,0.06,0.58,0.005,0.0,0.02,0.0,0.0,0.0,0.005,0.0,0.0,0.0,0.0,0.0,0.015,0.015,0.0,0.0,0.0,0.015,0.005,0.0,0.005,0.005,0.02,0.0,0.005,0.005,0.0,0.0,0.0,0.02
29,29,,0.0,0.0,0.0,0.0,0.0,0.0,0.0,0.0,0.0,0.0,0.02,0.01,0.0,0.0,0.0,0.0,0.0,0.015,0.005,0.005,0.005,0.0,0.0,0.0,0.0,0.005,0.0,0.0,0.0,0.86,0.005,0.005,0.0,0.0,0.0,0.015,0.0,0.0,0.0,0.0,0.0,0.0,0.005,0.02,0.0,0.0,0.0,0.025,0.0,0.0,0.0,0.0,0.0,0.0,0.0,0.0,0.0,0.0,0.0,0.0
29,11,,0.025,0.0,0.0,0.0,0.0,0.005,0.025,0.0,0.0,0.01,0.0,0.255,0.0,0.0,0.03,0.01,0.01,0.0,0.005,0.0,0.0,0.005,0.01,0.01,0.0,0.0,0.0,0.01,0.085,0.25,0.0,0.0,0.02,0.0,0.015,0.01,0.0,0.005,0.0,0.005,0.0,0.0,0.035,0.01,0.0,0.0,0.0,0.005,0.0,0.0,0.0,0.065,0.05,0.0,0.005,0.015,0.01,0.0,0.0,0.005
29,29,,0.02,0.005,0.0,0.0,0.0,0.01,0.015,0.0,0.0,0.0,0.01,0.085,0.0,0.0,0.005,0.01,0.01,0.0,0.0,0.005,0.005,0.005,0.005,0.01,0.0,0.005,0.0,0.0,0.04,0.49,0.005,0.005,0.025,0.0,0.01,0.015,0.005,0.0,0.0,0.0,0.0,0.0,0.03,0.005,0.005,0.005,0.0,0.0,0.0,0.0,0.03,0.06,0.045,0.0,0.005,0.005,0.005,0.0,0.0,0.005
29,14,,0.005,0.0,0.01,0.0,0.0,0.0,0.085,0.005,0.0,0.0,0.0,0.1,0.0,0.0,0.12,0.015,0.015,0.0,0.0,0.0,0.0,0.005,0.005,0.01,0.0,0.0,0.0,0.0,0.075,0.065,0.005,0.0,0.07,0.0,0.03,0.005,0.075,0.0,0.005,0.015,0.0,0.0,0.01,0.005,0.0,0.02,0.005,0.0,0.005,0.0,0.01,0.095,0.045,0.0,0.015,0.01,0.055,0.0,0.005,0.0
29,29,,0.005,0.0,0.0,0.0,0.0,0.005,0.0,0.0,0.005,0.0,0.025,0.005,0.0,0.005,0.0,0.0,0.0,0.0,0.005,0.0,0.0,0.0,0.0,0.0,0.0,0.0,0.0,0.015,0.0,0.81,0.0,0.02,0.01,0.01,0.0,0.01,0.0,0.0,0.0,0.0,0.0,0.0,0.01,0.015,0.0,0.0,0.0,0.005,0.02,0.0,0.0,0.0,0.0,0.0,0.0,0.0,0.0,0.0,0.005,0.015
30,30,,0.005,0.0,0.0,0.0,0.0,0.02,0.0,0.0,0.025,0.0,0.005,0.0,0.0,0.0,0.0,0.0,0.005,0.03,0.035,0.135,0.035,0.0,0.005,0.0,0.005,0.0,0.0,0.005,0.0,0.0,0.31,0.085,0.005,0.04,0.0,0.095,0.0,0.0,0.0,0.0,0.0,0.05,0.01,0.005,0.0,0.0,0.0,0.005,0.0,0.0,0.03,0.0,0.04,0.0,0.0,0.0,0.0,0.005,0.0,0.01
30,19,,0.01,0.0,0.0,0.0,0.0,0.0,0.0,0.0,0.245,0.0,0.0,0.0,0.0,0.0,0.0,0.0,0.0,0.01,0.02,0.445,0.015,0.0,0.0,0.0,0.0,0.0,0.0,0.025,0.0,0.0,0.12,0.0,0.0,0.005,0.0,0.03,0.0,0.0,0.0,0.0,0.0,0.015,0.0,0.015,0.0,0.0,0.0,0.02,0.0,0.0,0.005,0.0,0.02,0.0,0.0,0.0,0.0,0.0,0.0,0.0
30,30,,0.005,0.0,0.0,0.0,0.0,0.01,0.0,0.0,0.07,0.0,0.0,0.0,0.0,0.0,0.0,0.0,0.0,0.005,0.025,0.35,0.065,0.0,0.0,0.0,0.005,0.0,0.0,0.005,0.0,0.0,0.405,0.005,0.0,0.0,0.0,0.005,0.0,0.005,0.0,0.0,0.0,0.005,0.0,0.01,0.0,0.0,0.0,0.015,0.0,0.0,0.0,0.0,0.005,0.0,0.0,0.0,0.0,0.005,0.0,0.0
30,19,,0.01,0.0,0.0,0.0,0.0,0.02,0.0,0.0,0.095,0.0,0.0,0.0,0.0,0.0,0.0,0.0,0.0,0.03,0.025,0.36,0.03,0.0,0.0,0.0,0.0,0.0,0.0,0.005,0.0,0.0,0.14,0.055,0.0,0.035,0.0,0.055,0.005,0.005,0.0,0.0,0.0,0.015,0.005,0.005,0.0,0.0,0.0,0.0,0.0,0.0,0.02,0.0,0.075,0.0,0.0,0.005,0.0,0.0,0.005,0.0
30,30,,0.0,0.0,0.0,0.0,0.0,0.005,0.0,0.0,0.145,0.0,0.005,0.0,0.0,0.0,0.0,0.0,0.0,0.01,0.01,0.025,0.02,0.0,0.0,0.0,0.0,0.005,0.0,0.03,0.0,0.015,0.635,0.0,0.0,0.0,0.0,0.02,0.0,0.015,0.0,0.0,0.0,0.0,0.005,0.015,0.0,0.0,0.0,0.02,0.005,0.0,0.0,0.0,0.005,0.0,0.0,0.0,0.0,0.005,0.0,0.005
30,30,,0.005,0.0,0.0,0.0,0.0,0.05,0.0,0.0,0.11,0.0,0.005,0.0,0.0,0.0,0.0,0.0,0.0,0.005,0.01,0.29,0.095,0.0,0.0,0.0,0.015,0.0,0.0,0.015,0.0,0.0,0.325,0.005,0.005,0.0,0.0,0.01,0.005,0.005,0.0,0.0,0.0,0.005,0.0,0.01,0.0,0.0,0.0,0.025,0.0,0.0,0.0,0.0,0.0,0.0,0.0,0.0,0.0,0.0,0.0,0.005
30,19,,0.0,0.0,0.0,0.0,0.0,0.03,0.0,0.0,0.145,0.0,0.0,0.0,0.0,0.0,0.0,0.0,0.0,0.005,0.02,0.32,0.065,0.0,0.0,0.0,0.005,0.0,0.0,0.015,0.0,0.005,0.305,0.0,0.0,0.0,0.0,0.015,0.005,0.01,0.0,0.0,0.0,0.005,0.005,0.015,0.0,0.0,0.0,0.02,0.0,0.0,0.0,0.0,0.01,0.0,0.0,0.0,0.0,0.0,0.0,0.0
30,30,,0.005,0.0,0.0,0.0,0.0,0.02,0.0,0.0,0.045,0.0,0.0,0.0,0.0,0.0,0.0,0.0,0.0,0.005,0.025,0.3,0.11,0.0,0.0,0.0,0.0,0.0,0.0,0.0,0.0,0.0,0.45,0.0,0.0,0.0,0.0,0.005,0.0,0.005,0.0,0.0,0.0,0.005,0.0,0.005,0.0,0.0,0.0,0.01,0.0,0.0,0.0,0.0,0.0,0.0,0.0,0.0,0.0,0.005,0.0,0.005
30,8,,0.0,0.0,0.0,0.0,0.0,0.0,0.0,0.0,0.385,0.0,0.0,0.0,0.0,0.0,0.0,0.0,0.0,0.015,0.0,0.36,0.015,0.0,0.0,0.0,0.0,0.0,0.0,0.0,0.0,0.0,0.165,0.0,0.0,0.005,0.0,0.01,0.0,0.0,0.0,0.0,0.0,0.01,0.0,0.005,0.0,0.0,0.0,0.005,0.0,0.0,0.005,0.0,0.015,0.0,0.0,0.0,0.0,0.0,0.0,0.005
30,30,,0.0,0.0,0.0,0.0,0.0,0.015,0.0,0.0,0.21,0.0,0.02,0.01,0.0,0.005,0.0,0.0,0.0,0.015,0.03,0.01,0.05,0.0,0.0,0.0,0.0,0.025,0.0,0.05,0.0,0.015,0.335,0.0,0.0,0.025,0.0,0.02,0.0,0.04,0.0,0.0,0.0,0.01,0.0,0.055,0.0,0.0,0.0,0.03,0.0,0.0,0.0,0.0,0.02,0.0,0.0,0.0,0.0,0.005,0.0,0.005
31,31,,0.0,0.0,0.0,0.0,0.0,0.0,0.0,0.0,0.005,0.0,0.0,0.0,0.0,0.0,0.0,0.0,0.005,0.02,0.0,0.01,0.015,0.0,0.0,0.0,0.0,0.0,0.0,0.0,0.0,0.015,0.005,0.88,0.0,0.0,0.0,0.02,0.0,0.0,0.0,0.0,0.0,0.0,0.01,0.005,0.0,0.0,0.0,0.005,0.0,0.0,0.0,0.0,0.0,0.0,0.0,0.0,0.0,0.005,0.0,0.0
31,31,,0.0,0.0,0.0,0.0,0.0,0.0,0.0,0.0,0.0,0.0,0.0,0.0,0.0,0.0,0.0,0.0,0.0,0.015,0.0,0.0,0.0,0.0,0.0,0.0,0.0,0.0,0.0,0.0,0.0,0.015,0.0,0.905,0.015,0.005,0.0,0.005,0.005,0.0,0.0,0.0,0.0,0.005,0.01,0.0,0.0,0.0,0.0,0.0,0.0,0.0,0.005,0.005,0.005,0.0,0.0,0.0,0.0,0.0,0.0,0.005
31,31,,0.0,0.0,0.0,0.0,0.0,0.01,0.0,0.0,0.015,0.0,0.0,0.0,0.0,0.0,0.0,0.0,0.0,0.02,0.0,0.005,0.02,0.0,0.0,0.0,0.0,0.0,0.0,0.005,0.005,0.005,0.01,0.845,0.005,0.005,0.0,0.005,0.0,0.0,0.0,0.0,0.0,0.0,0.0,0.035,0.0,0.0,0.0,0.0,0.0,0.0,0.0,0.0,0.005,0.0,0.0,0.0,0.0,0.0,0.0,0.005
31,31,,0.0,0.0,0.0,0.0,0.0,0.01,0.0,0.0,0.01,0.0,0.0,0.01,0.0,0.005,0.0,0.0,0.0,0.005,0.0,0.025,0.015,0.0,0.005,0.0,0.005,0.0,0.0,0.01,0.01,0.02,0.0,0.76,0.005,0.0,0.0,0.015,0.0,0.005,0.0,0.0,0.0,0.01,0.0,0.02,0.0,0.0,0.0,0.005,0.0,0.0,0.01,0.01,0.02,0.0,0.0,0.0,0.0,0.0,0.0,0.01
31,31,,0.0,0.0,0.0,0.0,0.0,0.02,0.0,0.005,0.02,0.0,0.005,0.005,0.0,0.0,0.0,0.0,0.01,0.015,0.0,0.04,0.035,0.0,0.0,0.005,0.005,0.0,0.0,0.005,0.0,0.02,0.015,0.65,0.0,0.0,0.0,0.02,0.0,0.005,0.0,0.0,0.0,0.005,0.015,0.01,0.0,0.0,0.005,0.005,0.0,0.0,0.005,0.005,0.06,0.0,0.0,0.0,0.0,0.005,0.0,0.005
31,31,,0.0,0.0,0.0,0.0,0.0,0.005,0.0,0.0,0.01,0.0,0.005,0.0,0.0,0.0,0.0,0.0,0.0,0.01,0.0,0.01,0.015,0.0,0.0,0.0,0.0,0.0,0.0,0.005,0.005,0.01,0.01,0.87,0.01,0.0,0.0,0.005,0.0,0.0,0.0,0.0,0.0,0.005,0.0,0.005,0.0,0.0,0.0,0.0,0.0,0.0,0.0,0.0,0.015,0.0,0.0,0.0,0.0,0.0,0.0,0.005
31,31,,0.0,0.0,0.0,0.0,0.0,0.01,0.0,0.0,0.0,0.0,0.0,0.0,0.0,0.0,0.0,0.0,0.0,0.01,0.0,0.01,0.015,0.0,0.0,0.0,0.0,0.0,0.0,0.0,0.0,0.01,0.005,0.895,0.0,0.005,0.0,0.005,0.0,0.005,0.0,0.0,0.0,0.0,0.005,0.015,0.0,0.0,0.0,0.0,0.0,0.0,0.0,0.0,0.01,0.0,0.0,0.0,0.0,0.0,0.0,0.0
31,31,,0.0,0.0,0.0,0.0,0.0,0.01,0.0,0.0,0.0,0.0,0.0,0.0,0.0,0.0,0.0,0.0,0.0,0.025,0.0,0.005,0.07,0.0,0.0,0.0,0.0,0.0,0.0,0.0,0.0,0.0,0.03,0.835,0.005,0.0,0.0,0.005,0.0,0.0,0.0,0.0,0.0,0.0,0.0,0.005,0.0,0.0,0.0,0.005,0.0,0.0,0.0,0.0,0.005,0.0,0.0,0.0,0.0,0.0,0.0,0.0
31,31,,0.005,0.0,0.0,0.0,0.025,0.0,0.0,0.0,0.0,0.0,0.02,0.005,0.005,0.0,0.0,0.0,0.11,0.025,0.0,0.005,0.0,0.005,0.035,0.0,0.0,0.01,0.005,0.0,0.01,0.0,0.0,0.45,0.005,0.05,0.0,0.035,0.0,0.0,0.0,0.0,0.015,0.005,0.015,0.015,0.1,0.0,0.005,0.0,0.0,0.005,0.005,0.0,0.0,0.0,0.0,0.02,0.0,0.0,0.0,0.01
31,31,,0.01,0.0,0.0,0.0,0.015,0.0,0.0,0.0,0.0,0.0,0.025,0.0,0.005,0.0,0.0,0.005,0.09,0.0,0.005,0.0,0.0,0.005,0.035,0.0,0.005,0.005,0.0,0.0,0.015,0.005,0.0,0.575,0.015,0.015,0.0,0.035,0.0,0.0,0.0,0.0,0.025,0.0,0.005,0.04,0.03,0.0,0.0,0.0,0.0,0.0,0.01,0.005,0.0,0.0,0.0,0.01,0.0,0.0,0.0,0.01
32,32,,0.0,0.0,0.015,0.0,0.005,0.0,0.0,0.0,0.015,0.0,0.005,0.0,0.01,0.02,0.0,0.0,0.0,0.035,0.015,0.005,0.005,0.05,0.0,0.0,0.025,0.01,0.01,0.005,0.015,0.04,0.005,0.035,0.3,0.025,0.0,0.035,0.005,0.01,0.005,0.0,0.025,0.01,0.03,0.005,0.0,0.0,0.0,0.005,0.01,0.0,0.15,0.005,0.01,0.0,0.005,0.005,0.0,0.015,0.005,0.015
32,24,,0.0,0.0,0.0,0.0,0.0,0.07,0.0,0.005,0.01,0.0,0.0,0.005,0.0,0.01,0.0,0.0,0.045,0.0,0.04,0.0,0.01,0.0,0.0,0.0,0.29,0.015,0.005,0.01,0.0,0.035,0.005,0.015,0.04,0.02,0.0,0.015,0.005,0.01,0.0,0.0,0.0,0.0,0.01,0.03,0.005,0.0,0.0,0.025,0.0,0.0,0.01,0.005,0.01,0.0,0.0,0.005,0.0,0.235,0.0,0.005
32,54,,0.0,0.015,0.065,0.035,0.0,0.0,0.015,0.025,0.0,0.025,0.0,0.0,0.0,0.0,0.07,0.025,0.005,0.0,0.0,0.0,0.0,0.0,0.0,0.01,0.0,0.0,0.0,0.0,0.03,0.0,0.0,0.0,0.025,0.0,0.095,0.0,0.04,0.0,0.01,0.105,0.0,0.0,0.0,0.0,0.0,0.05,0.02,0.0,0.0,0.0,0.0,0.005,0.005,0.09,0.125,0.0,0.11,0.0,0.0,0.0
32,32,,0.0,0.0,0.005,0.0,0.0,0.04,0.0,0.0,0.0,0.0,0.03,0.005,0.0,0.03,0.0,0.0,0.025,0.105,0.01,0.0,0.0,0.0,0.0,0.0,0.025,0.07,0.005,0.005,0.0,0.045,0.0,0.01,0.13,0.05,0.0,0.035,0.005,0.025,0.0,0.0,0.015,0.005,0.015,0.045,0.025,0.0,0.0,0.065,0.005,0.02,0.05,0.0,0.005,0.0,0.0,0.0,0.0,0.065,0.0,0.03
32,32,,0.0,0.0,0.03,0.0,0.005,0.0,0.0,0.0,0.0,0.0,0.0,0.0,0.025,0.0,0.0,0.0,0.0,0.0,0.0,0.0,0.0,0.045,0.0,0.0,0.005,0.0,0.0,0.0,0.0,0.0,0.0,0.0,0.825,0.005,0.0,0.0,0.0,0.0,0.0,0.0,0.005,0.0,0.005,0.0,0.0,0.0,0.01,0.0,0.0,0.0,0.03,0.0,0.005,0.0,0.0,0.0,0.005,0.0,0.0,0.0
32,52,,0.035,0.0,0.005,0.035,0.0,0.005,0.025,0.045,0.02,0.01,0.0,0.045,0.005,0.005,0.075,0.045,0.03,0.0,0.005,0.01,0.0,0.005,0.005,0.04,0.0,0.005,0.0,0.015,0.065,0.05,0.01,0.01,0.03,0.0,0.0,0.01,0.05,0.0,0.0,0.015,0.0,0.005,0.08,0.0,0.0,0.01,0.0,0.0,0.0,0.0,0.02,0.02,0.105,0.0,0.01,0.02,0.01,0.005,0.0,0.005
32,32,,0.005,0.0,0.025,0.0,0.0,0.0,0.005,0.0,0.0,0.0,0.0,0.0,0.02,0.005,0.0,0.0,0.0,0.005,0.0,0.0,0.0,0.035,0.0,0.0,0.005,0.0,0.0,0.0,0.0,0.005,0.0,0.0,0.75,0.0,0.005,0.0,0.015,0.0,0.005,0.0,0.01,0.0,0.0,0.0,0.005,0.0,0.015,0.0,0.0,0.0,0.07,0.0,0.0,0.0,0.005,0.01,0.0,0.0,0.0,0.0
32,36,,0.0,0.0,0.015,0.0,0.0,0.0,0.03,0.07,0.0,0.0,0.0,0.0,0.01,0.0,0.005,0.01,0.005,0.0,0.0,0.0,0.0,0.0,0.0,0.235,0.0,0.0,0.0,0.0,0.0,0.0,0.0,0.0,0.2,0.0,0.01,0.01,0.265,0.0,0.0,0.025,0.0,0.0,0.0,0.0,0.0,0.005,0.0,0.0,0.0,0.0,0.0,0.0,0.01,0.015,0.01,0.04,0.03,0.0,0.0,0.0
32,45,,0.0,0.025,0.05,0.06,0.0,0.0,0.025,0.01,0.0,0.04,0.0,0.0,0.0,0.0,0.1,0.015,0.005,0.0,0.0,0.0,0.0,0.0,0.0,0.035,0.0,0.0,0.0,0.0,0.035,0.0,0.0,0.0,0.0,0.0,0.0,0.0,0.015,0.0,0.0,0.03,0.005,0.0,0.0,0.0,0.0,0.22,0.06,0.0,0.0,0.0,0.0,0.02,0.0,0.015,0.09,0.005,0.14,0.0,0.0,0.0
32,52,,0.05,0.0,0.0,0.02,0.0,0.0,0.01,0.0,0.015,0.005,0.005,0.02,0.0,0.005,0.025,0.02,0.02,0.0,0.015,0.025,0.0,0.0,0.06,0.02,0.0,0.0,0.0,0.025,0.04,0.015,0.0,0.0,0.035,0.005,0.03,0.01,0.005,0.0,0.0,0.005,0.0,0.0,0.03,0.0,0.0,0.035,0.01,0.025,0.005,0.0,0.005,0.01,0.205,0.0,0.01,0.035,0.08,0.0,0.015,0.05
33,33,,0.005,0.0,0.0,0.0,0.06,0.015,0.0,0.0,0.005,0.0,0.0,0.005,0.005,0.035,0.0,0.0,0.015,0.01,0.015,0.005,0.005,0.0,0.005,0.0,0.015,0.03,0.0,0.0,0.01,0.005,0.005,0.005,0.005,0.47,0.0,0.015,0.01,0.01,0.0,0.0,0.005,0.005,0.125,0.035,0.0,0.0,0.01,0.01,0.0,0.0,0.03,0.0,0.01,0.0,0.0,0.0,0.0,0.005,0.0,0.0
33,33,,0.005,0.0,0.0,0.0,0.095,0.01,0.0,0.0,0.01,0.0,0.0,0.0,0.0,0.01,0.0,0.005,0.025,0.025,0.0,0.0,0.0,0.0,0.0,0.0,0.005,0.0,0.0,0.0,0.005,0.0,0.0,0.015,0.005,0.61,0.0,0.02,0.01,0.0,0.005,0.0,0.0,0.0,0.085,0.005,0.01,0.0,0.0,0.0,0.0,0.0,0.025,0.0,0.005,0.0,0.0,0.005,0.0,0.0,0.0,0.005
33,33,,0.0,0.0,0.0,0.0,0.18,0.005,0.0,0.0,0.005,0.0,0.0,0.005,0.0,0.005,0.0,0.0,0.085,0.02,0.0,0.0,0.0,0.0,0.005,0.0,0.0,0.005,0.0,0.0,0.0,0.0,0.005,0.025,0.0,0.55,0.0,0.01,0.0,0.0,0.0,0.0,0.0,0.0,0.04,0.005,0.02,0.0,0.0,0.005,0.0,0.0,0.01,0.0,0.0,0.0,0.0,0.005,0.0,0.01,0.0,0.0
33,33,,0.04,0.0,0.0,0.0,0.04,0.015,0.0,0.0,0.0,0.0,0.0,0.01,0.005,0.015,0.0,0.0,0.005,0.01,0.06,0.005,0.01,0.0,0.005,0.0,0.005,0.0,0.0,0.01,0.005,0.02,0.015,0.01,0.005,0.555,0.0,0.015,0.0,0.0,0.0,0.0,0.0,0.0,0.09,0.005,0.0,0.0,0.0,0.02,0.005,0.0,0.005,0.0,0.005,0.0,0.0,0.0,0.0,0.005,0.0,0.005
33,33,,0.0,0.0,0.0,0.0,0.07,0.01,0.0,0.0,0.005,0.0,0.01,0.0,0.0,0.015,0.0,0.0,0.015,0.075,0.005,0.005,0.0,0.0,0.015,0.0,0.005,0.01,0.015,0.01,0.005,0.03,0.0,0.005,0.01,0.42,0.0,0.065,0.0,0.0,0.0,0.0,0.02,0.0,0.055,0.035,0.035,0.0,0.0,0.005,0.0,0.02,0.02,0.0,0.005,0.0,0.0,0.005,0.0,0.0,0.0,0.0
33,33,,0.01,0.0,0.0,0.0,0.095,0.005,0.0,0.0,0.005,0.0,0.0,0.01,0.0,0.025,0.0,0.0,0.04,0.04,0.0,0.0,0.0,0.0,0.015,0.0,0.01,0.005,0.005,0.0,0.0,0.005,0.0,0.03,0.005,0.56,0.0,0.025,0.0,0.0,0.0,0.0,0.005,0.0,0.035,0.025,0.015,0.0,0.0,0.005,0.005,0.0,0.0,0.0,0.0,0.0,0.0,0.01,0.0,0.0,0.005,0.005
33,33,,0.0,0.0,0.0,0.0,0.08,0.0,0.0,0.0,0.0,0.0,0.005,0.0,0.0,0.0,0.0,0.0,0.02,0.0,0.0,0.0,0.0,0.0,0.0,0.0,0.005,0.005,0.0,0.0,0.0,0.01,0.0,0.01,0.0,0.79,0.0,0.01,0.005,0.0,0.0,0.0,0.0,0.0,0.03,0.005,0.01,0.0,0.0,0.0,0.0,0.0,0.005,0.0,0.005,0.0,0.0,0.005,0.0,0.0,0.0,0.0
33,33,,0.015,0.0,0.0,0.0,0.06,0.01,0.0,0.0,0.005,0.0,0.0,0.01,0.005,0.02,0.0,0.0,0.005,0.02,0.025,0.0,0.01,0.0,0.005,0.0,0.015,0.01,0.0,0.005,0.0,0.005,0.005,0.005,0.01,0.61,0.0,0.005,0.005,0.0,0.0,0.0,0.0,0.0,0.055,0.005,0.0,0.0,0.0,0.035,0.0,0.0,0.02,0.0,0.01,0.0,0.0,0.0,0.0,0.005,0.0,0.005
33,33,,0.04,0.0,0.0,0.0,0.025,0.01,0.0,0.0,0.015,0.0,0.01,0.03,0.005,0.025,0.0,0.0,0.01,0.04,0.055,0.005,0.01,0.0,0.02,0.0,0.015,0.0,0.0,0.02,0.005,0.02,0.005,0.005,0.035,0.275,0.0,0.05,0.0,0.0,0.005,0.0,0.005,0.005,0.115,0.01,0.0,0.0,0.0,0.07,0.0,0.015,0.02,0.0,0.005,0.0,0.0,0.01,0.0,0.005,0.0,0.005
33,33,,0.0,0.0,0.005,0.0,0.065,0.005,0.0,0.0,0.015,0.0,0.01,0.0,0.0,0.01,0.0,0.0,0.0,0.015,0.005,0.0,0.0,0.0,0.0,0.0,0.025,0.005,0.0,0.0,0.0,0.01,0.005,0.005,0.0,0.725,0.0,0.01,0.0,0.0,0.0,0.0,0.0,0.0,0.035,0.01,0.0,0.0,0.0,0.02,0.0,0.0,0.01,0.0,0.005,0.0,0.0,0.0,0.0,0.0,0.0,0.005
34,34,,0.005,0.0,0.0,0.0,0.0,0.0,0.0,0.0,0.0,0.005,0.0,0.005,0.0,0.0,0.01,0.005,0.0,0.0,0.0,0.0,0.0,0.0,0.0,0.0,0.0,0.0,0.0,0.0,0.05,0.0,0.0,0.0,0.04,0.0,0.72,0.005,0.005,0.0,0.0,0.005,0.005,0.0,0.0,0.0,0.0,0.0,0.01,0.0,0.0,0.0,0.005,0.0,0.01,0.005,0.11,0.0,0.0,0.0,0.0,0.0
34,34,,0.0,0.0,0.015,0.005,0.0,0.0,0.0,0.005,0.0,0.01,0.0,0.0,0.005,0.0,0.015,0.015,0.0,0.0,0.0,0.0,0.0,0.0,0.0,0.0,0.0,0.0,0.0,0.0,0.04,0.0,0.0,0.0,0.05,0.0,0.695,0.0,0.035,0.0,0.0,0.015,0.005,0.0,0.0,0.0,0.0,0.0,0.01,0.0,0.0,0.0,0.0,0.005,0.0,0.01,0.055,0.0,0.01,0.0,0.0,0.0
34,34,,0.0,0.0,0.0,0.0,0.0,0.0,0.005,0.005,0.0,0.005,0.0,0.0,0.0,0.0,0.0,0.0,0.0,0.0,0.0,0.0,0.0,0.0,0.0,0.0,0.0,0.0,0.0,0.0,0.055,0.0,0.0,0.0,0.02,0.0,0.845,0.0,0.0,0.0,0.0,0.0,0.0,0.0,0.0,0.0,0.0,0.0,0.005,0.0,0.0,0.0,0.0,0.005,0.0,0.0,0.045,0.0,0.01,0.0,0.0,0.0
34,34,,0.0,0.0,0.0,0.0,0.0,0.0,0.0,0.0,0.0,0.0,0.0,0.0,0.0,0.0,0.0,0.0,0.0,0.0,0.0,0.0,0.0,0.0,0.0,0.0,0.0,0.0,0.0,0.0,0.06,0.0,0.0,0.0,0.005,0.0,0.89,0.0,0.0,0.0,0.0,0.0,0.0,0.0,0.0,0.0,0.0,0.0,0.0,0.0,0.0,0.0,0.0,0.01,0.0,0.0,0.015,0.01,0.0,0.0,0.0,0.01
34,34,,0.0,0.015,0.015,0.005,0.0,0.0,0.015,0.015,0.0,0.005,0.0,0.0,0.0,0.0,0.01,0.04,0.0,0.0,0.0,0.0,0.0,0.0,0.0,0.005,0.0,0.0,0.0,0.0,0.11,0.0,0.0,0.0,0.03,0.0,0.565,0.0,0.015,0.0,0.01,0.02,0.0,0.0,0.0,0.0,0.0,0.005,0.035,0.0,0.005,0.0,0.0,0.0,0.005,0.0,0.055,0.01,0.005,0.0,0.0,0.005
34,34,,0.0,0.01,0.0,0.0,0.0,0.0,0.0,0.005,0.0,0.005,0.0,0.0,0.0,0.0,0.01,0.01,0.0,0.0,0.0,0.0,0.0,0.0,0.0,0.0,0.0,0.0,0.0,0.0,0.09,0.0,0.0,0.0,0.0,0.0,0.755,0.0,0.0,0.0,0.0,0.0,0.0,0.0,0.0,0.0,0.0,0.0,0.005,0.0,0.0,0.0,0.0,0.0,0.0,0.0,0.095,0.0,0.01,0.0,0.0,0.005
34,34,,0.005,0.0,0.0,0.0,0.0,0.0,0.005,0.005,0.0,0.005,0.0,0.005,0.0,0.0,0.0,0.005,0.005,0.0,0.0,0.0,0.0,0.0,0.0,0.0,0.0,0.0,0.0,0.005,0.16,0.005,0.0,0.0,0.015,0.0,0.68,0.0,0.015,0.0,0.0,0.005,0.0,0.0,0.005,0.0,0.0,0.0,0.005,0.0,0.005,0.0,0.0,0.005,0.005,0.0,0.02,0.03,0.0,0.0,0.0,0.005
34,34,,0.0,0.005,0.025,0.005,0.0,0.0,0.0,0.005,0.0,0.025,0.0,0.0,0.0,0.0,0.045,0.0,0.0,0.0,0.0,0.0,0.0,0.0,0.005,0.005,0.0,0.0,0.0,0.0,0.025,0.0,0.0,0.0,0.0,0.0,0.425,0.0,0.005,0.0,0.06,0.025,0.0,0.0,0.0,0.0,0.0,0.01,0.11,0.0,0.0,0.0,0.005,0.0,0.0,0.055,0.08,0.0,0.08,0.0,0.0,0.0
34,34,,0.0,0.005,0.02,0.015,0.0,0.0,0.0,0.005,0.0,0.03,0.0,0.0,0.01,0.0,0.02,0.0,0.005,0.0,0.0,0.0,0.0,0.0,0.0,0.01,0.0,0.0,0.0,0.0,0.025,0.0,0.0,0.0,0.0,0.0,0.615,0.0,0.005,0.0,0.025,0.01,0.0,0.0,0.0,0.0,0.0,0.005,0.065,0.0,0.0,0.0,0.0,0.005,0.0,0.02,0.055,0.0,0.05,0.0,0.0,0.0
34,34,,0.01,0.0,0.01,0.0,0.0,0.0,0.005,0.005,0.0,0.015,0.005,0.005,0.0,0.02,0.0,0.0,0.0,0.0,0.0,0.01,0.0,0.005,0.005,0.0,0.0,0.005,0.0,0.01,0.22,0.01,0.0,0.0,0.05,0.0,0.375,0.005,0.01,0.0,0.0,0.0,0.005,0.0,0.005,0.005,0.0,0.0,0.0,0.015,0.005,0.0,0.015,0.005,0.015,0.0,0.05,0.055,0.015,0.0,0.0,0.03
35,52,,0.025,0.03,0.015,0.0,0.0,0.0,0.005,0.015,0.075,0.005,0.01,0.01,0.0,0.005,0.035,0.01,0.0,0.0,0.005,0.045,0.005,0.01,0.0,0.0,0.0,0.005,0.0,0.015,0.03,0.01,0.01,0.04,0.03,0.005,0.02,0.08,0.025,0.0,0.0,0.015,0.0,0.035,0.01,0.005,0.0,0.01,0.025,0.0,0.005,0.0,0.04,0.06,0.145,0.0,0.015,0.01,0.0,0.0,0.005,0.045
35,59,,0.0,0.0,0.0,0.0,0.01,0.025,0.0,0.0,0.01,0.0,0.055,0.005,0.0,0.025,0.0,0.0,0.025,0.03,0.035,0.005,0.005,0.0,0.04,0.0,0.01,0.03,0.025,0.0,0.04,0.005,0.0,0.01,0.04,0.0,0.0,0.025,0.0,0.0,0.0,0.0,0.01,0.01,0.01,0.06,0.01,0.0,0.0,0.015,0.01,0.025,0.055,0.01,0.005,0.0,0.0,0.075,0.0,0.005,0.08,0.165
35,35,,0.005,0.0,0.005,0.0,0.09,0.01,0.0,0.0,0.0,0.0,0.015,0.01,0.0,0.01,0.0,0.01,0.035,0.03,0.015,0.005,0.0,0.0,0.04,0.0,0.015,0.02,0.005,0.0,0.005,0.02,0.0,0.06,0.04,0.06,0.0,0.135,0.0,0.0,0.0,0.0,0.01,0.0,0.09,0.085,0.05,0.0,0.0,0.015,0.0,0.045,0.02,0.0,0.0,0.0,0.0,0.035,0.0,0.005,0.0,0.005
35,35,,0.005,0.0,0.0,0.0,0.0,0.01,0.0,0.0,0.02,0.0,0.005,0.0,0.005,0.0,0.0,0.0,0.0,0.02,0.02,0.02,0.01,0.0,0.0,0.0,0.005,0.01,0.0,0.025,0.005,0.01,0.02,0.03,0.0,0.045,0.0,0.485,0.0,0.0,0.0,0.0,0.0,0.2,0.005,0.0,0.0,0.0,0.0,0.0,0.005,0.0,0.015,0.0,0.005,0.0,0.0,0.0,0.0,0.0,0.0,0.02
35,7,,0.005,0.005,0.005,0.01,0.005,0.0,0.09,0.255,0.0,0.0,0.0,0.015,0.0,0.0,0.025,0.04,0.0,0.0,0.0,0.0,0.0,0.005,0.0,0.07,0.0,0.0,0.0,0.0,0.015,0.0,0.0,0.0,0.075,0.0,0.01,0.0,0.205,0.0,0.0,0.07,0.0,0.0,0.0,0.0,0.0,0.015,0.005,0.0,0.0,0.0,0.01,0.01,0.01,0.015,0.005,0.005,0.02,0.0,0.0,0.0
35,20,,0.0,0.0,0.0,0.0,0.0,0.08,0.0,0.0,0.03,0.0,0.005,0.005,0.0,0.005,0.0,0.0,0.0,0.02,0.045,0.02,0.285,0.0,0.0,0.0,0.0,0.025,0.0,0.015,0.0,0.005,0.19,0.06,0.0,0.0,0.0,0.095,0.005,0.045,0.0,0.0,0.0,0.0,0.01,0.03,0.0,0.0,0.0,0.0,0.0,0.0,0.0,0.0,0.015,0.0,0.0,0.0,0.0,0.005,0.0,0.005
35,35,,0.01,0.0,0.0,0.0,0.045,0.0,0.0,0.0,0.0,0.0,0.01,0.005,0.0,0.01,0.0,0.0,0.02,0.025,0.01,0.005,0.0,0.0,0.035,0.0,0.01,0.005,0.01,0.005,0.0,0.01,0.0,0.03,0.01,0.045,0.0,0.57,0.0,0.0,0.0,0.0,0.01,0.0,0.055,0.01,0.03,0.0,0.0,0.0,0.0,0.015,0.005,0.0,0.0,0.0,0.0,0.005,0.0,0.0,0.0,0.0
35,35,,0.005,0.0,0.005,0.0,0.01,0.01,0.0,0.0,0.005,0.0,0.045,0.005,0.0,0.005,0.0,0.005,0.0,0.07,0.025,0.005,0.0,0.0,0.005,0.0,0.005,0.025,0.005,0.01,0.01,0.055,0.0,0.0,0.005,0.08,0.0,0.32,0.0,0.0,0.0,0.0,0.01,0.005,0.035,0.095,0.01,0.0,0.0,0.045,0.0,0.005,0.025,0.0,0.005,0.0,0.0,0.0,0.0,0.02,0.0,0.03
35,35,,0.005,0.0,0.0,0.0,0.0,0.005,0.0,0.0,0.005,0.0,0.02,0.0,0.0,0.0,0.0,0.0,0.0,0.025,0.01,0.005,0.01,0.0,0.0,0.0,0.0,0.02,0.0,0.025,0.01,0.005,0.01,0.015,0.0,0.005,0.0,0.565,0.0,0.0,0.0,0.0,0.0,0.115,0.005,0.025,0.0,0.0,0.0,0.0,0.035,0.0,0.005,0.0,0.0,0.0,0.0,0.005,0.0,0.0,0.005,0.065
35,42,,0.045,0.0,0.005,0.0,0.035,0.005,0.005,0.005,0.005,0.0,0.005,0.0,0.005,0.015,0.005,0.04,0.105,0.005,0.02,0.005,0.005,0.005,0.08,0.005,0.01,0.0,0.005,0.005,0.025,0.01,0.005,0.005,0.015,0.045,0.0,0.035,0.005,0.005,0.0,0.0,0.005,0.0,0.21,0.015,0.02,0.0,0.0,0.02,0.0,0.0,0.015,0.025,0.035,0.0,0.0,0.065,0.005,0.0,0.005,0.005
36,36,,0.0,0.0,0.01,0.0,0.0,0.0,0.0,0.015,0.0,0.0,0.0,0.0,0.0,0.0,0.03,0.005,0.0,0.0,0.0,0.0,0.0,0.0,0.0,0.025,0.0,0.0,0.0,0.0,0.01,0.0,0.0,0.0,0.015,0.0,0.015,0.0,0.82,0.0,0.0,0.0,0.0,0.0,0.0,0.0,0.0,0.0,0.0,0.0,0.0,0.0,0.0,0.0,0.005,0.02,0.0,0.005,0.025,0.0,0.0,0.0
36,50,,0.0,0.01,0.165,0.005,0.0,0.0,0.015,0.005,0.0,0.005,0.0,0.0,0.01,0.0,0.01,0.0,0.0,0.0,0.0,0.0,0.0,0.035,0.0,0.01,0.0,0.0,0.0,0.0,0.01,0.005,0.0,0.0,0.015,0.005,0.04,0.0,0.065,0.0,0.01,0.02,0.045,0.0,0.0,0.005,0.0,0.0,0.16,0.005,0.0,0.0,0.21,0.01,0.0,0.01,0.07,0.01,0.02,0.0,0.0,0.015
36,36,,0.0,0.005,0.01,0.01,0.0,0.0,0.005,0.0,0.0,0.0,0.0,0.0,0.0,0.0,0.02,0.0,0.0,0.0,0.0,0.0,0.0,0.0,0.0,0.01,0.0,0.0,0.0,0.0,0.005,0.0,0.0,0.0,0.005,0.0,0.005,0.0,0.495,0.0,0.04,0.025,0.0,0.0,0.0,0.0,0.0,0.0,0.04,0.0,0.0,0.0,0.0,0.0,0.0,0.055,0.015,0.0,0.255,0.0,0.0,0.0
36,36,,0.0,0.005,0.005,0.0,0.0,0.0,0.0,0.005,0.0,0.0,0.0,0.0,0.0,0.0,0.025,0.005,0.0,0.0,0.0,0.0,0.0,0.0,0.0,0.015,0.0,0.0,0.0,0.0,0.0,0.0,0.0,0.0,0.01,0.0,0.025,0.0,0.68,0.0,0.005,0.01,0.005,0.0,0.0,0.0,0.0,0.0,0.0,0.0,0.0,0.0,0.005,0.0,0.0,0.1,0.005,0.0,0.095,0.0,0.0,0.0
36,36,,0.005,0.0,0.005,0.0,0.0,0.0,0.01,0.005,0.0,0.0,0.0,0.0,0.0,0.0,0.01,0.0,0.0,0.0,0.0,0.0,0.0,0.0,0.0,0.055,0.0,0.0,0.0,0.0,0.005,0.0,0.0,0.0,0.0,0.0,0.01,0.0,0.735,0.0,0.0,0.01,0.0,0.0,0.0,0.0,0.0,0.0,0.0,0.0,0.0,0.0,0.005,0.0,0.0,0.025,0.0,0.01,0.11,0.0,0.0,0.0
36,36,,0.005,0.0,0.01,0.0,0.0,0.0,0.005,0.02,0.0,0.0,0.0,0.0,0.0,0.0,0.0,0.005,0.0,0.0,0.0,0.0,0.0,0.0,0.0,0.025,0.0,0.005,0.0,0.0,0.005,0.0,0.0,0.0,0.025,0.0,0.01,0.0,0.825,0.0,0.0,0.0,0.0,0.0,0.0,0.0,0.0,0.0,0.005,0.0,0.0,0.0,0.0,0.0,0.0,0.02,0.01,0.01,0.01,0.0,0.0,0.005
36,36,,0.0,0.0,0.005,0.0,0.0,0.0,0.005,0.005,0.0,0.0,0.0,0.0,0.0,0.0,0.02,0.0,0.0,0.0,0.0,0.0,0.0,0.0,0.0,0.07,0.0,0.0,0.0,0.0,0.0,0.0,0.0,0.0,0.015,0.0,0.02,0.0,0.76,0.0,0.0,0.02,0.0,0.0,0.0,0.0,0.0,0.0,0.0,0.0,0.0,0.0,0.0,0.0,0.0,0.03,0.01,0.005,0.035,0.0,0.0,0.0
36,53,,0.0,0.02,0.02,0.005,0.0,0.0,0.0,0.005,0.0,0.0,0.0,0.0,0.0,0.0,0.01,0.0,0.0,0.0,0.0,0.0,0.0,0.0,0.0,0.02,0.0,0.0,0.0,0.0,0.0,0.0,0.0,0.0,0.0,0.0,0.015,0.0,0.21,0.0,0.065,0.045,0.0,0.0,0.0,0.0,0.0,0.01,0.035,0.0,0.0,0.0,0.005,0.0,0.0,0.405,0.01,0.0,0.12,0.0,0.0,0.0
36,36,,0.0,0.0,0.005,0.0,0.0,0.0,0.005,0.035,0.0,0.0,0.0,0.0,0.0,0.0,0.01,0.005,0.0,0.0,0.0,0.0,0.0,0.0,0.0,0.03,0.0,0.0,0.0,0.0,0.0,0.0,0.0,0.0,0.03,0.0,0.03,0.0,0.785,0.0,0.0,0.01,0.0,0.0,0.0,0.0,0.0,0.0,0.0,0.0,0.0,0.0,0.005,0.0,0.0,0.015,0.01,0.0,0.02,0.0,0.0,0.005
36,36,,0.0,0.0,0.0,0.0,0.0,0.0,0.01,0.025,0.0,0.0,0.0,0.0,0.0,0.005,0.005,0.01,0.0,0.0,0.0,0.0,0.0,0.0,0.0,0.09,0.0,0.0,0.0,0.0,0.0,0.0,0.0,0.0,0.03,0.0,0.025,0.0,0.565,0.0,0.0,0.015,0.0,0.0,0.0,0.0,0.0,0.005,0.0,0.0,0.0,0.0,0.015,0.01,0.03,0.0,0.005,0.01,0.14,0.0,0.0,0.005
37,37,,0.0,0.0,0.0,0.0,0.0,0.02,0.0,0.0,0.0,0.0,0.0,0.0,0.0,0.0,0.0,0.005,0.0,0.005,0.02,0.0,0.01,0.0,0.0,0.0,0.0,0.005,0.0,0.0,0.0,0.005,0.015,0.005,0.0,0.005,0.0,0.0,0.0,0.875,0.0,0.0,0.005,0.005,0.0,0.0,0.0,0.0,0.0,0.005,0.005,0.0,0.0,0.0,0.0,0.0,0.0,0.0,0.0,0.0,0.0,0.01
37,57,,0.0,0.0,0.0,0.0,0.005,0.02,0.0,0.0,0.0,0.0,0.0,0.0,0.0,0.005,0.0,0.0,0.015,0.005,0.0,0.005,0.005,0.0,0.0,0.0,0.3,0.005,0.0,0.0,0.0,0.005,0.0,0.0,0.005,0.005,0.0,0.0,0.0,0.215,0.0,0.0,0.005,0.0,0.0,0.0,0.005,0.0,0.0,0.005,0.0,0.005,0.0,0.0,0.0,0.0,0.0,0.0,0.0,0.385,0.0,0.0
37,37,,0.0,0.0,0.0,0.0,0.0,0.035,0.0,0.0,0.0,0.0,0.005,0.0,0.0,0.0,0.0,0.0,0.0,0.0,0.0,0.0,0.005,0.0,0.0,0.0,0.145,0.01,0.0,0.0,0.0,0.0,0.005,0.0,0.0,0.005,0.0,0.01,0.0,0.41,0.0,0.0,0.0,0.0,0.0,0.0,0.0,0.0,0.0,0.005,0.0,0.0,0.0,0.0,0.0,0.0,0.0,0.0,0.0,0.365,0.0,0.0
37,37,,0.0,0.0,0.0,0.0,0.0,0.04,0.0,0.0,0.02,0.0,0.0,0.0,0.0,0.0,0.0,0.0,0.0,0.02,0.055,0.0,0.115,0.0,0.0,0.0,0.0,0.005,0.0,0.01,0.0,0.0,0.08,0.03,0.005,0.015,0.0,0.025,0.005,0.52,0.0,0.0,0.005,0.01,0.005,0.0,0.0,0.0,0.0,0.01,0.0,0.005,0.005,0.0,0.0,0.0,0.0,0.0,0.0,0.0,0.0,0.015
37,37,,0.0,0.0,0.0,0.0,0.0,0.03,0.0,0.0,0.0,0.0,0.0,0.0,0.0,0.0,0.0,0.0,0.0,0.0,0.005,0.0,0.0,0.0,0.0,0.0,0.025,0.005,0.0,0.0,0.0,0.0,0.005,0.0,0.0,0.0,0.0,0.005,0.0,0.855,0.0,0.0,0.0,0.0,0.0,0.0,0.0,0.0,0.0,0.005,0.0,0.0,0.0,0.0,0.0,0.0,0.0,0.0,0.0,0.065,0.0,0.0
37,20,,0.0,0.0,0.0,0.0,0.0,0.015,0.0,0.0,0.09,0.0,0.005,0.0,0.0,0.0,0.0,0.0,0.005,0.04,0.0,0.045,0.25,0.0,0.0,0.0,0.0,0.005,0.0,0.005,0.005,0.01,0.185,0.13,0.0,0.02,0.0,0.05,0.0,0.06,0.0,0.0,0.0,0.025,0.0,0.035,0.0,0.0,0.0,0.0,0.0,0.0,0.0,0.0,0.02,0.0,0.0,0.0,0.0,0.0,0.0,0.0
37,37,,0.0,0.0,0.0,0.0,0.0,0.065,0.0,0.0,0.005,0.0,0.0,0.0,0.0,0.0,0.0,0.005,0.0,0.02,0.02,0.005,0.07,0.0,0.0,0.0,0.0,0.02,0.0,0.01,0.0,0.0,0.09,0.005,0.0,0.03,0.0,0.01,0.0,0.615,0.0,0.0,0.0,0.0,0.0,0.01,0.0,0.0,0.0,0.01,0.0,0.0,0.005,0.0,0.0,0.0,0.0,0.0,0.0,0.005,0.0,0.0
37,37,,0.0,0.0,0.0,0.0,0.0,0.03,0.0,0.0,0.0,0.0,0.0,0.0,0.0,0.0,0.0,0.0,0.0,0.005,0.0,0.0,0.01,0.0,0.0,0.0,0.06,0.0,0.0,0.0,0.0,0.0,0.0,0.005,0.0,0.01,0.0,0.0,0.0,0.83,0.0,0.0,0.0,0.0,0.0,0.0,0.0,0.0,0.0,0.005,0.0,0.0,0.0,0.0,0.0,0.0,0.0,0.0,0.0,0.045,0.0,0.0
37,37,,0.0,0.0,0.0,0.0,0.005,0.025,0.0,0.0,0.0,0.0,0.005,0.0,0.0,0.0,0.0,0.0,0.0,0.005,0.005,0.0,0.025,0.0,0.0,0.0,0.065,0.0,0.0,0.0,0.0,0.0,0.0,0.005,0.0,0.01,0.0,0.005,0.0,0.8,0.0,0.0,0.0,0.0,0.0,0.0,0.005,0.0,0.0,0.005,0.0,0.005,0.0,0.0,0.0,0.0,0.0,0.0,0.0,0.03,0.0,0.0
37,8,,0.0,0.0,0.01,0.0,0.0,0.0,0.0,0.0,0.36,0.0,0.005,0.005,0.005,0.0,0.0,0.0,0.0,0.01,0.0,0.035,0.045,0.005,0.0,0.0,0.0,0.0,0.0,0.045,0.01,0.005,0.025,0.09,0.015,0.005,0.0,0.035,0.005,0.0,0.0,0.0,0.005,0.015,0.01,0.015,0.0,0.0,0.0,0.0,0.005,0.0,0.015,0.0,0.185,0.0,0.005,0.0,0.0,0.0,0.0,0.03
38,38,,0.0,0.035,0.0,0.0,0.0,0.0,0.0,0.0,0.0,0.0,0.0,0.0,0.0,0.0,0.0,0.0,0.0,0.0,0.0,0.0,0.0,0.0,0.0,0.005,0.0,0.0,0.0,0.0,0.0,0.0,0.0,0.0,0.0,0.0,0.0,0.0,0.005,0.0,0.93,0.005,0.0,0.0,0.0,0.0,0.0,0.0,0.01,0.0,0.0,0.0,0.0,0.0,0.0,0.005,0.0,0.0,0.005,0.0,0.0,0.0
38,46,,0.0,0.085,0.005,0.0,0.0,0.0,0.0,0.0,0.0,0.015,0.0,0.0,0.0,0.0,0.03,0.0,0.0,0.0,0.0,0.0,0.0,0.0,0.0,0.0,0.0,0.0,0.0,0.0,0.0,0.0,0.0,0.0,0.0,0.0,0.005,0.0,0.005,0.0,0.22,0.005,0.0,0.0,0.0,0.0,0.0,0.01,0.455,0.0,0.0,0.0,0.0,0.0,0.0,0.0,0.12,0.0,0.045,0.0,0.0,0.0
38,38,,0.0,0.015,0.01,0.005,0.0,0.0,0.0,0.0,0.0,0.005,0.0,0.0,0.0,0.0,0.0,0.0,0.0,0.0,0.0,0.0,0.0,0.0,0.0,0.005,0.0,0.0,0.0,0.0,0.0,0.0,0.0,0.0,0.0,0.0,0.0,0.0,0.005,0.0,0.745,0.01,0.0,0.0,0.0,0.0,0.0,0.005,0.16,0.0,0.0,0.0,0.0,0.0,0.0,0.01,0.01,0.0,0.015,0.0,0.0,0.0
38,38,,0.0,0.08,0.035,0.01,0.0,0.0,0.0,0.0,0.0,0.005,0.0,0.0,0.0,0.0,0.01,0.0,0.0,0.0,0.0,0.0,0.0,0.0,0.0,0.0,0.0,0.0,0.0,0.0,0.01,0.0,0.0,0.0,0.0,0.0,0.005,0.0,0.0,0.0,0.57,0.015,0.0,0.0,0.0,0.0,0.0,0.005,0.145,0.0,0.0,0.0,0.0,0.0,0.0,0.03,0.045,0.0,0.035,0.0,0.0,0.0
38,38,,0.0,0.025,0.01,0.005,0.0,0.0,0.0,0.0,0.0,0.005,0.0,0.0,0.0,0.0,0.01,0.0,0.0,0.0,0.0,0.0,0.0,0.0,0.0,0.02,0.0,0.0,0.0,0.0,0.0,0.0,0.0,0.0,0.0,0.0,0.01,0.0,0.015,0.0,0.515,0.045,0.0,0.0,0.0,0.0,0.0,0.015,0.145,0.0,0.0,0.0,0.0,0.0,0.0,0.09,0.035,0.0,0.055,0.0,0.0,0.0
38,38,,0.0,0.05,0.01,0.0,0.0,0.0,0.0,0.005,0.0,0.0,0.0,0.0,0.0,0.0,0.01,0.0,0.0,0.0,0.0,0.0,0.0,0.0,0.0,0.0,0.0,0.0,0.0,0.0,0.0,0.0,0.0,0.0,0.0,0.0,0.005,0.0,0.005,0.0,0.84,0.005,0.0,0.0,0.0,0.0,0.0,0.0,0.045,0.0,0.0,0.0,0.0,0.0,0.0,0.015,0.0,0.005,0.005,0.0,0.0,0.0
38,38,,0.0,0.06,0.0,0.0,0.0,0.0,0.0,0.0,0.0,0.0,0.0,0.0,0.0,0.0,0.005,0.0,0.0,0.0,0.0,0.0,0.0,0.0,0.0,0.0,0.0,0.0,0.0,0.0,0.0,0.0,0.0,0.0,0.0,0.0,0.0,0.0,0.01,0.0,0.63,0.0,0.0,0.0,0.0,0.0,0.0,0.0,0.245,0.0,0.0,0.0,0.0,0.0,0.0,0.005,0.015,0.0,0.03,0.0,0.0,0.0
38,38,,0.0,0.025,0.01,0.0,0.0,0.0,0.0,0.0,0.0,0.01,0.0,0.0,0.0,0.0,0.0,0.005,0.0,0.0,0.0,0.0,0.0,0.0,0.0,0.0,0.0,0.0,0.0,0.0,0.01,0.0,0.0,0.0,0.0,0.0,0.0,0.0,0.01,0.0,0.67,0.005,0.0,0.0,0.0,0.0,0.0,0.005,0.18,0.0,0.0,0.0,0.0,0.0,0.0,0.015,0.025,0.01,0.02,0.0,0.0,0.0
38,38,,0.0,0.0,0.03,0.0,0.0,0.0,0.0,0.0,0.0,0.0,0.0,0.0,0.0,0.0,0.0,0.0,0.0,0.0,0.0,0.0,0.0,0.0,0.0,0.0,0.0,0.0,0.0,0.0,0.0,0.0,0.0,0.0,0.0,0.0,0.0,0.0,0.0,0.0,0.82,0.01,0.0,0.0,0.0,0.0,0.0,0.0,0.02,0.0,0.0,0.0,0.0,0.0,0.0,0.105,0.01,0.0,0.005,0.0,0.0,0.0
38,38,,0.0,0.11,0.0,0.0,0.0,0.0,0.005,0.0,0.0,0.01,0.0,0.0,0.0,0.0,0.005,0.0,0.0,0.0,0.0,0.0,0.0,0.0,0.0,0.0,0.0,0.0,0.0,0.0,0.0,0.0,0.0,0.0,0.0,0.0,0.0,0.0,0.0,0.0,0.49,0.0,0.0,0.0,0.0,0.0,0.0,0.005,0.32,0.0,0.0,0.0,0.0,0.0,0.0,0.01,0.02,0.0,0.025,0.0,0.0,0.0
39,39,,0.0,0.005,0.02,0.0,0.0,0.0,0.005,0.005,0.0,0.0,0.0,0.0,0.0,0.0,0.025,0.0,0.0,0.0,0.0,0.0,0.0,0.0,0.0,0.035,0.0,0.0,0.0,0.0,0.0,0.0,0.0,0.0,0.0,0.0,0.0,0.0,0.015,0.0,0.0,0.77,0.0,0.0,0.0,0.0,0.0,0.015,0.005,0.0,0.0,0.0,0.0,0.0,0.0,0.065,0.005,0.0,0.03,0.0,0.0,0.0
39,36,,0.0,0.0,0.01,0.0,0.0,0.0,0.01,0.015,0.0,0.005,0.0,0.0,0.0,0.0,0.085,0.0,0.0,0.0,0.0,0.0,0.0,0.0,0.0,0.06,0.0,0.0,0.0,0.0,0.015,0.0,0.0,0.0,0.045,0.0,0.085,0.0,0.235,0.0,0.0,0.11,0.0,0.0,0.0,0.0,0.0,0.005,0.02,0.0,0.0,0.0,0.0,0.0,0.0,0.19,0.045,0.0,0.065,0.0,0.0,0.0
39,39,,0.0,0.02,0.025,0.01,0.0,0.0,0.075,0.035,0.0,0.005,0.0,0.005,0.0,0.0,0.115,0.025,0.005,0.0,0.0,0.0,0.0,0.0,0.0,0.09,0.0,0.0,0.0,0.0,0.01,0.0,0.0,0.0,0.01,0.0,0.0,0.0,0.025,0.0,0.0,0.405,0.0,0.0,0.0,0.0,0.0,0.035,0.0,0.0,0.0,0.0,0.005,0.0,0.015,0.0,0.045,0.0,0.04,0.0,0.0,0.0
39,23,,0.0,0.005,0.025,0.015,0.005,0.0,0.01,0.005,0.0,0.005,0.0,0.0,0.0,0.0,0.13,0.005,0.0,0.0,0.0,0.0,0.0,0.0,0.005,0.19,0.0,0.0,0.0,0.0,0.0,0.0,0.0,0.0,0.01,0.0,0.005,0.0,0.145,0.0,0.01,0.12,0.0,0.0,0.0,0.0,0.0,0.025,0.005,0.0,0.0,0.0,0.0,0.0,0.005,0.095,0.035,0.0,0.145,0.0,0.0,0.0
39,39,,0.0,0.01,0.01,0.005,0.0,0.0,0.03,0.015,0.0,0.005,0.0,0.0,0.0,0.0,0.075,0.02,0.0,0.0,0.0,0.0,0.0,0.0,0.0,0.075,0.0,0.0,0.0,0.0,0.005,0.0,0.0,0.0,0.02,0.0,0.01,0.0,0.055,0.0,0.0,0.58,0.0,0.0,0.005,0.0,0.0,0.015,0.005,0.0,0.0,0.0,0.0,0.005,0.0,0.015,0.01,0.005,0.025,0.0,0.0,0.0
39,39,,0.0,0.01,0.015,0.01,0.0,0.0,0.005,0.04,0.0,0.0,0.0,0.0,0.0,0.0,0.05,0.015,0.0,0.0,0.0,0.0,0.0,0.005,0.0,0.125,0.0,0.0,0.0,0.0,0.005,0.0,0.0,0.0,0.005,0.0,0.0,0.0,0.005,0.0,0.0,0.53,0.0,0.0,0.0,0.0,0.0,0.07,0.01,0.0,0.0,0.0,0.005,0.0,0.005,0.025,0.04,0.005,0.02,0.0,0.0,0.0
39,39,,0.0,0.0,0.005,0.005,0.0,0.0,0.01,0.0,0.0,0.0,0.0,0.0,0.0,0.0,0.095,0.0,0.0,0.0,0.0,0.0,0.0,0.0,0.0,0.05,0.0,0.0,0.0,0.0,0.0,0.0,0.0,0.0,0.0,0.0,0.0,0.0,0.01,0.0,0.0,0.79,0.0,0.0,0.0,0.0,0.0,0.01,0.0,0.0,0.0,0.0,0.0,0.0,0.0,0.0,0.01,0.0,0.015,0.0,0.0,0.0
39,39,,0.0,0.005,0.005,0.0,0.0,0.0,0.005,0.0,0.0,0.0,0.0,0.0,0.0,0.0,0.065,0.0,0.0,0.0,0.0,0.0,0.0,0.0,0.0,0.035,0.0,0.0,0.0,0.0,0.0,0.0,0.0,0.0,0.0,0.0,0.0,0.0,0.005,0.0,0.0,0.82,0.0,0.0,0.0,0.0,0.0,0.02,0.005,0.0,0.0,0.0,0.005,0.0,0.0,0.01,0.01,0.0,0.01,0.0,0.0,0.0
39,39,,0.0,0.0,0.015,0.0,0.0,0.0,0.0,0.0,0.0,0.0,0.0,0.0,0.0,0.0,0.015,0.0,0.0,0.0,0.0,0.0,0.0,0.0,0.0,0.0,0.0,0.0,0.0,0.0,0.0,0.0,0.0,0.0,0.0,0.0,0.005,0.0,0.015,0.0,0.005,0.925,0.0,0.0,0.0,0.0,0.0,0.0,0.005,0.0,0.0,0.0,0.0,0.0,0.0,0.005,0.01,0.0,0.0,0.0,0.0,0.0
39,45,,0.025,0.0,0.025,0.06,0.0,0.0,0.09,0.045,0.005,0.005,0.0,0.02,0.0,0.0,0.1,0.025,0.0,0.0,0.0,0.005,0.0,0.0,0.005,0.095,0.0,0.0,0.0,0.0,0.015,0.0,0.005,0.005,0.03,0.0,0.0,0.0,0.025,0.0,0.005,0.105,0.0,0.0,0.015,0.0,0.0,0.17,0.0,0.0,0.0,0.0,0.005,0.0,0.075,0.0,0.02,0.01,0.01,0.0,0.0,0.0
40,40,,0.0,0.0,0.0,0.0,0.0,0.0,0.0,0.0,0.0,0.0,0.0,0.0,0.0,0.0,0.0,0.0,0.0,0.0,0.0,0.0,0.0,0.0,0.0,0.0,0.0,0.0,0.0,0.0,0.0,0.0,0.0,0.0,0.0,0.0,0.0,0.0,0.0,0.0,0.0,0.0,0.99,0.0,0.0,0.0,0.0,0.0,0.005,0.0,0.005,0.0,0.0,0.0,0.0,0.0,0.0,0.0,0.0,0.0,0.0,0.0
40,40,,0.0,0.0,0.005,0.0,0.0,0.0,0.0,0.0,0.0,0.0,0.005,0.0,0.0,0.0,0.0,0.0,0.0,0.0,0.0,0.0,0.0,0.015,0.005,0.0,0.0,0.0,0.015,0.0,0.0,0.0,0.0,0.0,0.005,0.005,0.0,0.0,0.0,0.0,0.0,0.0,0.89,0.0,0.0,0.0,0.015,0.0,0.005,0.0,0.0,0.01,0.01,0.0,0.0,0.0,0.0,0.01,0.0,0.0,0.005,0.0
40,40,,0.0,0.0,0.0,0.0,0.0,0.015,0.0,0.0,0.005,0.0,0.0,0.0,0.01,0.0,0.0,0.005,0.0,0.005,0.0,0.0,0.0,0.015,0.0,0.0,0.0,0.0,0.005,0.005,0.005,0.005,0.0,0.005,0.01,0.0,0.0,0.015,0.0,0.0,0.0,0.0,0.76,0.01,0.005,0.005,0.0,0.0,0.02,0.005,0.005,0.005,0.015,0.0,0.0,0.0,0.005,0.01,0.0,0.0,0.02,0.03
40,40,,0.0,0.0,0.0,0.0,0.0,0.0,0.0,0.0,0.0,0.0,0.005,0.0,0.0,0.0,0.0,0.0,0.0,0.0,0.0,0.0,0.0,0.0,0.0,0.0,0.0,0.0,0.0,0.0,0.0,0.0,0.0,0.0,0.0,0.0,0.0,0.0,0.0,0.0,0.0,0.0,0.99,0.0,0.0,0.0,0.0,0.0,0.0,0.0,0.0,0.0,0.0,0.0,0.0,0.0,0.0,0.0,0.0,0.0,0.005,0.0
40,40,,0.0,0.0,0.0,0.0,0.0,0.0,0.0,0.0,0.0,0.0,0.0,0.0,0.0,0.0,0.0,0.0,0.005,0.0,0.0,0.0,0.0,0.0,0.005,0.0,0.0,0.005,0.0,0.0,0.0,0.0,0.0,0.0,0.0,0.0,0.0,0.0,0.0,0.0,0.0,0.0,0.965,0.0,0.0,0.005,0.0,0.0,0.0,0.0,0.0,0.0,0.015,0.0,0.0,0.0,0.0,0.0,0.0,0.0,0.0,0.0
40,40,,0.0,0.0,0.0,0.0,0.0,0.0,0.0,0.0,0.0,0.0,0.0,0.0,0.0,0.0,0.0,0.0,0.0,0.0,0.0,0.0,0.0,0.0,0.005,0.0,0.0,0.0,0.0,0.0,0.0,0.0,0.0,0.0,0.005,0.0,0.0,0.0,0.0,0.0,0.0,0.0,0.985,0.0,0.0,0.0,0.0,0.0,0.005,0.0,0.0,0.0,0.0,0.0,0.0,0.0,0.0,0.0,0.0,0.0,0.0,0.0
40,40,,0.0,0.0,0.005,0.0,0.0,0.0,0.0,0.0,0.0,0.0,0.0,0.0,0.0,0.0,0.0,0.0,0.0,0.0,0.0,0.0,0.0,0.0,0.0,0.0,0.0,0.0,0.0,0.0,0.0,0.0,0.0,0.0,0.0,0.0,0.0,0.0,0.0,0.0,0.0,0.0,0.98,0.0,0.0,0.0,0.005,0.0,0.005,0.0,0.0,0.0,0.0,0.0,0.0,0.0,0.0,0.0,0.0,0.0,0.005,0.0
40,40,,0.0,0.0,0.0,0.0,0.0,0.0,0.0,0.0,0.0,0.0,0.0,0.0,0.0,0.0,0.0,0.0,0.0,0.0,0.0,0.0,0.0,0.0,0.0,0.0,0.0,0.0,0.0,0.0,0.0,0.005,0.0,0.0,0.0,0.0,0.0,0.0,0.0,0.0,0.0,0.0,0.975,0.0,0.0,0.005,0.0,0.0,0.0,0.0,0.0,0.0,0.005,0.0,0.0,0.0,0.0,0.0,0.0,0.0,0.005,0.005
40,40,,0.0,0.0,0.0,0.0,0.0,0.0,0.0,0.0,0.0,0.0,0.0,0.0,0.0,0.0,0.0,0.0,0.0,0.0,0.0,0.0,0.0,0.0,0.005,0.0,0.0,0.0,0.0,0.0,0.0,0.0,0.0,0.0,0.005,0.0,0.0,0.0,0.0,0.0,0.0,0.0,0.99,0.0,0.0,0.0,0.0,0.0,0.0,0.0,0.0,0.0,0.0,0.0,0.0,0.0,0.0,0.0,0.0,0.0,0.0,0.0
40,40,,0.0,0.0,0.0,0.0,0.0,0.0,0.0,0.0,0.0,0.0,0.0,0.0,0.0,0.0,0.0,0.0,0.0,0.0,0.0,0.0,0.0,0.0,0.0,0.0,0.0,0.0,0.0,0.0,0.0,0.0,0.0,0.0,0.0,0.0,0.0,0.005,0.0,0.0,0.0,0.0,0.98,0.0,0.0,0.0,0.0,0.0,0.005,0.0,0.005,0.0,0.005,0.0,0.0,0.0,0.0,0.0,0.0,0.0,0.0,0.0
41,41,,0.0,0.0,0.005,0.0,0.0,0.0,0.0,0.0,0.0,0.0,0.005,0.0,0.0,0.0,0.0,0.0,0.0,0.0,0.0,0.0,0.0,0.005,0.0,0.0,0.0,0.005,0.0,0.005,0.0,0.0,0.0,0.01,0.0,0.005,0.0,0.03,0.0,0.0,0.0,0.0,0.0,0.905,0.0,0.0,0.0,0.0,0.005,0.0,0.005,0.0,0.005,0.0,0.005,0.0,0.0,0.0,0.0,0.005,0.0,0.0
41,41,,0.0,0.0,0.0,0.0,0.0,0.0,0.0,0.0,0.0,0.0,0.0,0.0,0.0,0.0,0.0,0.0,0.0,0.0,0.01,0.0,0.0,0.0,0.0,0.0,0.0,0.0,0.0,0.0,0.0,0.0,0.005,0.01,0.0,0.0,0.0,0.025,0.0,0.0,0.0,0.0,0.0,0.94,0.0,0.0,0.0,0.0,0.0,0.0,0.0,0.0,0.005,0.0,0.005,0.0,0.0,0.0,0.0,0.0,0.0,0.0
41,41,,0.0,0.0,0.0,0.0,0.0,0.01,0.0,0.0,0.0,0.0,0.0,0.0,0.0,0.0,0.0,0.0,0.0,0.005,0.0,0.0,0.0,0.0,0.0,0.0,0.0,0.0,0.0,0.0,0.0,0.0,0.01,0.0,0.0,0.005,0.0,0.05,0.0,0.0,0.0,0.0,0.0,0.9,0.0,0.0,0.0,0.0,0.0,0.0,0.005,0.0,0.01,0.0,0.0,0.0,0.0,0.0,0.0,0.0,0.0,0.005
41,41,,0.0,0.0,0.0,0.0,0.0,0.02,0.0,0.0,0.015,0.0,0.0,0.0,0.0,0.0,0.0,0.0,0.0,0.005,0.015,0.015,0.015,0.0,0.0,0.0,0.0,0.0,0.0,0.0,0.0,0.005,0.035,0.01,0.0,0.015,0.0,0.04,0.0,0.0,0.0,0.0,0.0,0.795,0.005,0.0,0.0,0.0,0.005,0.0,0.0,0.0,0.005,0.0,0.0,0.0,0.0,0.0,0.0,0.0,0.0,0.0
41,47,,0.035,0.0,0.0,0.0,0.01,0.015,0.0,0.0,0.015,0.0,0.035,0.005,0.0,0.01,0.0,0.0,0.0,0.0,0.035,0.05,0.005,0.0,0.015,0.0,0.02,0.005,0.0,0.015,0.0,0.135,0.01,0.02,0.005,0.01,0.0,0.025,0.0,0.0,0.0,0.0,0.005,0.015,0.025,0.045,0.005,0.0,0.0,0.265,0.01,0.015,0.0,0.0,0.025,0.0,0.0,0.005,0.005,0.065,0.005,0.035
41,41,,0.0,0.0,0.005,0.0,0.005,0.0,0.0,0.0,0.0,0.0,0.005,0.0,0.0,0.0,0.0,0.0,0.0,0.005,0.01,0.0,0.005,0.005,0.0,0.0,0.0,0.0,0.0,0.005,0.0,0.0,0.0,0.0,0.0,0.02,0.0,0.08,0.0,0.0,0.0,0.0,0.0,0.82,0.005,0.0,0.0,0.0,0.005,0.0,0.005,0.0,0.01,0.0,0.0,0.0,0.0,0.0,0.0,0.0,0.0,0.01
41,41,,0.0,0.0,0.0,0.0,0.0,0.01,0.0,0.0,0.005,0.0,0.0,0.0,0.0,0.0,0.0,0.0,0.0,0.005,0.01,0.0,0.0,0.0,0.0,0.0,0.0,0.0,0.0,0.0,0.0,0.0,0.005,0.015,0.0,0.015,0.0,0.04,0.0,0.0,0.0,0.0,0.0,0.87,0.0,0.0,0.0,0.0,0.0,0.0,0.0,0.0,0.015,0.0,0.01,0.0,0.0,0.0,0.0,0.0,0.0,0.0
41,41,,0.0,0.0,0.0,0.0,0.005,0.0,0.0,0.0,0.005,0.0,0.005,0.0,0.0,0.0,0.0,0.0,0.005,0.01,0.0,0.0,0.0,0.0,0.0,0.0,0.0,0.0,0.0,0.0,0.0,0.0,0.0,0.0,0.005,0.015,0.0,0.07,0.0,0.0,0.0,0.0,0.0,0.815,0.005,0.005,0.0,0.0,0.0,0.0,0.01,0.0,0.03,0.0,0.0,0.0,0.0,0.005,0.0,0.0,0.0,0.01
41,41,,0.0,0.0,0.0,0.0,0.005,0.0,0.0,0.0,0.0,0.0,0.0,0.0,0.0,0.0,0.0,0.0,0.0,0.01,0.005,0.005,0.01,0.0,0.0,0.0,0.0,0.0,0.0,0.005,0.005,0.0,0.0,0.005,0.0,0.015,0.0,0.05,0.0,0.0,0.0,0.0,0.005,0.84,0.0,0.0,0.0,0.0,0.0,0.0,0.0,0.0,0.02,0.0,0.005,0.0,0.0,0.005,0.0,0.0,0.005,0.005
41,41,,0.0,0.0,0.0,0.0,0.0,0.0,0.0,0.0,0.0,0.0,0.0,0.005,0.0,0.0,0.0,0.0,0.0,0.0,0.005,0.0,0.0,0.0,0.0,0.0,0.0,0.0,0.0,0.0,0.0,0.0,0.0,0.0,0.0,0.0,0.0,0.0,0.0,0.0,0.0,0.0,0.0,0.97,0.0,0.0,0.0,0.0,0.0,0.0,0.0,0.005,0.015,0.0,0.0,0.0,0.0,0.0,0.0,0.0,0.0,0.0
42,18,,0.01,0.0,0.0,0.0,0.005,0.05,0.0,0.0,0.085,0.0,0.015,0.0,0.0,0.01,0.0,0.0,0.0,0.025,0.12,0.02,0.055,0.0,0.0,0.0,0.0,0.02,0.0,0.045,0.005,0.06,0.1,0.03,0.0,0.025,0.0,0.095,0.0,0.02,0.0,0.0,0.0,0.01,0.035,0.04,0.0,0.0,0.0,0.035,0.03,0.0,0.01,0.005,0.02,0.0,0.0,0.0,0.0,0.0,0.005,0.015
42,59,,0.005,0.0,0.0,0.0,0.0,0.005,0.0,0.0,0.0,0.0,0.105,0.02,0.0,0.0,0.0,0.0,0.0,0.065,0.04,0.005,0.005,0.0,0.01,0.0,0.0,0.05,0.0,0.03,0.015,0.065,0.0,0.005,0.005,0.01,0.0,0.015,0.0,0.005,0.0,0.0,0.0,0.0,0.035,0.115,0.0,0.0,0.0,0.015,0.17,0.0,0.01,0.0,0.005,0.0,0.0,0.01,0.0,0.005,0.0,0.175
42,35,,0.025,0.0,0.0,0.0,0.01,0.04,0.0,0.0,0.085,0.0,0.03,0.005,0.0,0.005,0.0,0.0,0.0,0.03,0.075,0.025,0.055,0.0,0.0,0.0,0.0,0.025,0.0,0.05,0.005,0.03,0.105,0.03,0.005,0.01,0.0,0.125,0.005,0.03,0.0,0.0,0.0,0.015,0.015,0.05,0.0,0.0,0.0,0.04,0.035,0.0,0.0,0.0,0.01,0.0,0.0,0.0,0.0,0.005,0.005,0.02
42,59,,0.015,0.0,0.005,0.0,0.0,0.01,0.0,0.0,0.0,0.0,0.065,0.02,0.0,0.01,0.0,0.0,0.0,0.07,0.06,0.015,0.0,0.005,0.005,0.0,0.005,0.015,0.0,0.03,0.015,0.055,0.005,0.01,0.02,0.03,0.0,0.045,0.0,0.01,0.0,0.0,0.01,0.01,0.06,0.095,0.0,0.0,0.0,0.035,0.095,0.02,0.015,0.0,0.005,0.0,0.0,0.005,0.0,0.005,0.005,0.12
42,17,,0.0,0.0,0.005,0.0,0.005,0.015,0.0,0.0,0.0,0.0,0.025,0.015,0.0,0.01,0.0,0.0,0.0,0.16,0.04,0.01,0.01,0.01,0.01,0.0,0.005,0.02,0.01,0.01,0.02,0.03,0.0,0.015,0.06,0.06,0.0,0.06,0.0,0.0,0.0,0.0,0.01,0.02,0.085,0.065,0.0,0.0,0.0,0.01,0.04,0.02,0.055,0.0,0.0,0.0,0.0,0.02,0.0,0.0,0.0,0.07
42,35,,0.01,0.0,0.0,0.0,0.045,0.035,0.0,0.0,0.005,0.0,0.05,0.015,0.0,0.06,0.0,0.0,0.01,0.11,0.02,0.005,0.005,0.0,0.005,0.0,0.02,0.045,0.0,0.0,0.0,0.025,0.01,0.025,0.015,0.1,0.0,0.14,0.005,0.015,0.0,0.0,0.0,0.0,0.05,0.055,0.0,0.0,0.0,0.05,0.005,0.015,0.015,0.0,0.0,0.0,0.0,0.0,0.0,0.005,0.0,0.03
42,48,,0.005,0.0,0.0,0.0,0.0,0.0,0.0,0.0,0.005,0.0,0.115,0.005,0.0,0.0,0.0,0.0,0.0,0.085,0.05,0.005,0.0,0.005,0.005,0.0,0.0,0.05,0.005,0.02,0.02,0.075,0.0,0.0,0.005,0.01,0.0,0.025,0.0,0.005,0.0,0.0,0.0,0.005,0.02,0.1,0.0,0.0,0.0,0.005,0.175,0.005,0.005,0.0,0.005,0.0,0.0,0.01,0.0,0.005,0.0,0.17
42,42,,0.0,0.0,0.0,0.0,0.01,0.01,0.0,0.0,0.0,0.0,0.035,0.01,0.005,0.01,0.0,0.0,0.0,0.08,0.02,0.0,0.005,0.01,0.015,0.0,0.0,0.005,0.015,0.01,0.065,0.01,0.0,0.01,0.025,0.035,0.0,0.02,0.0,0.0,0.0,0.0,0.015,0.005,0.35,0.065,0.0,0.0,0.0,0.005,0.035,0.005,0.02,0.0,0.0,0.0,0.0,0.045,0.0,0.0,0.005,0.045
42,48,,0.01,0.0,0.015,0.0,0.005,0.01,0.0,0.0,0.0,0.0,0.035,0.01,0.0,0.005,0.0,0.0,0.0,0.07,0.07,0.015,0.0,0.005,0.005,0.0,0.0,0.01,0.0,0.02,0.055,0.045,0.0,0.01,0.03,0.035,0.0,0.035,0.005,0.005,0.0,0.0,0.005,0.015,0.06,0.075,0.005,0.0,0.0,0.035,0.16,0.005,0.02,0.0,0.015,0.0,0.0,0.005,0.0,0.005,0.005,0.085
42,8,,0.01,0.0,0.0,0.0,0.0,0.045,0.0,0.0,0.15,0.005,0.0,0.005,0.0,0.0,0.0,0.0,0.0,0.055,0.055,0.09,0.075,0.005,0.0,0.0,0.0,0.02,0.0,0.01,0.01,0.035,0.085,0.035,0.01,0.02,0.0,0.075,0.0,0.005,0.0,0.0,0.0,0.07,0.04,0.005,0.0,0.0,0.0,0.01,0.0,0.0,0.025,0.0,0.03,0.0,0.0,0.0,0.0,0.0,0.0,0.02
43,48,,0.0,0.0,0.0,0.0,0.0,0.02,0.0,0.0,0.015,0.0,0.06,0.0,0.0,0.0,0.0,0.0,0.0,0.015,0.02,0.01,0.045,0.0,0.0,0.0,0.0,0.05,0.0,0.02,0.01,0.05,0.01,0.01,0.005,0.005,0.0,0.04,0.0,0.0,0.0,0.0,0.0,0.005,0.005,0.095,0.0,0.0,0.0,0.005,0.255,0.0,0.015,0.0,0.01,0.0,0.0,0.005,0.0,0.005,0.01,0.205
43,43,,0.0,0.0,0.0,0.0,0.0,0.0,0.0,0.0,0.01,0.0,0.135,0.0,0.0,0.005,0.0,0.0,0.0,0.03,0.005,0.0,0.0,0.0,0.0,0.0,0.0,0.07,0.005,0.04,0.02,0.045,0.0,0.005,0.01,0.0,0.0,0.04,0.0,0.005,0.0,0.0,0.0,0.005,0.0,0.23,0.005,0.0,0.0,0.025,0.1,0.01,0.005,0.0,0.0,0.0,0.0,0.01,0.0,0.0,0.01,0.175
43,43,,0.0,0.0,0.0,0.0,0.0,0.01,0.0,0.0,0.01,0.0,0.07,0.01,0.0,0.0,0.0,0.0,0.0,0.05,0.01,0.0,0.01,0.0,0.01,0.0,0.005,0.1,0.0,0.01,0.02,0.04,0.015,0.01,0.015,0.0,0.0,0.04,0.005,0.0,0.0,0.0,0.005,0.005,0.005,0.21,0.0,0.0,0.0,0.015,0.09,0.0,0.01,0.0,0.0,0.0,0.0,0.005,0.0,0.0,0.005,0.21
43,43,,0.005,0.0,0.0,0.0,0.0,0.03,0.0,0.0,0.06,0.0,0.035,0.0,0.0,0.0,0.0,0.0,0.0,0.03,0.015,0.03,0.005,0.0,0.0,0.0,0.0,0.05,0.0,0.07,0.0,0.035,0.065,0.02,0.01,0.005,0.0,0.05,0.0,0.02,0.0,0.0,0.0,0.0,0.01,0.395,0.0,0.0,0.0,0.015,0.0,0.0,0.015,0.0,0.02,0.0,0.0,0.0,0.0,0.005,0.0,0.005
43,59,,0.0,0.0,0.0,0.0,0.0,0.005,0.0,0.0,0.005,0.0,0.13,0.005,0.0,0.0,0.0,0.0,0.0,0.02,0.01,0.0,0.0,0.0,0.0,0.0,0.0,0.035,0.0,0.015,0.025,0.02,0.0,0.0,0.0,0.0,0.0,0.05,0.005,0.005,0.0,0.0,0.0,0.005,0.0,0.22,0.0,0.0,0.0,0.0,0.155,0.0,0.0,0.0,0.0,0.0,0.0,0.01,0.0,0.0,0.035,0.245
43,43,,0.005,0.0,0.0,0.0,0.0,0.06,0.0,0.0,0.01,0.0,0.13,0.01,0.0,0.0,0.0,0.0,0.0,0.035,0.01,0.025,0.005,0.0,0.0,0.0,0.01,0.06,0.0,0.06,0.005,0.07,0.02,0.005,0.01,0.005,0.0,0.065,0.0,0.025,0.0,0.0,0.0,0.0,0.005,0.175,0.0,0.0,0.0,0.12,0.0,0.01,0.0,0.0,0.005,0.0,0.0,0.0,0.0,0.005,0.0,0.055
43,17,,0.0,0.0,0.0,0.0,0.0,0.01,0.0,0.0,0.005,0.0,0.075,0.01,0.0,0.01,0.0,0.0,0.0,0.175,0.0,0.005,0.0,0.005,0.02,0.0,0.005,0.1,0.06,0.02,0.025,0.03,0.0,0.005,0.07,0.005,0.0,0.015,0.0,0.0,0.0,0.0,0.03,0.0,0.025,0.165,0.005,0.0,0.005,0.005,0.025,0.0,0.015,0.0,0.0,0.0,0.0,0.005,0.0,0.0,0.005,0.065
43,43,,0.0,0.0,0.0,0.0,0.0,0.08,0.0,0.0,0.01,0.0,0.065,0.0,0.0,0.005,0.0,0.0,0.0,0.045,0.01,0.03,0.025,0.0,0.0,0.0,0.0,0.085,0.01,0.055,0.0,0.065,0.06,0.01,0.01,0.005,0.0,0.05,0.0,0.055,0.0,0.0,0.0,0.0,0.005,0.195,0.005,0.0,0.0,0.05,0.01,0.005,0.005,0.0,0.015,0.0,0.0,0.0,0.0,0.02,0.0,0.015
43,59,,0.005,0.0,0.005,0.0,0.0,0.015,0.0,0.0,0.015,0.0,0.015,0.015,0.0,0.005,0.0,0.005,0.0,0.025,0.01,0.005,0.02,0.0,0.0,0.0,0.0,0.03,0.0,0.02,0.06,0.035,0.005,0.015,0.02,0.005,0.005,0.065,0.0,0.01,0.0,0.0,0.0,0.025,0.0,0.14,0.0,0.0,0.0,0.0,0.09,0.0,0.055,0.0,0.0,0.0,0.0,0.02,0.0,0.0,0.035,0.225
43,47,,0.005,0.0,0.0,0.0,0.02,0.06,0.0,0.0,0.005,0.0,0.07,0.02,0.0,0.0,0.0,0.0,0.005,0.05,0.01,0.0,0.0,0.0,0.0,0.0,0.045,0.035,0.005,0.025,0.005,0.055,0.005,0.01,0.02,0.01,0.0,0.04,0.01,0.005,0.0,0.0,0.0,0.0,0.005,0.145,0.015,0.0,0.0,0.225,0.005,0.015,0.0,0.0,0.01,0.0,0.0,0.0,0.0,0.045,0.005,0.015
44,44,,0.0,0.0,0.0,0.0,0.02,0.0,0.0,0.0,0.0,0.0,0.0,0.0,0.0,0.015,0.0,0.0,0.015,0.015,0.005,0.0,0.0,0.005,0.005,0.0,0.0,0.0,0.015,0.0,0.0,0.01,0.0,0.02,0.02,0.025,0.0,0.02,0.0,0.0,0.0,0.0,0.01,0.0,0.015,0.005,0.73,0.0,0.0,0.0,0.0,0.03,0.01,0.0,0.0,0.0,0.0,0.005,0.0,0.005,0.0,0.0
44,44,,0.0,0.0,0.0,0.0,0.005,0.005,0.0,0.0,0.005,0.0,0.0,0.0,0.0,0.01,0.0,0.0,0.01,0.005,0.0,0.0,0.0,0.0,0.0,0.0,0.0,0.01,0.09,0.005,0.005,0.0,0.0,0.0,0.01,0.02,0.0,0.01,0.005,0.0,0.0,0.0,0.01,0.0,0.005,0.015,0.705,0.0,0.0,0.005,0.005,0.05,0.005,0.0,0.0,0.0,0.0,0.0,0.0,0.0,0.005,0.0
44,44,,0.0,0.0,0.0,0.0,0.01,0.0,0.0,0.0,0.0,0.0,0.015,0.0,0.0,0.01,0.0,0.0,0.025,0.035,0.03,0.0,0.0,0.0,0.005,0.0,0.025,0.025,0.045,0.0,0.005,0.02,0.0,0.005,0.01,0.015,0.0,0.04,0.0,0.0,0.0,0.0,0.02,0.0,0.015,0.01,0.53,0.0,0.0,0.015,0.0,0.075,0.0,0.0,0.0,0.0,0.0,0.0,0.0,0.015,0.0,0.0
44,44,,0.0,0.0,0.0,0.0,0.02,0.0,0.0,0.0,0.0,0.0,0.0,0.0,0.0,0.005,0.0,0.0,0.025,0.005,0.01,0.0,0.0,0.005,0.01,0.0,0.005,0.01,0.015,0.005,0.0,0.005,0.0,0.015,0.01,0.015,0.0,0.02,0.0,0.0,0.0,0.0,0.01,0.0,0.005,0.0,0.77,0.0,0.0,0.0,0.0,0.03,0.0,0.0,0.0,0.0,0.0,0.0,0.0,0.0,0.005,0.0
44,44,,0.0,0.0,0.0,0.0,0.01,0.0,0.0,0.0,0.005,0.0,0.0,0.0,0.0,0.005,0.0,0.0,0.025,0.0,0.005,0.0,0.0,0.005,0.01,0.0,0.01,0.005,0.03,0.005,0.0,0.0,0.0,0.02,0.005,0.0,0.0,0.005,0.0,0.0,0.0,0.0,0.0,0.0,0.0,0.0,0.85,0.0,0.0,0.0,0.0,0.0,0.0,0.0,0.0,0.0,0.0,0.0,0.0,0.0,0.0,0.005
44,44,,0.0,0.0,0.0,0.0,0.005,0.0,0.0,0.0,0.0,0.0,0.0,0.0,0.0,0.0,0.0,0.0,0.01,0.0,0.01,0.0,0.0,0.005,0.005,0.0,0.0,0.005,0.0,0.0,0.0,0.0,0.0,0.005,0.0,0.0,0.0,0.005,0.0,0.0,0.0,0.0,0.0,0.0,0.0,0.005,0.935,0.0,0.0,0.0,0.0,0.0,0.0,0.0,0.0,0.0,0.0,0.0,0.0,0.005,0.005,0.0
44,44,,0.0,0.0,0.0,0.0,0.005,0.0,0.0,0.0,0.0,0.0,0.005,0.0,0.0,0.0,0.0,0.0,0.0,0.005,0.005,0.0,0.0,0.0,0.0,0.0,0.0,0.0,0.075,0.0,0.005,0.005,0.0,0.005,0.005,0.0,0.0,0.01,0.0,0.0,0.0,0.0,0.005,0.0,0.005,0.005,0.83,0.0,0.0,0.01,0.0,0.005,0.01,0.0,0.0,0.0,0.0,0.0,0.0,0.0,0.005,0.0
44,44,,0.0,0.0,0.005,0.0,0.01,0.0,0.0,0.0,0.005,0.0,0.015,0.0,0.005,0.0,0.0,0.0,0.0,0.045,0.005,0.0,0.0,0.0,0.02,0.0,0.0,0.0,0.14,0.015,0.0,0.005,0.0,0.005,0.02,0.01,0.0,0.01,0.0,0.0,0.0,0.0,0.085,0.0,0.0,0.045,0.465,0.0,0.0,0.01,0.0,0.02,0.01,0.0,0.0,0.0,0.0,0.01,0.0,0.0,0.015,0.025
44,16,,0.0,0.0,0.005,0.0,0.02,0.005,0.0,0.0,0.0,0.0,0.005,0.025,0.0,0.02,0.0,0.005,0.17,0.035,0.0,0.0,0.0,0.0,0.045,0.0,0.005,0.015,0.02,0.005,0.015,0.01,0.0,0.025,0.005,0.015,0.0,0.035,0.0,0.0,0.0,0.0,0.015,0.0,0.1,0.15,0.11,0.0,0.0,0.01,0.0,0.05,0.005,0.0,0.005,0.0,0.0,0.03,0.005,0.0,0.015,0.02
44,44,,0.0,0.0,0.0,0.0,0.0,0.005,0.0,0.0,0.0,0.0,0.0,0.0,0.0,0.0,0.0,0.0,0.01,0.01,0.0,0.0,0.0,0.005,0.005,0.0,0.0,0.0,0.035,0.0,0.0,0.005,0.0,0.01,0.005,0.01,0.0,0.005,0.0,0.0,0.0,0.0,0.06,0.0,0.015,0.0,0.77,0.0,0.005,0.0,0.0,0.02,0.005,0.0,0.0,0.0,0.0,0.015,0.0,0.0,0.0,0.005
45,14,,0.005,0.01,0.015,0.03,0.0,0.005,0.07,0.01,0.0,0.0,0.0,0.015,0.0,0.005,0.305,0.01,0.01,0.0,0.0,0.005,0.0,0.0,0.005,0.05,0.0,0.0,0.0,0.0,0.04,0.02,0.0,0.0,0.015,0.0,0.01,0.0,0.02,0.0,0.01,0.01,0.0,0.0,0.015,0.0,0.0,0.14,0.02,0.0,0.0,0.0,0.015,0.05,0.035,0.0,0.01,0.005,0.03,0.0,0.0,0.005
45,45,,0.0,0.01,0.02,0.06,0.0,0.0,0.005,0.0,0.0,0.0,0.0,0.0,0.0,0.0,0.17,0.0,0.0,0.0,0.0,0.0,0.0,0.0,0.0,0.01,0.0,0.0,0.0,0.0,0.005,0.0,0.0,0.0,0.0,0.0,0.0,0.0,0.0,0.0,0.005,0.015,0.0,0.0,0.005,0.0,0.0,0.635,0.015,0.0,0.0,0.0,0.0,0.0,0.005,0.005,0.02,0.0,0.015,0.0,0.0,0.0
45,45,,0.0,0.01,0.01,0.035,0.0,0.0,0.0,0.0,0.0,0.005,0.0,0.0,0.0,0.0,0.075,0.0,0.0,0.0,0.0,0.0,0.0,0.0,0.0,0.015,0.0,0.0,0.0,0.0,0.0,0.0,0.0,0.0,0.0,0.0,0.005,0.0,0.0,0.0,0.0,0.025,0.0,0.0,0.0,0.0,0.0,0.73,0.015,0.0,0.0,0.0,0.0,0.0,0.0,0.005,0.04,0.0,0.03,0.0,0.0,0.0
45,45,,0.0,0.0,0.005,0.055,0.0,0.0,0.025,0.0,0.0,0.005,0.0,0.0,0.0,0.0,0.045,0.0,0.0,0.0,0.0,0.0,0.0,0.0,0.0,0.005,0.0,0.0,0.0,0.0,0.005,0.0,0.0,0.0,0.0,0.0,0.0,0.0,0.0,0.0,0.0,0.02,0.0,0.0,0.0,0.0,0.0,0.815,0.0,0.0,0.0,0.0,0.0,0.0,0.0,0.0,0.005,0.0,0.015,0.0,0.0,0.0
45,45,,0.0,0.005,0.02,0.035,0.0,0.0,0.0,0.0,0.0,0.01,0.0,0.0,0.0,0.0,0.205,0.0,0.0,0.0,0.0,0.0,0.0,0.0,0.0,0.005,0.0,0.0,0.0,0.0,0.005,0.0,0.0,0.0,0.0,0.0,0.005,0.0,0.0,0.0,0.0,0.015,0.0,0.0,0.0,0.0,0.0,0.525,0.045,0.0,0.0,0.0,0.0,0.0,0.005,0.0,0.06,0.0,0.06,0.0,0.0,0.0
45,45,,0.0,0.0,0.035,0.015,0.0,0.0,0.005,0.0,0.0,0.025,0.0,0.0,0.0,0.0,0.16,0.0,0.0,0.0,0.0,0.0,0.0,0.0,0.0,0.005,0.0,0.0,0.0,0.0,0.0,0.0,0.0,0.0,0.0,0.0,0.0,0.0,0.0,0.0,0.0,0.105,0.0,0.0,0.0,0.0,0.0,0.51,0.035,0.0,0.0,0.0,0.0,0.0,0.0,0.025,0.06,0.0,0.02,0.0,0.0,0.0
45,45,,0.005,0.025,0.0,0.03,0.0,0.0,0.005,0.0,0.0,0.015,0.0,0.005,0.0,0.0,0.01,0.0,0.0,0.0,0.0,0.0,0.0,0.0,0.0,0.0,0.0,0.0,0.0,0.0,0.0,0.0,0.0,0.0,0.0,0.0,0.0,0.0,0.0,0.0,0.0,0.005,0.0,0.0,0.0,0.0,0.0,0.865,0.01,0.0,0.0,0.0,0.0,0.0,0.0,0.0,0.015,0.0,0.01,0.0,0.0,0.0
45,45,,0.0,0.005,0.015,0.025,0.0,0.0,0.005,0.0,0.0,0.015,0.0,0.0,0.0,0.0,0.255,0.0,0.0,0.0,0.0,0.0,0.0,0.0,0.0,0.0,0.0,0.0,0.0,0.0,0.005,0.0,0.0,0.0,0.0,0.0,0.01,0.0,0.0,0.0,0.0,0.045,0.0,0.0,0.0,0.0,0.0,0.47,0.06,0.0,0.0,0.0,0.0,0.0,0.01,0.005,0.065,0.0,0.01,0.0,0.0,0.0
45,45,,0.0,0.08,0.005,0.0,0.0,0.0,0.0,0.0,0.0,0.165,0.0,0.0,0.0,0.0,0.085,0.01,0.0,0.0,0.0,0.0,0.0,0.0,0.0,0.005,0.0,0.0,0.0,0.0,0.015,0.0,0.0,0.0,0.0,0.0,0.01,0.0,0.0,0.0,0.025,0.005,0.0,0.0,0.0,0.0,0.0,0.36,0.16,0.0,0.0,0.0,0.0,0.0,0.0,0.0,0.055,0.0,0.02,0.0,0.0,0.0
45,45,,0.0,0.015,0.005,0.0,0.0,0.0,0.105,0.02,0.0,0.03,0.0,0.0,0.005,0.0,0.15,0.025,0.0,0.0,0.0,0.0,0.0,0.0,0.0,0.02,0.0,0.0,0.0,0.0,0.035,0.0,0.0,0.0,0.01,0.0,0.005,0.0,0.0,0.0,0.0,0.01,0.005,0.0,0.005,0.0,0.0,0.47,0.025,0.0,0.0,0.0,0.0,0.015,0.02,0.0,0.01,0.0,0.015,0.0,0.0,0.0
46,46,,0.0,0.065,0.01,0.0,0.0,0.0,0.0,0.005,0.0,0.005,0.0,0.0,0.0,0.0,0.005,0.0,0.0,0.0,0.0,0.0,0.0,0.0,0.0,0.005,0.0,0.0,0.0,0.0,0.005,0.0,0.0,0.0,0.0,0.0,0.02,0.0,0.05,0.0,0.24,0.005,0.0,0.0,0.0,0.0,0.0,0.0,0.31,0.0,0.0,0.0,0.0,0.0,0.0,0.06,0.035,0.005,0.175,0.0,0.0,0.0
46,46,,0.0,0.04,0.05,0.03,0.0,0.0,0.0,0.0,0.0,0.0,0.0,0.005,0.0,0.0,0.11,0.0,0.0,0.0,0.0,0.0,0.0,0.005,0.0,0.0,0.0,0.0,0.0,0.0,0.015,0.0,0.0,0.0,0.0,0.0,0.03,0.0,0.01,0.0,0.115,0.01,0.0,0.0,0.0,0.0,0.0,0.0,0.325,0.0,0.0,0.0,0.0,0.005,0.0,0.015,0.205,0.005,0.025,0.0,0.0,0.0
46,46,,0.0,0.06,0.01,0.0,0.0,0.0,0.0,0.0,0.0,0.0,0.0,0.0,0.0,0.0,0.0,0.0,0.0,0.0,0.0,0.0,0.0,0.0,0.0,0.0,0.0,0.0,0.0,0.0,0.0,0.0,0.0,0.0,0.0,0.0,0.01,0.0,0.01,0.0,0.36,0.005,0.0,0.0,0.0,0.0,0.0,0.0,0.43,0.0,0.0,0.0,0.0,0.0,0.0,0.025,0.025,0.0,0.065,0.0,0.0,0.0
46,46,,0.0,0.05,0.0,0.01,0.0,0.0,0.0,0.0,0.0,0.01,0.0,0.0,0.0,0.0,0.035,0.0,0.0,0.0,0.0,0.0,0.0,0.0,0.0,0.0,0.0,0.0,0.0,0.0,0.01,0.0,0.0,0.0,0.0,0.0,0.01,0.0,0.0,0.0,0.015,0.005,0.0,0.0,0.0,0.0,0.0,0.085,0.365,0.0,0.0,0.0,0.0,0.0,0.0,0.005,0.295,0.0,0.105,0.0,0.0,0.0
46,46,,0.005,0.01,0.015,0.0,0.0,0.0,0.0,0.0,0.0,0.005,0.0,0.0,0.0,0.0,0.0,0.005,0.0,0.0,0.0,0.0,0.0,0.015,0.0,0.0,0.0,0.0,0.0,0.0,0.005,0.0,0.0,0.0,0.0,0.005,0.01,0.0,0.02,0.0,0.0,0.0,0.025,0.0,0.0,0.0,0.0,0.01,0.75,0.0,0.0,0.0,0.015,0.0,0.005,0.005,0.075,0.0,0.01,0.005,0.005,0.0
46,46,,0.0,0.035,0.005,0.015,0.0,0.0,0.005,0.0,0.0,0.0,0.0,0.0,0.0,0.0,0.005,0.0,0.0,0.0,0.0,0.0,0.0,0.0,0.005,0.005,0.0,0.0,0.0,0.0,0.01,0.0,0.0,0.0,0.0,0.0,0.0,0.0,0.005,0.0,0.265,0.005,0.0,0.0,0.0,0.0,0.0,0.0,0.415,0.0,0.0,0.0,0.0,0.0,0.0,0.035,0.115,0.005,0.07,0.0,0.0,0.0
46,46,,0.0,0.225,0.005,0.0,0.0,0.0,0.005,0.0,0.0,0.05,0.0,0.0,0.0,0.0,0.015,0.0,0.005,0.0,0.0,0.0,0.0,0.0,0.0,0.0,0.0,0.0,0.0,0.0,0.0,0.0,0.0,0.0,0.0,0.0,0.0,0.0,0.0,0.0,0.045,0.005,0.0,0.0,0.0,0.0,0.0,0.03,0.52,0.0,0.0,0.0,0.0,0.0,0.005,0.0,0.005,0.005,0.08,0.0,0.0,0.0
46,46,,0.0,0.075,0.02,0.015,0.0,0.0,0.005,0.0,0.0,0.035,0.0,0.0,0.0,0.0,0.045,0.01,0.0,0.0,0.0,0.0,0.0,0.0,0.005,0.0,0.0,0.0,0.0,0.0,0.01,0.0,0.0,0.0,0.0,0.0,0.065,0.0,0.01,0.0,0.07,0.0,0.0,0.0,0.0,0.0,0.0,0.01,0.375,0.0,0.0,0.0,0.0,0.0,0.0,0.03,0.155,0.0,0.065,0.0,0.0,0.0
46,38,,0.0,0.08,0.0,0.005,0.0,0.0,0.0,0.0,0.0,0.015,0.0,0.0,0.0,0.0,0.005,0.0,0.0,0.0,0.0,0.0,0.0,0.0,0.0,0.0,0.0,0.0,0.0,0.0,0.0,0.0,0.0,0.0,0.0,0.0,0.01,0.0,0.015,0.0,0.42,0.03,0.0,0.0,0.0,0.0,0.0,0.0,0.325,0.0,0.0,0.0,0.0,0.0,0.0,0.01,0.015,0.0,0.07,0.0,0.0,0.0
46,46,,0.0,0.2,0.005,0.005,0.0,0.0,0.0,0.0,0.0,0.065,0.0,0.0,0.0,0.0,0.065,0.0,0.0,0.0,0.0,0.0,0.0,0.0,0.0,0.005,0.0,0.0,0.0,0.0,0.0,0.0,0.0,0.0,0.0,0.0,0.0,0.0,0.0,0.0,0.025,0.01,0.0,0.0,0.0,0.0,0.0,0.15,0.335,0.0,0.0,0.0,0.0,0.0,0.0,0.0,0.09,0.0,0.045,0.0,0.0,0.0
47,47,,0.0,0.0,0.0,0.0,0.0,0.055,0.0,0.0,0.0,0.0,0.005,0.0,0.0,0.0,0.0,0.0,0.0,0.0,0.02,0.0,0.0,0.0,0.0,0.0,0.09,0.0,0.0,0.0,0.0,0.005,0.01,0.0,0.0,0.005,0.0,0.005,0.0,0.01,0.0,0.0,0.0,0.0,0.0,0.0,0.0,0.0,0.0,0.735,0.0,0.005,0.0,0.0,0.0,0.0,0.0,0.0,0.0,0.05,0.0,0.005
47,47,,0.0,0.0,0.0,0.0,0.0,0.105,0.0,0.0,0.0,0.0,0.03,0.0,0.0,0.01,0.0,0.0,0.0,0.02,0.02,0.0,0.02,0.0,0.005,0.0,0.05,0.015,0.0,0.0,0.0,0.01,0.005,0.005,0.005,0.015,0.0,0.01,0.0,0.03,0.0,0.0,0.0,0.0,0.0,0.0,0.005,0.0,0.0,0.55,0.0,0.005,0.0,0.0,0.0,0.0,0.0,0.0,0.0,0.08,0.0,0.005
47,47,,0.0,0.0,0.0,0.0,0.0,0.0,0.0,0.0,0.0,0.0,0.0,0.0,0.0,0.0,0.0,0.0,0.0,0.0,0.0,0.0,0.0,0.0,0.0,0.0,0.0,0.0,0.0,0.0,0.0,0.0,0.0,0.0,0.0,0.0,0.0,0.0,0.0,0.0,0.0,0.0,0.0,0.0,0.0,0.0,0.0,0.0,0.0,1.0,0.0,0.0,0.0,0.0,0.0,0.0,0.0,0.0,0.0,0.0,0.0,0.0
47,47,,0.0,0.0,0.01,0.0,0.01,0.015,0.0,0.0,0.0,0.0,0.0,0.005,0.0,0.02,0.0,0.0,0.005,0.015,0.04,0.0,0.005,0.0,0.01,0.0,0.005,0.01,0.0,0.005,0.03,0.015,0.005,0.0,0.015,0.005,0.0,0.01,0.005,0.0,0.0,0.0,0.0,0.0,0.005,0.035,0.0,0.0,0.0,0.665,0.015,0.005,0.01,0.0,0.0,0.0,0.0,0.005,0.0,0.0,0.0,0.02
47,47,,0.0,0.0,0.0,0.0,0.01,0.1,0.0,0.0,0.0,0.0,0.04,0.0,0.0,0.03,0.0,0.0,0.0,0.01,0.14,0.01,0.005,0.0,0.005,0.0,0.045,0.015,0.0,0.0,0.0,0.035,0.02,0.0,0.015,0.015,0.0,0.06,0.005,0.01,0.0,0.0,0.0,0.005,0.0,0.005,0.005,0.0,0.0,0.35,0.0,0.005,0.015,0.0,0.0,0.0,0.0,0.0,0.0,0.045,0.0,0.0
47,47,,0.005,0.0,0.0,0.0,0.0,0.06,0.0,0.0,0.0,0.0,0.0,0.0,0.0,0.005,0.0,0.0,0.005,0.0,0.035,0.0,0.0,0.0,0.0,0.0,0.105,0.0,0.0,0.0,0.0,0.0,0.02,0.0,0.0,0.005,0.0,0.025,0.0,0.005,0.0,0.0,0.0,0.0,0.0,0.0,0.0,0.0,0.0,0.67,0.0,0.0,0.005,0.0,0.0,0.0,0.0,0.0,0.0,0.055,0.0,0.0
47,47,,0.01,0.0,0.0,0.0,0.0,0.005,0.0,0.0,0.0,0.0,0.02,0.005,0.0,0.01,0.0,0.0,0.0,0.0,0.04,0.055,0.01,0.0,0.01,0.0,0.0,0.005,0.0,0.01,0.0,0.025,0.005,0.0,0.0,0.005,0.0,0.005,0.0,0.0,0.0,0.0,0.0,0.0,0.01,0.0,0.0,0.0,0.0,0.745,0.0,0.005,0.0,0.0,0.01,0.0,0.0,0.0,0.0,0.005,0.0,0.005
47,52,,0.11,0.0,0.0,0.0,0.005,0.015,0.0,0.0,0.055,0.0,0.025,0.01,0.0,0.0,0.0,0.0,0.0,0.01,0.015,0.07,0.01,0.0,0.02,0.0,0.005,0.005,0.0,0.09,0.015,0.035,0.055,0.0,0.015,0.005,0.005,0.025,0.005,0.005,0.0,0.0,0.0,0.005,0.05,0.015,0.0,0.0,0.0,0.1,0.0,0.02,0.005,0.005,0.14,0.0,0.0,0.005,0.005,0.0,0.0,0.04
47,47,,0.0,0.0,0.0,0.0,0.0,0.0,0.0,0.0,0.0,0.0,0.0,0.0,0.0,0.0,0.0,0.0,0.0,0.0,0.0,0.0,0.0,0.0,0.0,0.0,0.0,0.0,0.0,0.0,0.0,0.0,0.0,0.0,0.0,0.0,0.0,0.0,0.0,0.0,0.0,0.0,0.0,0.0,0.0,0.0,0.0,0.0,0.0,1.0,0.0,0.0,0.0,0.0,0.0,0.0,0.0,0.0,0.0,0.0,0.0,0.0
47,47,,0.05,0.0,0.0,0.0,0.005,0.02,0.0,0.0,0.005,0.0,0.015,0.01,0.0,0.005,0.0,0.0,0.01,0.03,0.035,0.205,0.01,0.0,0.005,0.0,0.0,0.01,0.0,0.02,0.02,0.115,0.015,0.005,0.01,0.01,0.0,0.015,0.0,0.0,0.0,0.0,0.0,0.0,0.02,0.02,0.0,0.0,0.0,0.25,0.0,0.015,0.005,0.015,0.015,0.0,0.0,0.005,0.0,0.0,0.005,0.025
48,48,,0.0,0.0,0.0,0.0,0.0,0.005,0.0,0.0,0.0,0.0,0.055,0.0,0.0,0.0,0.0,0.0,0.0,0.005,0.0,0.0,0.0,0.0,0.0,0.0,0.0,0.005,0.0,0.005,0.035,0.0,0.0,0.0,0.0,0.0,0.0,0.005,0.0,0.0,0.0,0.0,0.005,0.0,0.005,0.01,0.0,0.0,0.0,0.0,0.7,0.01,0.0,0.0,0.0,0.0,0.0,0.0,0.0,0.0,0.015,0.14
48,48,,0.0,0.0,0.0,0.0,0.0,0.0,0.0,0.0,0.0,0.0,0.025,0.01,0.0,0.015,0.0,0.0,0.0,0.0,0.0,0.0,0.0,0.0,0.0,0.0,0.0,0.025,0.0,0.02,0.04,0.03,0.0,0.0,0.0,0.0,0.005,0.0,0.0,0.0,0.0,0.0,0.0,0.0,0.005,0.04,0.005,0.0,0.0,0.005,0.7,0.005,0.005,0.0,0.0,0.0,0.0,0.005,0.0,0.0,0.005,0.055
48,48,,0.0,0.0,0.0,0.0,0.0,0.005,0.0,0.0,0.0,0.0,0.025,0.0,0.0,0.0,0.0,0.0,0.0,0.01,0.025,0.005,0.0,0.0,0.0,0.0,0.005,0.01,0.005,0.005,0.05,0.005,0.0,0.0,0.005,0.0,0.0,0.025,0.0,0.0,0.0,0.0,0.005,0.0,0.0,0.005,0.0,0.0,0.0,0.005,0.695,0.005,0.015,0.0,0.0,0.0,0.0,0.0,0.0,0.0,0.0,0.09
48,48,,0.0,0.0,0.0,0.0,0.0,0.0,0.0,0.0,0.0,0.0,0.105,0.0,0.0,0.005,0.0,0.0,0.0,0.005,0.0,0.0,0.0,0.0,0.0,0.0,0.0,0.015,0.0,0.005,0.025,0.01,0.0,0.0,0.0,0.0,0.0,0.005,0.0,0.0,0.0,0.0,0.0,0.0,0.0,0.02,0.0,0.0,0.0,0.005,0.695,0.0,0.0,0.0,0.0,0.0,0.0,0.005,0.0,0.0,0.005,0.095
48,48,,0.0,0.0,0.0,0.0,0.005,0.005,0.0,0.0,0.0,0.0,0.03,0.0,0.0,0.0,0.0,0.0,0.0,0.005,0.0,0.0,0.0,0.0,0.0,0.0,0.005,0.015,0.005,0.0,0.05,0.02,0.0,0.0,0.0,0.0,0.0,0.0,0.0,0.0,0.0,0.0,0.0,0.0,0.005,0.04,0.0,0.0,0.0,0.0,0.79,0.0,0.01,0.0,0.0,0.0,0.0,0.005,0.0,0.0,0.01,0.0
48,48,,0.0,0.0,0.0,0.0,0.0,0.015,0.0,0.0,0.005,0.0,0.03,0.015,0.0,0.005,0.0,0.0,0.0,0.015,0.015,0.0,0.0,0.0,0.0,0.0,0.005,0.015,0.0,0.015,0.01,0.01,0.0,0.02,0.0,0.0,0.0,0.04,0.0,0.0,0.0,0.0,0.0,0.0,0.0,0.02,0.0,0.0,0.0,0.0,0.655,0.0,0.01,0.0,0.0,0.0,0.0,0.0,0.0,0.0,0.005,0.095
48,48,,0.0,0.0,0.0,0.0,0.0,0.0,0.0,0.0,0.0,0.0,0.055,0.0,0.0,0.0,0.0,0.0,0.0,0.005,0.01,0.0,0.0,0.0,0.0,0.0,0.0,0.005,0.0,0.0,0.0,0.01,0.0,0.0,0.0,0.0,0.0,0.005,0.0,0.0,0.0,0.0,0.0,0.0,0.0,0.015,0.0,0.0,0.0,0.0,0.83,0.0,0.005,0.0,0.0,0.0,0.0,0.0,0.0,0.0,0.0,0.06
48,48,,0.0,0.0,0.0,0.0,0.0,0.0,0.0,0.0,0.0,0.0,0.02,0.005,0.0,0.0,0.0,0.0,0.0,0.005,0.005,0.0,0.0,0.0,0.0,0.0,0.0,0.005,0.0,0.0,0.005,0.0,0.0,0.0,0.005,0.0,0.0,0.005,0.0,0.0,0.0,0.0,0.0,0.005,0.0,0.01,0.0,0.0,0.0,0.005,0.875,0.005,0.01,0.0,0.0,0.0,0.0,0.0,0.0,0.0,0.0,0.035
48,48,,0.0,0.0,0.0,0.0,0.0,0.005,0.0,0.0,0.0,0.0,0.105,0.0,0.0,0.0,0.0,0.0,0.0,0.01,0.0,0.0,0.005,0.0,0.0,0.0,0.0,0.015,0.0,0.01,0.015,0.005,0.0,0.0,0.0,0.0,0.0,0.005,0.0,0.0,0.0,0.0,0.0,0.0,0.0,0.0,0.0,0.0,0.0,0.0,0.74,0.005,0.0,0.0,0.0,0.0,0.0,0.0,0.0,0.0,0.0,0.08
48,48,,0.0,0.0,0.0,0.0,0.0,0.005,0.0,0.0,0.005,0.0,0.025,0.0,0.0,0.0,0.0,0.0,0.0,0.005,0.015,0.01,0.0,0.0,0.0,0.0,0.0,0.0,0.0,0.0,0.005,0.0,0.005,0.015,0.0,0.0,0.0,0.04,0.0,0.0,0.0,0.0,0.0,0.0,0.0,0.01,0.0,0.0,0.0,0.0,0.805,0.0,0.005,0.005,0.005,0.0,0.0,0.005,0.0,0.0,0.005,0.03
49,49,,0.0,0.0,0.0,0.0,0.005,0.005,0.0,0.0,0.0,0.0,0.0,0.0,0.0,0.0,0.0,0.0,0.005,0.0,0.0,0.0,0.0,0.0,0.0,0.0,0.0,0.005,0.0,0.0,0.0,0.005,0.0,0.0,0.0,0.01,0.0,0.0,0.0,0.0,0.0,0.0,0.0,0.0,0.0,0.0,0.0,0.0,0.0,0.0,0.0,0.965,0.0,0.0,0.0,0.0,0.0,0.0,0.0,0.0,0.0,0.0
49,49,,0.015,0.0,0.0,0.0,0.02,0.0,0.0,0.0,0.0,0.0,0.05,0.005,0.0,0.0,0.0,0.0,0.0,0.03,0.07,0.015,0.005,0.0,0.0,0.0,0.0,0.01,0.01,0.115,0.0,0.025,0.0,0.0,0.0,0.01,0.0,0.02,0.0,0.015,0.0,0.0,0.0,0.005,0.025,0.005,0.015,0.0,0.0,0.1,0.005,0.4,0.005,0.0,0.0,0.0,0.0,0.0,0.0,0.01,0.0,0.015
49,49,,0.0,0.0,0.0,0.0,0.005,0.0,0.0,0.0,0.0,0.0,0.005,0.0,0.0,0.0,0.0,0.0,0.0,0.0,0.01,0.0,0.0,0.0,0.0,0.0,0.0,0.0,0.01,0.0,0.0,0.0,0.0,0.0,0.0,0.0,0.0,0.005,0.0,0.0,0.0,0.0,0.0,0.0,0.0,0.005,0.0,0.0,0.0,0.0,0.0,0.96,0.0,0.0,0.0,0.0,0.0,0.0,0.0,0.0,0.0,0.0
49,49,,0.0,0.0,0.0,0.0,0.01,0.01,0.0,0.0,0.0,0.0,0.01,0.005,0.0,0.0,0.0,0.0,0.005,0.005,0.0,0.0,0.0,0.005,0.005,0.0,0.0,0.005,0.055,0.0,0.0,0.015,0.0,0.0,0.0,0.01,0.0,0.0,0.0,0.0,0.0,0.0,0.0,0.0,0.025,0.03,0.025,0.0,0.0,0.0,0.005,0.765,0.0,0.0,0.0,0.0,0.0,0.0,0.0,0.0,0.0,0.01
49,49,,0.0,0.0,0.0,0.0,0.015,0.0,0.0,0.0,0.005,0.0,0.01,0.0,0.0,0.0,0.0,0.0,0.005,0.005,0.005,0.0,0.005,0.0,0.0,0.0,0.005,0.005,0.005,0.0,0.0,0.01,0.0,0.0,0.0,0.01,0.0,0.005,0.0,0.0,0.0,0.0,0.005,0.005,0.005,0.0,0.02,0.0,0.0,0.0,0.0,0.865,0.0,0.0,0.0,0.0,0.0,0.0,0.0,0.0,0.0,0.01
49,49,,0.0,0.0,0.0,0.0,0.005,0.015,0.0,0.0,0.0,0.0,0.01,0.005,0.0,0.0,0.0,0.0,0.005,0.02,0.0,0.0,0.0,0.0,0.005,0.0,0.005,0.005,0.06,0.0,0.005,0.015,0.0,0.0,0.0,0.015,0.0,0.01,0.0,0.0,0.0,0.0,0.015,0.0,0.01,0.015,0.015,0.0,0.0,0.0,0.0,0.745,0.0,0.0,0.0,0.0,0.0,0.0,0.0,0.0,0.005,0.015
49,49,,0.0,0.0,0.0,0.0,0.005,0.0,0.0,0.0,0.0,0.0,0.005,0.0,0.0,0.005,0.0,0.0,0.005,0.0,0.01,0.0,0.0,0.0,0.0,0.0,0.005,0.005,0.0,0.0,0.0,0.005,0.0,0.0,0.0,0.015,0.0,0.01,0.0,0.0,0.0,0.0,0.0,0.0,0.0,0.0,0.0,0.0,0.0,0.0,0.0,0.925,0.0,0.0,0.0,0.0,0.0,0.0,0.0,0.0,0.0,0.005
49,49,,0.0,0.0,0.0,0.0,0.005,0.005,0.0,0.0,0.0,0.0,0.005,0.0,0.0,0.0,0.0,0.0,0.0,0.0,0.0,0.0,0.0,0.0,0.0,0.0,0.0,0.0,0.0,0.0,0.0,0.0,0.0,0.0,0.0,0.0,0.0,0.0,0.0,0.0,0.0,0.0,0.0,0.0,0.0,0.0,0.0,0.0,0.0,0.005,0.0,0.98,0.0,0.0,0.0,0.0,0.0,0.0,0.0,0.0,0.0,0.0
49,49,,0.0,0.0,0.0,0.0,0.005,0.005,0.0,0.0,0.0,0.0,0.005,0.005,0.0,0.0,0.0,0.0,0.005,0.005,0.0,0.0,0.0,0.0,0.0,0.0,0.0,0.0,0.005,0.0,0.0,0.0,0.0,0.0,0.0,0.0,0.0,0.0,0.0,0.0,0.0,0.0,0.0,0.0,0.005,0.005,0.005,0.0,0.0,0.0,0.0,0.95,0.0,0.0,0.0,0.0,0.0,0.0,0.0,0.0,0.0,0.0
49,49,,0.0,0.0,0.0,0.0,0.0,0.01,0.0,0.0,0.0,0.0,0.01,0.0,0.0,0.0,0.0,0.0,0.0,0.0,0.0,0.0,0.0,0.0,0.0,0.0,0.0,0.005,0.015,0.0,0.0,0.0,0.0,0.0,0.0,0.005,0.0,0.005,0.0,0.0,0.0,0.0,0.0,0.0,0.005,0.015,0.0,0.0,0.0,0.0,0.0,0.925,0.0,0.0,0.0,0.0,0.0,0.0,0.0,0.0,0.0,0.005
50,50,,0.005,0.0,0.005,0.0,0.015,0.035,0.0,0.005,0.005,0.0,0.0,0.005,0.005,0.04,0.0,0.0,0.02,0.01,0.065,0.0,0.02,0.0,0.0,0.0,0.08,0.01,0.0,0.005,0.01,0.015,0.01,0.005,0.04,0.01,0.005,0.08,0.015,0.01,0.0,0.0,0.015,0.0,0.025,0.01,0.01,0.0,0.0,0.0,0.005,0.0,0.29,0.005,0.0,0.0,0.0,0.0,0.0,0.055,0.01,0.045
50,50,,0.005,0.0,0.015,0.0,0.0,0.0,0.0,0.005,0.0,0.0,0.0,0.0,0.01,0.01,0.0,0.01,0.005,0.005,0.0,0.0,0.0,0.05,0.0,0.0,0.005,0.015,0.0,0.0,0.0,0.01,0.0,0.005,0.13,0.0,0.005,0.01,0.025,0.005,0.01,0.0,0.01,0.0,0.02,0.01,0.0,0.0,0.0,0.0,0.0,0.0,0.56,0.0,0.005,0.0,0.0,0.035,0.0,0.005,0.005,0.015
50,2,,0.005,0.025,0.245,0.0,0.0,0.0,0.01,0.0,0.0,0.04,0.0,0.0,0.0,0.0,0.005,0.015,0.005,0.0,0.0,0.0,0.0,0.0,0.0,0.015,0.0,0.0,0.0,0.0,0.025,0.0,0.0,0.0,0.025,0.0,0.1,0.0,0.04,0.0,0.03,0.0,0.005,0.0,0.005,0.0,0.0,0.0,0.155,0.0,0.0,0.0,0.035,0.005,0.0,0.005,0.185,0.01,0.01,0.0,0.0,0.0
50,57,,0.0,0.0,0.0,0.0,0.01,0.045,0.0,0.0,0.0,0.0,0.035,0.0,0.0,0.04,0.0,0.0,0.005,0.02,0.095,0.0,0.0,0.0,0.005,0.0,0.125,0.04,0.005,0.005,0.0,0.04,0.01,0.0,0.035,0.035,0.0,0.07,0.005,0.0,0.0,0.0,0.0,0.0,0.0,0.015,0.01,0.0,0.0,0.045,0.005,0.01,0.025,0.0,0.0,0.0,0.0,0.0,0.0,0.235,0.005,0.025
50,46,,0.005,0.02,0.18,0.0,0.0,0.0,0.005,0.005,0.0,0.045,0.0,0.0,0.005,0.005,0.015,0.01,0.0,0.0,0.0,0.0,0.0,0.005,0.0,0.02,0.0,0.0,0.0,0.0,0.02,0.0,0.0,0.0,0.015,0.0,0.1,0.0,0.045,0.0,0.01,0.015,0.005,0.0,0.0,0.0,0.0,0.005,0.205,0.0,0.0,0.0,0.055,0.015,0.005,0.0,0.13,0.005,0.04,0.0,0.0,0.01
50,50,,0.0,0.0,0.005,0.0,0.01,0.07,0.0,0.0,0.01,0.0,0.015,0.005,0.0,0.015,0.005,0.0,0.0,0.0,0.02,0.0,0.0,0.01,0.0,0.0,0.01,0.095,0.005,0.015,0.015,0.025,0.005,0.01,0.035,0.01,0.0,0.025,0.015,0.005,0.0,0.0,0.015,0.015,0.015,0.02,0.01,0.0,0.0,0.005,0.005,0.01,0.385,0.005,0.005,0.0,0.0,0.005,0.0,0.01,0.015,0.045
50,50,,0.01,0.0,0.06,0.0,0.005,0.005,0.015,0.02,0.0,0.03,0.005,0.005,0.005,0.005,0.005,0.01,0.0,0.0,0.0,0.0,0.0,0.0,0.0,0.015,0.0,0.0,0.0,0.0,0.1,0.0,0.0,0.0,0.075,0.005,0.08,0.0,0.035,0.0,0.0,0.005,0.005,0.005,0.005,0.005,0.0,0.0,0.035,0.005,0.0,0.0,0.25,0.015,0.03,0.0,0.095,0.01,0.01,0.0,0.02,0.015
50,50,,0.0,0.0,0.0,0.0,0.015,0.045,0.0,0.0,0.0,0.0,0.04,0.005,0.0,0.035,0.0,0.0,0.0,0.005,0.005,0.01,0.01,0.0,0.0,0.0,0.0,0.03,0.005,0.0,0.015,0.015,0.0,0.005,0.02,0.005,0.0,0.04,0.0,0.005,0.0,0.0,0.01,0.01,0.0,0.03,0.0,0.0,0.005,0.0,0.0,0.01,0.515,0.0,0.005,0.0,0.0,0.01,0.0,0.0,0.06,0.035
50,50,,0.01,0.0,0.0,0.0,0.01,0.045,0.0,0.0,0.0,0.0,0.005,0.0,0.0,0.06,0.0,0.0,0.01,0.015,0.09,0.025,0.015,0.0,0.0,0.0,0.025,0.025,0.005,0.005,0.01,0.005,0.01,0.005,0.06,0.025,0.0,0.055,0.01,0.005,0.0,0.0,0.025,0.01,0.01,0.01,0.015,0.0,0.005,0.01,0.0,0.035,0.275,0.0,0.005,0.0,0.0,0.015,0.0,0.015,0.015,0.025
50,50,,0.0,0.0,0.0,0.0,0.0,0.02,0.0,0.0,0.015,0.0,0.025,0.015,0.0,0.015,0.0,0.0,0.0,0.025,0.03,0.0,0.005,0.01,0.005,0.0,0.005,0.15,0.0,0.02,0.01,0.05,0.01,0.005,0.07,0.015,0.005,0.03,0.005,0.005,0.0,0.0,0.025,0.005,0.0,0.07,0.005,0.0,0.0,0.02,0.01,0.01,0.22,0.005,0.0,0.0,0.0,0.01,0.0,0.02,0.01,0.045
51,51,,0.01,0.0,0.005,0.005,0.0,0.0,0.0,0.0,0.0,0.01,0.005,0.005,0.0,0.0,0.0,0.015,0.005,0.0,0.0,0.0,0.0,0.0,0.0,0.005,0.0,0.0,0.0,0.0,0.015,0.0,0.0,0.005,0.0,0.0,0.0,0.0,0.0,0.0,0.0,0.0,0.0,0.0,0.0,0.0,0.0,0.0,0.0,0.0,0.0,0.005,0.0,0.89,0.02,0.0,0.0,0.0,0.0,0.0,0.0,0.0
51,51,,0.0,0.005,0.015,0.0,0.0,0.0,0.065,0.015,0.0,0.005,0.0,0.0,0.0,0.0,0.005,0.005,0.01,0.0,0.0,0.0,0.0,0.0,0.0,0.0,0.0,0.0,0.0,0.0,0.015,0.0,0.0,0.0,0.015,0.0,0.0,0.0,0.005,0.0,0.0,0.015,0.0,0.0,0.0,0.0,0.0,0.01,0.0,0.0,0.0,0.0,0.0,0.785,0.02,0.0,0.005,0.005,0.0,0.0,0.0,0.0
51,51,,0.01,0.0,0.005,0.0,0.0,0.0,0.02,0.005,0.0,0.0,0.0,0.005,0.0,0.005,0.0,0.015,0.005,0.0,0.0,0.005,0.0,0.0,0.0,0.0,0.0,0.0,0.0,0.0,0.02,0.02,0.0,0.0,0.01,0.0,0.0,0.0,0.0,0.0,0.0,0.0,0.0,0.0,0.005,0.005,0.0,0.0,0.0,0.0,0.0,0.0,0.0,0.835,0.03,0.0,0.0,0.0,0.0,0.0,0.0,0.0
51,51,,0.015,0.0,0.0,0.005,0.0,0.0,0.005,0.01,0.005,0.005,0.0,0.005,0.0,0.0,0.005,0.02,0.0,0.0,0.0,0.005,0.0,0.0,0.0,0.0,0.0,0.0,0.0,0.0,0.0,0.0,0.0,0.0,0.01,0.0,0.0,0.0,0.0,0.0,0.0,0.0,0.0,0.0,0.0,0.0,0.0,0.01,0.0,0.0,0.0,0.0,0.0,0.88,0.01,0.0,0.0,0.01,0.0,0.0,0.0,0.0
51,51,,0.0,0.0,0.005,0.0,0.0,0.0,0.02,0.0,0.0,0.0,0.0,0.015,0.0,0.005,0.0,0.01,0.0,0.0,0.0,0.0,0.0,0.0,0.01,0.0,0.0,0.0,0.0,0.0,0.01,0.005,0.0,0.005,0.0,0.0,0.0,0.0,0.0,0.0,0.0,0.0,0.0,0.0,0.005,0.005,0.0,0.0,0.005,0.0,0.0,0.0,0.01,0.875,0.005,0.0,0.0,0.005,0.0,0.0,0.0,0.005
51,51,,0.005,0.005,0.0,0.0,0.0,0.0,0.01,0.005,0.0,0.01,0.0,0.005,0.0,0.0,0.005,0.0,0.0,0.0,0.0,0.0,0.0,0.0,0.0,0.0,0.0,0.0,0.0,0.0,0.005,0.0,0.0,0.0,0.005,0.0,0.005,0.005,0.005,0.0,0.0,0.005,0.0,0.0,0.0,0.0,0.0,0.0,0.0,0.0,0.0,0.0,0.0,0.92,0.0,0.0,0.0,0.0,0.005,0.0,0.0,0.0
51,51,,0.01,0.02,0.0,0.0,0.0,0.0,0.015,0.02,0.0,0.005,0.0,0.005,0.0,0.0,0.015,0.02,0.0,0.0,0.0,0.0,0.0,0.0,0.0,0.0,0.0,0.0,0.0,0.0,0.035,0.005,0.0,0.0,0.0,0.0,0.0,0.0,0.005,0.0,0.0,0.005,0.0,0.0,0.01,0.0,0.0,0.015,0.005,0.0,0.0,0.0,0.0,0.795,0.01,0.0,0.005,0.0,0.0,0.0,0.0,0.0
51,51,,0.0,0.0,0.0,0.005,0.0,0.0,0.01,0.005,0.0,0.005,0.0,0.0,0.0,0.005,0.005,0.025,0.01,0.005,0.0,0.0,0.0,0.0,0.0,0.0,0.0,0.0,0.0,0.0,0.01,0.005,0.0,0.0,0.025,0.0,0.0,0.005,0.0,0.0,0.0,0.0,0.0,0.0,0.005,0.0,0.0,0.0,0.0,0.0,0.0,0.0,0.005,0.85,0.005,0.0,0.0,0.005,0.0,0.0,0.0,0.01
51,51,,0.035,0.0,0.0,0.0,0.01,0.01,0.015,0.01,0.01,0.01,0.015,0.035,0.0,0.005,0.0,0.02,0.0,0.015,0.015,0.03,0.0,0.0,0.0,0.0,0.005,0.005,0.0,0.005,0.045,0.06,0.01,0.005,0.03,0.005,0.005,0.02,0.02,0.0,0.0,0.0,0.01,0.0,0.045,0.01,0.0,0.0,0.0,0.02,0.005,0.015,0.025,0.375,0.025,0.0,0.0,0.01,0.0,0.0,0.0,0.01
51,51,,0.0,0.005,0.0,0.0,0.0,0.0,0.005,0.0,0.0,0.0,0.0,0.0,0.0,0.0,0.0,0.005,0.0,0.0,0.0,0.0,0.0,0.0,0.0,0.0,0.0,0.0,0.0,0.0,0.0,0.0,0.0,0.0,0.005,0.0,0.0,0.005,0.0,0.0,0.0,0.0,0.0,0.0,0.0,0.0,0.0,0.01,0.0,0.0,0.0,0.0,0.0,0.945,0.01,0.0,0.005,0.0,0.005,0.0,0.0,0.0
52,52,,0.12,0.005,0.0,0.0,0.01,0.005,0.0,0.0,0.025,0.0,0.01,0.035,0.005,0.0,0.0,0.01,0.01,0.01,0.025,0.005,0.0,0.0,0.005,0.0,0.005,0.01,0.0,0.115,0.035,0.0,0.01,0.005,0.005,0.015,0.0,0.01,0.005,0.0,0.0,0.0,0.005,0.01,0.025,0.01,0.005,0.0,0.0,0.025,0.015,0.005,0.02,0.0,0.32,0.0,0.01,0.025,0.0,0.0,0.005,0.025
52,52,,0.0,0.0,0.0,0.0,0.0,0.005,0.0,0.0,0.06,0.0,0.005,0.005,0.0,0.0,0.0,0.005,0.005,0.0,0.0,0.025,0.01,0.005,0.0,0.005,0.0,0.0,0.0,0.005,0.0,0.01,0.005,0.01,0.005,0.0,0.005,0.0,0.0,0.0,0.0,0.0,0.0,0.0,0.0,0.0,0.0,0.0,0.0,0.0,0.0,0.0,0.005,0.0,0.805,0.0,0.0,0.0,0.0,0.0,0.0,0.02
52,52,,0.005,0.01,0.01,0.0,0.0,0.0,0.05,0.015,0.02,0.05,0.0,0.005,0.005,0.005,0.09,0.02,0.0,0.0,0.0,0.0,0.0,0.0,0.005,0.025,0.0,0.0,0.0,0.01,0.06,0.005,0.0,0.0,0.035,0.0,0.025,0.01,0.0,0.0,0.0,0.05,0.0,0.0,0.005,0.005,0.0,0.05,0.0,0.0,0.0,0.0,0.005,0.08,0.32,0.0,0.01,0.0,0.005,0.0,0.0,0.01
52,52,,0.03,0.0,0.0,0.01,0.005,0.005,0.0,0.01,0.075,0.0,0.005,0.045,0.01,0.005,0.005,0.01,0.02,0.02,0.045,0.015,0.02,0.0,0.0,0.015,0.005,0.005,0.0,0.08,0.0,0.02,0.055,0.035,0.035,0.025,0.0,0.025,0.0,0.005,0.0,0.0,0.0,0.0,0.02,0.005,0.0,0.0,0.0,0.01,0.005,0.0,0.03,0.0,0.29,0.0,0.0,0.0,0.0,0.0,0.0,0.0
52,52,,0.01,0.0,0.0,0.0,0.0,0.025,0.0,0.0,0.115,0.0,0.005,0.005,0.0,0.0,0.0,0.0,0.005,0.025,0.045,0.03,0.04,0.0,0.0,0.005,0.005,0.005,0.0,0.065,0.0,0.06,0.04,0.11,0.01,0.0,0.0,0.06,0.0,0.01,0.0,0.0,0.0,0.005,0.01,0.02,0.0,0.0,0.0,0.005,0.02,0.0,0.01,0.0,0.24,0.0,0.0,0.005,0.0,0.0,0.0,0.01
52,52,,0.13,0.0,0.01,0.015,0.0,0.005,0.0,0.01,0.045,0.0,0.005,0.17,0.01,0.0,0.015,0.005,0.0,0.0,0.005,0.005,0.005,0.01,0.0,0.015,0.0,0.005,0.0,0.055,0.035,0.025,0.03,0.01,0.01,0.01,0.005,0.01,0.0,0.0,0.0,0.0,0.0,0.015,0.04,0.005,0.0,0.0,0.005,0.01,0.0,0.0,0.02,0.01,0.2,0.0,0.0,0.01,0.005,0.005,0.01,0.01
52,52,,0.005,0.0,0.0,0.0,0.0,0.035,0.0,0.0,0.1,0.0,0.01,0.005,0.0,0.0,0.0,0.0,0.005,0.035,0.055,0.04,0.045,0.0,0.0,0.005,0.005,0.005,0.0,0.065,0.0,0.04,0.06,0.07,0.01,0.005,0.0,0.05,0.0,0.01,0.0,0.0,0.0,0.005,0.005,0.015,0.0,0.0,0.0,0.005,0.025,0.0,0.01,0.0,0.26,0.0,0.0,0.005,0.0,0.005,0.0,0.005
52,52,,0.095,0.015,0.005,0.005,0.0,0.0,0.005,0.005,0.025,0.015,0.0,0.02,0.0,0.005,0.025,0.005,0.0,0.0,0.0,0.11,0.005,0.005,0.01,0.005,0.0,0.0,0.0,0.0,0.1,0.035,0.005,0.005,0.0,0.0,0.0,0.005,0.005,0.0,0.0,0.0,0.005,0.005,0.05,0.0,0.0,0.04,0.0,0.005,0.0,0.0,0.0,0.115,0.25,0.0,0.0,0.0,0.005,0.0,0.005,0.005
52,52,,0.005,0.005,0.0,0.005,0.0,0.0,0.0,0.0,0.035,0.0,0.0,0.005,0.0,0.0,0.015,0.0,0.0,0.005,0.0,0.015,0.0,0.0,0.0,0.01,0.0,0.0,0.0,0.01,0.015,0.005,0.0,0.0,0.015,0.0,0.01,0.0,0.02,0.0,0.0,0.01,0.0,0.0,0.005,0.0,0.0,0.0,0.0,0.005,0.0,0.0,0.01,0.005,0.735,0.0,0.0,0.0,0.045,0.0,0.0,0.01
52,52,,0.01,0.0,0.0,0.0,0.0,0.005,0.0,0.0,0.14,0.0,0.0,0.0,0.0,0.0,0.0,0.0,0.0,0.01,0.015,0.095,0.01,0.0,0.005,0.0,0.0,0.0,0.0,0.025,0.005,0.0,0.03,0.005,0.0,0.005,0.0,0.015,0.0,0.0,0.0,0.0,0.0,0.005,0.01,0.01,0.0,0.0,0.0,0.005,0.005,0.0,0.0,0.0,0.585,0.0,0.0,0.0,0.005,0.0,0.0,0.0
53,53,,0.0,0.0,0.005,0.005,0.0,0.0,0.005,0.0,0.0,0.0,0.0,0.0,0.0,0.0,0.01,0.0,0.0,0.0,0.0,0.0,0.0,0.0,0.0,0.035,0.0,0.0,0.0,0.0,0.0,0.0,0.0,0.0,0.005,0.0,0.005,0.0,0.3,0.0,0.0,0.01,0.0,0.0,0.0,0.0,0.0,0.005,0.01,0.0,0.0,0.0,0.005,0.0,0.0,0.56,0.0,0.0,0.04,0.0,0.0,0.0
53,36,,0.0,0.01,0.035,0.005,0.0,0.0,0.01,0.01,0.0,0.0,0.0,0.0,0.0,0.0,0.015,0.01,0.0,0.0,0.0,0.0,0.0,0.0,0.0,0.04,0.0,0.0,0.0,0.0,0.005,0.0,0.0,0.0,0.01,0.0,0.015,0.0,0.35,0.0,0.005,0.03,0.005,0.0,0.0,0.0,0.0,0.0,0.0,0.0,0.0,0.0,0.0,0.0,0.0,0.235,0.025,0.01,0.175,0.0,0.0,0.0
53,36,,0.0,0.0,0.005,0.005,0.0,0.0,0.01,0.01,0.0,0.0,0.0,0.0,0.0,0.0,0.035,0.0,0.0,0.0,0.0,0.0,0.0,0.0,0.0,0.05,0.0,0.0,0.0,0.0,0.0,0.0,0.0,0.0,0.01,0.0,0.02,0.0,0.41,0.0,0.0,0.015,0.005,0.0,0.0,0.0,0.0,0.0,0.0,0.0,0.0,0.0,0.0,0.0,0.0,0.33,0.01,0.005,0.08,0.0,0.0,0.0
53,53,,0.0,0.0,0.025,0.01,0.0,0.0,0.0,0.005,0.0,0.0,0.0,0.0,0.0,0.0,0.01,0.0,0.0,0.0,0.0,0.0,0.0,0.0,0.0,0.12,0.0,0.0,0.0,0.0,0.0,0.0,0.0,0.0,0.015,0.0,0.03,0.0,0.11,0.0,0.0,0.135,0.005,0.0,0.0,0.0,0.0,0.005,0.0,0.0,0.0,0.0,0.0,0.0,0.0,0.47,0.02,0.005,0.035,0.0,0.0,0.0
53,53,,0.0,0.03,0.07,0.005,0.0,0.0,0.005,0.01,0.0,0.015,0.0,0.0,0.0,0.0,0.01,0.01,0.0,0.0,0.0,0.0,0.0,0.0,0.0,0.025,0.0,0.0,0.0,0.0,0.025,0.0,0.0,0.0,0.0,0.0,0.085,0.0,0.02,0.0,0.065,0.095,0.0,0.0,0.005,0.0,0.0,0.01,0.035,0.0,0.0,0.0,0.0,0.0,0.0,0.28,0.085,0.005,0.11,0.0,0.0,0.0
53,53,,0.0,0.01,0.005,0.0,0.0,0.0,0.0,0.0,0.0,0.0,0.0,0.0,0.0,0.0,0.005,0.0,0.0,0.0,0.0,0.0,0.0,0.0,0.0,0.025,0.0,0.0,0.0,0.0,0.005,0.0,0.0,0.0,0.0,0.0,0.0,0.0,0.015,0.0,0.03,0.05,0.005,0.0,0.0,0.0,0.0,0.005,0.01,0.0,0.0,0.0,0.0,0.0,0.0,0.805,0.01,0.0,0.02,0.0,0.0,0.0
53,53,,0.0,0.0,0.01,0.0,0.0,0.0,0.0,0.0,0.0,0.0,0.0,0.0,0.0,0.0,0.005,0.0,0.0,0.0,0.0,0.0,0.0,0.0,0.0,0.015,0.0,0.0,0.0,0.0,0.0,0.0,0.0,0.0,0.005,0.0,0.01,0.0,0.015,0.0,0.0,0.075,0.0,0.0,0.0,0.0,0.0,0.0,0.01,0.0,0.0,0.0,0.0,0.0,0.0,0.82,0.01,0.0,0.025,0.0,0.0,0.0
53,36,,0.0,0.0,0.01,0.005,0.0,0.0,0.005,0.005,0.0,0.0,0.0,0.0,0.0,0.0,0.015,0.0,0.0,0.0,0.0,0.0,0.0,0.0,0.0,0.015,0.0,0.0,0.0,0.0,0.0,0.0,0.0,0.0,0.01,0.0,0.02,0.0,0.45,0.0,0.01,0.055,0.005,0.0,0.0,0.0,0.0,0.005,0.02,0.0,0.0,0.0,0.005,0.0,0.0,0.205,0.02,0.005,0.135,0.0,0.0,0.0
53,53,,0.0,0.0,0.01,0.0,0.0,0.0,0.0,0.015,0.0,0.005,0.0,0.0,0.005,0.0,0.005,0.005,0.0,0.0,0.0,0.0,0.0,0.0,0.0,0.03,0.0,0.0,0.0,0.0,0.0,0.0,0.0,0.0,0.005,0.0,0.01,0.0,0.01,0.0,0.0,0.11,0.0,0.0,0.0,0.0,0.0,0.005,0.01,0.0,0.0,0.0,0.0,0.0,0.0,0.74,0.015,0.0,0.02,0.0,0.0,0.0
53,53,,0.0,0.0,0.02,0.0,0.0,0.0,0.005,0.02,0.0,0.005,0.0,0.0,0.0,0.0,0.0,0.005,0.0,0.0,0.0,0.0,0.0,0.0,0.0,0.065,0.0,0.0,0.0,0.0,0.005,0.0,0.0,0.0,0.005,0.0,0.005,0.0,0.04,0.0,0.0,0.105,0.0,0.0,0.0,0.0,0.0,0.0,0.0,0.0,0.0,0.0,0.0,0.0,0.0,0.705,0.005,0.0,0.01,0.0,0.0,0.0
54,46,,0.0,0.14,0.01,0.015,0.0,0.0,0.0,0.0,0.0,0.015,0.0,0.0,0.0,0.0,0.09,0.0,0.0,0.0,0.0,0.0,0.0,0.0,0.0,0.0,0.0,0.0,0.0,0.0,0.005,0.0,0.0,0.0,0.0,0.0,0.02,0.0,0.0,0.0,0.03,0.0,0.0,0.0,0.0,0.0,0.0,0.125,0.255,0.0,0.0,0.0,0.0,0.0,0.0,0.005,0.185,0.0,0.105,0.0,0.0,0.0
54,54,,0.0,0.055,0.01,0.015,0.0,0.0,0.0,0.0,0.0,0.01,0.0,0.0,0.0,0.0,0.06,0.0,0.0,0.0,0.0,0.0,0.0,0.0,0.01,0.02,0.0,0.0,0.0,0.0,0.005,0.0,0.0,0.0,0.0,0.0,0.005,0.0,0.0,0.0,0.02,0.005,0.0,0.0,0.0,0.0,0.0,0.035,0.27,0.0,0.0,0.0,0.0,0.0,0.0,0.005,0.305,0.0,0.17,0.0,0.0,0.0
54,54,,0.0,0.005,0.18,0.005,0.005,0.0,0.01,0.02,0.0,0.005,0.0,0.0,0.01,0.0,0.01,0.015,0.0,0.0,0.0,0.0,0.0,0.0,0.0,0.0,0.0,0.0,0.0,0.0,0.045,0.005,0.0,0.0,0.01,0.0,0.13,0.0,0.025,0.0,0.0,0.01,0.01,0.0,0.005,0.0,0.0,0.0,0.045,0.0,0.0,0.0,0.02,0.0,0.01,0.01,0.39,0.005,0.01,0.0,0.0,0.005
54,46,,0.005,0.13,0.015,0.0,0.0,0.0,0.005,0.0,0.0,0.015,0.0,0.0,0.0,0.0,0.02,0.005,0.005,0.0,0.0,0.0,0.0,0.0,0.0,0.0,0.0,0.0,0.0,0.0,0.0,0.0,0.0,0.0,0.0,0.0,0.02,0.0,0.005,0.0,0.02,0.0,0.0,0.0,0.0,0.0,0.0,0.01,0.42,0.0,0.0,0.0,0.0,0.0,0.0,0.0,0.255,0.0,0.07,0.0,0.0,0.0
54,54,,0.0,0.005,0.155,0.01,0.0,0.0,0.0,0.0,0.0,0.03,0.0,0.0,0.005,0.0,0.015,0.005,0.0,0.0,0.0,0.0,0.0,0.0,0.0,0.0,0.0,0.0,0.0,0.0,0.03,0.0,0.0,0.0,0.015,0.0,0.14,0.0,0.02,0.0,0.025,0.07,0.0,0.0,0.0,0.0,0.0,0.0,0.165,0.0,0.0,0.0,0.0,0.005,0.0,0.025,0.255,0.01,0.015,0.0,0.0,0.0
54,54,,0.0,0.025,0.045,0.0,0.0,0.0,0.0,0.0,0.0,0.02,0.0,0.0,0.01,0.0,0.025,0.005,0.0,0.0,0.0,0.0,0.0,0.0,0.0,0.005,0.0,0.0,0.0,0.0,0.02,0.0,0.0,0.0,0.005,0.0,0.11,0.0,0.035,0.0,0.015,0.04,0.0,0.0,0.0,0.0,0.0,0.0,0.13,0.0,0.0,0.0,0.005,0.005,0.0,0.01,0.455,0.005,0.03,0.0,0.0,0.0
54,46,,0.0,0.22,0.005,0.0,0.0,0.0,0.005,0.0,0.0,0.05,0.0,0.0,0.0,0.0,0.01,0.0,0.0,0.0,0.0,0.0,0.0,0.0,0.0,0.0,0.0,0.0,0.0,0.0,0.0,0.0,0.0,0.0,0.0,0.0,0.02,0.0,0.0,0.0,0.195,0.005,0.0,0.0,0.0,0.0,0.0,0.01,0.365,0.0,0.0,0.0,0.0,0.0,0.0,0.005,0.05,0.0,0.06,0.0,0.0,0.0
54,54,,0.0,0.03,0.13,0.015,0.0,0.0,0.0,0.0,0.0,0.03,0.0,0.005,0.0,0.0,0.02,0.005,0.0,0.0,0.0,0.0,0.0,0.0,0.0,0.0,0.0,0.0,0.0,0.0,0.02,0.0,0.0,0.0,0.015,0.0,0.18,0.0,0.01,0.0,0.0,0.03,0.005,0.0,0.0,0.0,0.0,0.01,0.095,0.0,0.0,0.0,0.0,0.01,0.0,0.005,0.365,0.005,0.015,0.0,0.0,0.0
54,54,,0.0,0.01,0.025,0.025,0.0,0.0,0.0,0.0,0.0,0.005,0.0,0.0,0.0,0.0,0.045,0.0,0.0,0.0,0.0,0.0,0.0,0.0,0.0,0.01,0.0,0.0,0.0,0.0,0.0,0.0,0.0,0.0,0.0,0.0,0.0,0.0,0.0,0.0,0.0,0.025,0.0,0.0,0.0,0.0,0.0,0.035,0.07,0.0,0.0,0.0,0.0,0.0,0.005,0.005,0.725,0.0,0.015,0.0,0.0,0.0
54,54,,0.0,0.0,0.245,0.0,0.0,0.0,0.005,0.005,0.0,0.005,0.0,0.0,0.005,0.0,0.005,0.015,0.0,0.0,0.0,0.0,0.0,0.015,0.0,0.01,0.0,0.0,0.0,0.0,0.015,0.0,0.0,0.0,0.025,0.0,0.08,0.0,0.055,0.0,0.0,0.005,0.005,0.0,0.0,0.0,0.0,0.005,0.04,0.0,0.0,0.0,0.025,0.005,0.005,0.005,0.4,0.01,0.01,0.0,0.0,0.0
55,55,,0.01,0.0,0.005,0.0,0.015,0.0,0.01,0.0,0.0,0.0,0.005,0.005,0.0,0.005,0.0,0.02,0.02,0.0,0.0,0.0,0.0,0.005,0.06,0.02,0.0,0.005,0.0,0.0,0.01,0.0,0.0,0.005,0.025,0.0,0.01,0.005,0.05,0.0,0.005,0.0,0.01,0.0,0.005,0.0,0.0,0.0,0.005,0.0,0.0,0.0,0.005,0.0,0.015,0.005,0.005,0.6,0.015,0.0,0.01,0.03
55,55,,0.0,0.0,0.0,0.0,0.0,0.0,0.0,0.01,0.0,0.0,0.0,0.0,0.0,0.005,0.0,0.02,0.02,0.0,0.0,0.005,0.0,0.0,0.005,0.005,0.0,0.005,0.0,0.0,0.04,0.0,0.0,0.0,0.01,0.0,0.01,0.0,0.015,0.0,0.0,0.0,0.005,0.0,0.0,0.005,0.0,0.0,0.0,0.005,0.0,0.0,0.01,0.005,0.0,0.0,0.01,0.765,0.005,0.0,0.01,0.03
55,55,,0.0,0.0,0.085,0.0,0.0,0.0,0.0,0.005,0.0,0.0,0.005,0.01,0.085,0.0,0.005,0.0,0.01,0.0,0.0,0.0,0.0,0.02,0.015,0.0,0.0,0.0,0.0,0.0,0.08,0.0,0.0,0.0,0.065,0.01,0.04,0.0,0.02,0.0,0.0,0.0,0.01,0.0,0.01,0.025,0.0,0.0,0.0,0.0,0.005,0.005,0.06,0.005,0.005,0.0,0.03,0.33,0.005,0.0,0.01,0.045
55,55,,0.0,0.0,0.0,0.0,0.005,0.01,0.0,0.0,0.0,0.0,0.015,0.0,0.0,0.015,0.0,0.0,0.005,0.025,0.005,0.0,0.005,0.05,0.005,0.0,0.0,0.015,0.02,0.0,0.125,0.015,0.0,0.0,0.075,0.01,0.0,0.01,0.0,0.0,0.0,0.0,0.035,0.0,0.035,0.035,0.0,0.0,0.0,0.01,0.025,0.01,0.12,0.0,0.015,0.0,0.0,0.17,0.005,0.0,0.01,0.12
55,50,,0.01,0.0,0.04,0.0,0.005,0.0,0.0,0.0,0.0,0.0,0.01,0.005,0.01,0.0,0.005,0.0,0.0,0.01,0.0,0.0,0.0,0.095,0.01,0.005,0.01,0.005,0.0,0.005,0.02,0.0,0.005,0.0,0.1,0.01,0.01,0.025,0.035,0.0,0.0,0.005,0.155,0.005,0.01,0.02,0.005,0.0,0.02,0.005,0.0,0.01,0.24,0.005,0.01,0.0,0.015,0.03,0.0,0.0,0.015,0.02
55,55,,0.015,0.0,0.03,0.0,0.015,0.005,0.005,0.0,0.0,0.0,0.0,0.02,0.06,0.005,0.015,0.02,0.02,0.0,0.0,0.0,0.0,0.005,0.01,0.01,0.0,0.005,0.005,0.005,0.085,0.005,0.0,0.005,0.035,0.0,0.035,0.005,0.02,0.0,0.005,0.005,0.01,0.0,0.04,0.01,0.005,0.0,0.015,0.0,0.0,0.0,0.055,0.005,0.02,0.005,0.005,0.345,0.02,0.0,0.0,0.015
55,55,,0.0,0.0,0.005,0.0,0.02,0.02,0.0,0.0,0.0,0.0,0.005,0.0,0.01,0.005,0.0,0.0,0.005,0.015,0.0,0.0,0.0,0.055,0.01,0.0,0.005,0.0,0.01,0.0,0.09,0.01,0.0,0.0,0.105,0.015,0.0,0.02,0.0,0.0,0.0,0.0,0.04,0.0,0.045,0.025,0.0,0.0,0.0,0.0,0.0,0.0,0.135,0.0,0.01,0.0,0.005,0.215,0.005,0.0,0.01,0.105
55,55,,0.0,0.0,0.0,0.0,0.0,0.0,0.0,0.01,0.0,0.005,0.0,0.0,0.0,0.0,0.0,0.065,0.02,0.005,0.0,0.005,0.0,0.0,0.025,0.005,0.0,0.0,0.0,0.0,0.03,0.0,0.0,0.0,0.015,0.0,0.01,0.0,0.005,0.0,0.0,0.0,0.0,0.0,0.01,0.005,0.0,0.0,0.0,0.0,0.0,0.0,0.01,0.0,0.005,0.0,0.005,0.725,0.0,0.0,0.0,0.04
55,55,,0.01,0.0,0.0,0.0,0.02,0.0,0.0,0.01,0.0,0.0,0.01,0.0,0.0,0.005,0.0,0.005,0.0,0.0,0.005,0.0,0.0,0.0,0.025,0.0,0.0,0.01,0.0,0.0,0.01,0.0,0.0,0.01,0.02,0.0,0.005,0.02,0.005,0.0,0.0,0.0,0.005,0.0,0.015,0.01,0.005,0.0,0.005,0.0,0.0,0.0,0.0,0.0,0.0,0.0,0.0,0.76,0.0,0.0,0.0,0.03
55,55,,0.005,0.005,0.01,0.0,0.0,0.0,0.005,0.0,0.005,0.0,0.02,0.0,0.0,0.015,0.0,0.015,0.0,0.0,0.01,0.005,0.0,0.0,0.01,0.0,0.0,0.01,0.005,0.005,0.015,0.005,0.0,0.0,0.015,0.0,0.005,0.0,0.01,0.0,0.005,0.0,0.005,0.0,0.0,0.005,0.0,0.005,0.0,0.01,0.01,0.0,0.015,0.0,0.015,0.0,0.005,0.575,0.005,0.0,0.005,0.165
56,56,,0.0,0.005,0.02,0.0,0.0,0.0,0.005,0.0,0.0,0.0,0.0,0.0,0.0,0.0,0.025,0.01,0.0,0.0,0.0,0.0,0.0,0.0,0.0,0.015,0.0,0.0,0.0,0.0,0.0,0.0,0.0,0.0,0.0,0.0,0.005,0.0,0.155,0.0,0.07,0.085,0.0,0.0,0.0,0.0,0.0,0.005,0.055,0.0,0.0,0.0,0.005,0.0,0.0,0.105,0.025,0.0,0.41,0.0,0.0,0.0
56,56,,0.005,0.095,0.005,0.045,0.0,0.0,0.0,0.0,0.0,0.02,0.0,0.0,0.0,0.0,0.125,0.0,0.0,0.0,0.0,0.0,0.0,0.0,0.0,0.005,0.0,0.0,0.0,0.0,0.005,0.0,0.0,0.0,0.0,0.0,0.02,0.0,0.0,0.0,0.005,0.005,0.0,0.0,0.0,0.0,0.0,0.095,0.085,0.0,0.0,0.0,0.0,0.005,0.01,0.0,0.04,0.0,0.43,0.0,0.0,0.0
56,56,,0.0,0.045,0.015,0.015,0.0,0.0,0.0,0.0,0.0,0.005,0.0,0.0,0.0,0.0,0.07,0.0,0.0,0.0,0.0,0.0,0.0,0.0,0.005,0.0,0.0,0.0,0.0,0.0,0.02,0.0,0.0,0.0,0.0,0.0,0.005,0.0,0.01,0.0,0.02,0.015,0.0,0.0,0.0,0.0,0.0,0.04,0.215,0.0,0.0,0.0,0.0,0.0,0.0,0.01,0.135,0.0,0.375,0.0,0.0,0.0
56,56,,0.0,0.02,0.0,0.015,0.0,0.0,0.0,0.0,0.0,0.0,0.0,0.0,0.0,0.0,0.04,0.0,0.0,0.0,0.0,0.0,0.0,0.0,0.0,0.015,0.0,0.0,0.0,0.0,0.0,0.0,0.0,0.0,0.005,0.0,0.005,0.0,0.025,0.0,0.005,0.0,0.0,0.0,0.0,0.0,0.0,0.015,0.015,0.0,0.0,0.0,0.0,0.0,0.005,0.005,0.01,0.0,0.82,0.0,0.0,0.0
56,56,,0.0,0.015,0.0,0.03,0.0,0.0,0.005,0.0,0.0,0.01,0.0,0.0,0.0,0.005,0.075,0.015,0.005,0.0,0.0,0.0,0.0,0.0,0.0,0.025,0.0,0.0,0.0,0.0,0.01,0.0,0.0,0.0,0.0,0.0,0.015,0.0,0.045,0.0,0.015,0.03,0.0,0.0,0.0,0.0,0.0,0.02,0.025,0.0,0.0,0.0,0.0,0.0,0.0,0.005,0.05,0.01,0.59,0.0,0.0,0.0
56,56,,0.0,0.02,0.0,0.005,0.0,0.0,0.0,0.0,0.0,0.0,0.0,0.0,0.0,0.0,0.01,0.0,0.0,0.0,0.0,0.0,0.0,0.0,0.0,0.005,0.0,0.0,0.0,0.0,0.005,0.0,0.0,0.0,0.0,0.0,0.005,0.0,0.06,0.0,0.02,0.01,0.0,0.0,0.0,0.0,0.0,0.005,0.015,0.0,0.0,0.0,0.0,0.0,0.005,0.01,0.035,0.0,0.79,0.0,0.0,0.0
56,56,,0.0,0.005,0.005,0.005,0.0,0.0,0.0,0.0,0.0,0.0,0.0,0.0,0.0,0.0,0.03,0.0,0.0,0.0,0.0,0.0,0.0,0.0,0.0,0.005,0.0,0.0,0.0,0.0,0.0,0.0,0.0,0.0,0.0,0.0,0.005,0.0,0.02,0.0,0.015,0.0,0.0,0.0,0.0,0.0,0.0,0.01,0.02,0.0,0.0,0.0,0.0,0.0,0.0,0.005,0.025,0.0,0.85,0.0,0.0,0.0
56,56,,0.005,0.02,0.005,0.01,0.0,0.0,0.015,0.08,0.0,0.005,0.0,0.0,0.0,0.0,0.03,0.005,0.005,0.0,0.0,0.0,0.0,0.0,0.0,0.075,0.0,0.0,0.0,0.0,0.0,0.0,0.0,0.005,0.04,0.0,0.01,0.0,0.195,0.0,0.005,0.01,0.0,0.0,0.0,0.0,0.0,0.0,0.005,0.0,0.0,0.0,0.005,0.005,0.02,0.02,0.005,0.005,0.415,0.0,0.0,0.0
56,56,,0.005,0.015,0.015,0.0,0.0,0.0,0.015,0.075,0.0,0.01,0.0,0.0,0.0,0.005,0.04,0.005,0.0,0.0,0.0,0.0,0.0,0.0,0.0,0.085,0.0,0.0,0.0,0.0,0.0,0.0,0.0,0.0,0.04,0.0,0.005,0.0,0.23,0.0,0.0,0.015,0.0,0.0,0.0,0.0,0.0,0.0,0.01,0.0,0.0,0.0,0.005,0.01,0.0,0.02,0.005,0.005,0.385,0.0,0.0,0.0
56,56,,0.0,0.015,0.005,0.02,0.0,0.0,0.005,0.005,0.0,0.005,0.0,0.0,0.0,0.0,0.03,0.005,0.0,0.0,0.0,0.0,0.0,0.0,0.0,0.015,0.0,0.0,0.0,0.0,0.01,0.0,0.0,0.0,0.005,0.0,0.015,0.0,0.065,0.0,0.045,0.04,0.0,0.0,0.0,0.0,0.0,0.03,0.045,0.0,0.0,0.0,0.0,0.0,0.0,0.03,0.04,0.0,0.57,0.0,0.0,0.0
57,57,,0.0,0.0,0.0,0.0,0.0,0.035,0.0,0.0,0.0,0.0,0.0,0.0,0.0,0.0,0.0,0.0,0.0,0.0,0.03,0.0,0.01,0.0,0.0,0.0,0.095,0.0,0.0,0.0,0.0,0.0,0.01,0.0,0.0,0.005,0.0,0.0,0.0,0.025,0.0,0.0,0.0,0.0,0.0,0.0,0.0,0.0,0.0,0.0,0.0,0.0,0.0,0.005,0.0,0.0,0.0,0.0,0.0,0.785,0.0,0.0
57,57,,0.0,0.0,0.0,0.0,0.0,0.04,0.0,0.0,0.0,0.0,0.0,0.0,0.0,0.005,0.0,0.0,0.005,0.01,0.02,0.0,0.0,0.0,0.0,0.0,0.315,0.01,0.0,0.0,0.0,0.005,0.0,0.005,0.015,0.0,0.0,0.01,0.005,0.025,0.0,0.0,0.005,0.0,0.0,0.0,0.01,0.0,0.0,0.075,0.0,0.01,0.0,0.0,0.0,0.0,0.0,0.0,0.0,0.43,0.0,0.0
57,57,,0.0,0.0,0.0,0.0,0.0,0.02,0.0,0.0,0.0,0.0,0.0,0.0,0.0,0.0,0.0,0.0,0.01,0.0,0.025,0.0,0.0,0.0,0.0,0.0,0.23,0.01,0.0,0.0,0.0,0.01,0.0,0.0,0.01,0.01,0.0,0.01,0.0,0.015,0.0,0.0,0.0,0.0,0.01,0.015,0.01,0.0,0.0,0.0,0.0,0.01,0.02,0.0,0.0,0.0,0.0,0.0,0.0,0.58,0.005,0.0
57,57,,0.015,0.0,0.0,0.0,0.025,0.065,0.0,0.0,0.0,0.0,0.01,0.0,0.0,0.02,0.0,0.0,0.005,0.025,0.12,0.005,0.025,0.0,0.0,0.0,0.07,0.005,0.0,0.005,0.005,0.045,0.05,0.0,0.02,0.06,0.0,0.065,0.005,0.035,0.0,0.0,0.0,0.01,0.005,0.005,0.0,0.0,0.0,0.045,0.0,0.01,0.02,0.0,0.0,0.0,0.0,0.0,0.0,0.225,0.0,0.0
57,57,,0.0,0.0,0.0,0.0,0.0,0.115,0.0,0.0,0.005,0.0,0.0,0.0,0.0,0.0,0.0,0.0,0.0,0.005,0.005,0.0,0.005,0.0,0.0,0.0,0.045,0.0,0.0,0.0,0.0,0.005,0.0,0.0,0.005,0.005,0.0,0.005,0.005,0.025,0.0,0.0,0.0,0.0,0.0,0.0,0.0,0.0,0.0,0.01,0.0,0.005,0.0,0.0,0.0,0.0,0.0,0.0,0.0,0.755,0.0,0.0
57,24,,0.005,0.0,0.0,0.0,0.065,0.005,0.0,0.0,0.0,0.0,0.0,0.005,0.0,0.085,0.0,0.0,0.025,0.015,0.08,0.0,0.0,0.0,0.0,0.0,0.14,0.015,0.0,0.0,0.0,0.03,0.015,0.01,0.025,0.09,0.0,0.03,0.005,0.0,0.0,0.0,0.0,0.0,0.075,0.015,0.01,0.0,0.0,0.075,0.005,0.03,0.02,0.005,0.0,0.0,0.0,0.005,0.0,0.115,0.0,0.0
57,57,,0.005,0.0,0.0,0.0,0.0,0.065,0.0,0.0,0.0,0.0,0.0,0.0,0.0,0.0,0.0,0.0,0.0,0.005,0.005,0.0,0.0,0.0,0.0,0.0,0.02,0.0,0.0,0.0,0.0,0.005,0.0,0.0,0.005,0.005,0.0,0.0,0.0,0.04,0.0,0.0,0.0,0.0,0.0,0.0,0.0,0.0,0.0,0.01,0.0,0.0,0.0,0.0,0.0,0.0,0.0,0.0,0.0,0.835,0.0,0.0
57,24,,0.005,0.0,0.0,0.0,0.025,0.01,0.0,0.0,0.0,0.0,0.0,0.0,0.0,0.015,0.0,0.0,0.005,0.0,0.015,0.0,0.005,0.0,0.0,0.0,0.46,0.0,0.0,0.0,0.0,0.0,0.015,0.0,0.0,0.015,0.0,0.02,0.005,0.005,0.0,0.0,0.005,0.0,0.01,0.0,0.0,0.0,0.0,0.015,0.0,0.0,0.0,0.0,0.0,0.0,0.0,0.0,0.0,0.37,0.0,0.0
57,57,,0.0,0.0,0.0,0.0,0.005,0.015,0.0,0.0,0.0,0.0,0.0,0.0,0.0,0.0,0.0,0.0,0.01,0.0,0.01,0.01,0.0,0.0,0.0,0.0,0.1,0.0,0.0,0.0,0.0,0.0,0.015,0.0,0.0,0.0,0.0,0.0,0.0,0.005,0.0,0.0,0.0,0.005,0.0,0.005,0.0,0.0,0.0,0.0,0.0,0.005,0.005,0.0,0.0,0.0,0.0,0.0,0.0,0.81,0.0,0.0
57,57,,0.015,0.0,0.0,0.0,0.04,0.035,0.0,0.0,0.0,0.0,0.0,0.0,0.0,0.0,0.0,0.0,0.04,0.0,0.055,0.0,0.0,0.0,0.0,0.0,0.17,0.005,0.005,0.005,0.0,0.0,0.005,0.005,0.015,0.05,0.0,0.025,0.005,0.01,0.0,0.0,0.005,0.005,0.02,0.0,0.04,0.0,0.0,0.04,0.0,0.02,0.02,0.0,0.0,0.0,0.0,0.0,0.0,0.36,0.0,0.005
58,58,,0.0,0.0,0.025,0.0,0.005,0.005,0.0,0.005,0.0,0.0,0.015,0.005,0.005,0.0,0.0,0.005,0.0,0.0,0.0,0.0,0.0,0.01,0.0,0.005,0.0,0.0,0.0,0.0,0.065,0.01,0.0,0.0,0.055,0.005,0.01,0.01,0.015,0.0,0.0,0.0,0.03,0.005,0.01,0.02,0.0,0.0,0.025,0.0,0.005,0.0,0.115,0.015,0.0,0.0,0.015,0.015,0.005,0.0,0.425,0.06
58,10,,0.01,0.0,0.0,0.0,0.005,0.0,0.0,0.0,0.0,0.0,0.395,0.01,0.0,0.01,0.0,0.0,0.005,0.005,0.025,0.0,0.0,0.0,0.02,0.0,0.005,0.015,0.0,0.01,0.025,0.045,0.0,0.015,0.01,0.005,0.0,0.025,0.0,0.0,0.0,0.0,0.005,0.0,0.02,0.07,0.005,0.0,0.0,0.01,0.06,0.01,0.005,0.0,0.01,0.0,0.0,0.0,0.0,0.0,0.01,0.155
58,58,,0.0,0.0,0.0,0.0,0.0,0.0,0.0,0.0,0.0,0.0,0.02,0.0,0.0,0.0,0.0,0.0,0.005,0.0,0.0,0.0,0.005,0.0,0.0,0.0,0.0,0.0,0.005,0.0,0.0,0.0,0.0,0.0,0.005,0.0,0.0,0.02,0.0,0.0,0.0,0.0,0.015,0.005,0.0,0.005,0.0,0.0,0.005,0.0,0.0,0.0,0.02,0.005,0.0,0.0,0.0,0.0,0.0,0.0,0.855,0.03
58,58,,0.0,0.0,0.0,0.0,0.0,0.005,0.0,0.0,0.0,0.0,0.015,0.005,0.0,0.0,0.0,0.0,0.0,0.005,0.0,0.0,0.0,0.0,0.005,0.0,0.0,0.0,0.005,0.005,0.015,0.025,0.0,0.0,0.035,0.0,0.0,0.0,0.0,0.0,0.0,0.0,0.02,0.005,0.005,0.0,0.0,0.0,0.0,0.0,0.0,0.005,0.03,0.0,0.0,0.0,0.005,0.015,0.0,0.0,0.765,0.03
58,58,,0.0,0.0,0.0,0.0,0.0,0.005,0.0,0.0,0.0,0.0,0.02,0.005,0.0,0.005,0.0,0.005,0.0,0.005,0.0,0.0,0.0,0.0,0.005,0.0,0.0,0.0,0.01,0.0,0.03,0.015,0.0,0.0,0.005,0.0,0.0,0.015,0.0,0.0,0.0,0.0,0.005,0.0,0.0,0.01,0.005,0.0,0.0,0.0,0.005,0.005,0.03,0.0,0.0,0.0,0.0,0.005,0.0,0.0,0.75,0.06
58,58,,0.0,0.0,0.005,0.0,0.0,0.0,0.0,0.0,0.0,0.0,0.015,0.0,0.0,0.0,0.0,0.0,0.0,0.0,0.0,0.0,0.0,0.0,0.0,0.0,0.0,0.005,0.0,0.0,0.0,0.0,0.0,0.0,0.01,0.0,0.0,0.0,0.0,0.0,0.0,0.0,0.01,0.0,0.0,0.005,0.0,0.0,0.0,0.0,0.0,0.0,0.01,0.0,0.0,0.0,0.0,0.0,0.0,0.0,0.92,0.02
58,58,,0.0,0.0,0.01,0.0,0.0,0.01,0.0,0.0,0.0,0.0,0.015,0.0,0.0,0.0,0.0,0.0,0.0,0.0,0.0,0.0,0.0,0.005,0.0,0.0,0.0,0.0,0.0,0.0,0.015,0.0,0.0,0.0,0.01,0.0,0.01,0.0,0.0,0.0,0.0,0.0,0.035,0.0,0.0,0.005,0.0,0.0,0.01,0.0,0.0,0.0,0.045,0.005,0.0,0.0,0.005,0.01,0.005,0.0,0.76,0.045
58,58,,0.0,0.0,0.0,0.0,0.0,0.0,0.0,0.0,0.0,0.0,0.0,0.0,0.0,0.0,0.0,0.0,0.0,0.0,0.0,0.0,0.0,0.0,0.0,0.0,0.0,0.0,0.0,0.0,0.005,0.0,0.0,0.0,0.0,0.0,0.0,0.0,0.0,0.0,0.0,0.0,0.0,0.0,0.0,0.0,0.0,0.0,0.0,0.0,0.0,0.0,0.005,0.0,0.0,0.0,0.0,0.0,0.0,0.0,0.97,0.02
58,58,,0.0,0.0,0.01,0.0,0.0,0.01,0.0,0.0,0.0,0.0,0.06,0.0,0.0,0.0,0.0,0.0,0.0,0.005,0.0,0.0,0.0,0.0,0.0,0.0,0.0,0.0,0.005,0.005,0.03,0.005,0.0,0.0,0.025,0.005,0.0,0.025,0.0,0.0,0.0,0.0,0.045,0.02,0.0,0.02,0.0,0.0,0.01,0.0,0.005,0.0,0.14,0.01,0.005,0.0,0.005,0.0,0.005,0.0,0.5,0.05
58,58,,0.0,0.0,0.0,0.0,0.0,0.0,0.0,0.0,0.0,0.0,0.045,0.0,0.0,0.0,0.0,0.0,0.0,0.01,0.005,0.0,0.005,0.0,0.0,0.0,0.0,0.0,0.005,0.0,0.01,0.005,0.0,0.0,0.005,0.0,0.0,0.02,0.0,0.0,0.0,0.0,0.0,0.0,0.0,0.02,0.0,0.0,0.0,0.0,0.005,0.0,0.035,0.01,0.0,0.0,0.0,0.0,0.0,0.0,0.77,0.05
59,59,,0.005,0.0,0.0,0.0,0.015,0.015,0.0,0.0,0.0,0.0,0.175,0.005,0.0,0.005,0.0,0.005,0.0,0.025,0.04,0.02,0.005,0.0,0.045,0.0,0.0,0.025,0.005,0.02,0.015,0.005,0.0,0.005,0.005,0.005,0.0,0.015,0.0,0.005,0.0,0.0,0.0,0.0,0.02,0.035,0.0,0.0,0.0,0.01,0.08,0.005,0.015,0.0,0.025,0.0,0.0,0.015,0.0,0.0,0.02,0.31
59,59,,0.01,0.0,0.0,0.0,0.0,0.02,0.0,0.0,0.01,0.0,0.04,0.005,0.0,0.005,0.0,0.0,0.0,0.01,0.01,0.055,0.005,0.0,0.0,0.005,0.0,0.035,0.005,0.03,0.1,0.035,0.0,0.0,0.015,0.0,0.005,0.03,0.005,0.005,0.0,0.0,0.0,0.005,0.02,0.035,0.0,0.0,0.0,0.015,0.04,0.005,0.02,0.0,0.015,0.0,0.0,0.045,0.0,0.0,0.015,0.345
59,59,,0.005,0.0,0.0,0.0,0.0,0.02,0.0,0.0,0.005,0.0,0.14,0.005,0.0,0.0,0.0,0.0,0.0,0.035,0.02,0.035,0.005,0.005,0.075,0.0,0.0,0.02,0.0,0.01,0.035,0.02,0.0,0.0,0.0,0.015,0.0,0.01,0.0,0.005,0.0,0.0,0.0,0.0,0.005,0.05,0.0,0.0,0.0,0.02,0.02,0.01,0.0,0.0,0.02,0.0,0.0,0.0,0.0,0.005,0.0,0.405
59,59,,0.005,0.0,0.0,0.0,0.0,0.005,0.0,0.0,0.005,0.0,0.07,0.005,0.0,0.0,0.0,0.0,0.0,0.005,0.0,0.015,0.0,0.005,0.005,0.0,0.0,0.01,0.0,0.03,0.035,0.005,0.0,0.005,0.0,0.0,0.005,0.015,0.0,0.015,0.0,0.0,0.005,0.0,0.015,0.035,0.0,0.0,0.0,0.015,0.015,0.0,0.015,0.0,0.0,0.0,0.0,0.035,0.0,0.0,0.0,0.625
59,59,,0.015,0.0,0.0,0.0,0.005,0.005,0.0,0.0,0.005,0.0,0.145,0.0,0.0,0.005,0.0,0.0,0.01,0.025,0.035,0.01,0.0,0.0,0.105,0.0,0.0,0.01,0.005,0.005,0.04,0.0,0.0,0.005,0.015,0.015,0.0,0.0,0.0,0.0,0.0,0.0,0.005,0.0,0.02,0.025,0.0,0.0,0.0,0.0,0.025,0.005,0.005,0.01,0.02,0.0,0.0,0.03,0.01,0.0,0.0,0.385
59,59,,0.005,0.0,0.005,0.0,0.0,0.01,0.0,0.0,0.005,0.0,0.065,0.005,0.0,0.0,0.0,0.0,0.0,0.005,0.01,0.01,0.0,0.005,0.01,0.0,0.0,0.015,0.0,0.01,0.03,0.0,0.0,0.005,0.015,0.0,0.005,0.015,0.0,0.0,0.0,0.0,0.005,0.0,0.0,0.025,0.0,0.0,0.0,0.005,0.01,0.0,0.01,0.0,0.01,0.0,0.0,0.045,0.0,0.0,0.005,0.655
59,59,,0.015,0.0,0.0,0.0,0.0,0.015,0.0,0.0,0.015,0.0,0.08,0.005,0.0,0.01,0.0,0.0,0.0,0.025,0.015,0.06,0.0,0.005,0.05,0.0,0.0,0.005,0.0,0.035,0.04,0.015,0.005,0.005,0.03,0.005,0.005,0.0,0.0,0.0,0.0,0.0,0.0,0.0,0.015,0.045,0.0,0.0,0.0,0.015,0.02,0.005,0.0,0.0,0.02,0.0,0.0,0.025,0.01,0.0,0.0,0.405
59,59,,0.005,0.0,0.0,0.0,0.0,0.005,0.0,0.0,0.0,0.0,0.12,0.005,0.0,0.0,0.0,0.0,0.0,0.02,0.01,0.0,0.0,0.005,0.015,0.0,0.0,0.0,0.015,0.005,0.02,0.005,0.0,0.0,0.015,0.005,0.0,0.02,0.0,0.0,0.0,0.0,0.025,0.0,0.02,0.025,0.005,0.0,0.0,0.0,0.07,0.005,0.03,0.01,0.005,0.0,0.0,0.005,0.0,0.0,0.16,0.37
59,59,,0.0,0.0,0.0,0.0,0.0,0.01,0.0,0.0,0.005,0.0,0.05,0.01,0.0,0.0,0.0,0.0,0.0,0.035,0.015,0.0,0.02,0.0,0.0,0.0,0.0,0.035,0.0,0.005,0.01,0.005,0.005,0.015,0.005,0.005,0.0,0.06,0.0,0.015,0.0,0.0,0.0,0.005,0.005,0.085,0.0,0.0,0.0,0.0,0.055,0.0,0.01,0.005,0.0,0.0,0.0,0.0,0.0,0.0,0.005,0.525
59,59,,0.0,0.0,0.0,0.0,0.0,0.035,0.0,0.0,0.005,0.0,0.08,0.005,0.0,0.0,0.0,0.0,0.0,0.03,0.01,0.005,0.005,0.0,0.01,0.0,0.0,0.015,0.005,0.015,0.03,0.03,0.0,0.0,0.005,0.0,0.0,0.035,0.0,0.005,0.0,0.0,0.0,0.0,0.01,0.07,0.0,0.0,0.0,0.005,0.155,0.005,0.0,0.005,0.0,0.0,0.0,0.015,0.0,0.0,0.005,0.405
