Wafer,rstc,TEST,0,MILLISECONDS,Generated by run_classification_experiment on 08/18/2024, 18:17:03. Encoder dictionary: {'-1': 0, '1': 1}
{'batch_size': 100, 'contract_max_n_shapelet_samples': inf, 'estimator': None, 'max_shapelet_length': None, 'max_shapelets': None, 'n_jobs': 1, 'n_shapelet_samples': 20000, 'random_state': 0, 'shapelet_quality': 'Wasser', 'time_limit_in_minutes': 0, 'transform_limit_in_minutes': 0}
1.0,231960,112287,-1,76324864,2,N/A,-1,-1
1,1,,0.0,1.0
1,1,,0.0,1.0
1,1,,0.0,1.0
1,1,,0.0,1.0
1,1,,0.0,1.0
1,1,,0.0,1.0
0,0,,1.0,0.0
1,1,,0.0,1.0
1,1,,0.0,1.0
1,1,,0.0,1.0
1,1,,0.0,1.0
1,1,,0.0,1.0
1,1,,0.0,1.0
1,1,,0.0,1.0
1,1,,0.0,1.0
1,1,,0.0,1.0
1,1,,0.0,1.0
1,1,,0.0,1.0
1,1,,0.0,1.0
1,1,,0.0,1.0
1,1,,0.0,1.0
1,1,,0.0,1.0
1,1,,0.0,1.0
1,1,,0.0,1.0
1,1,,0.0,1.0
1,1,,0.0,1.0
1,1,,0.0,1.0
1,1,,0.0,1.0
1,1,,0.0,1.0
1,1,,0.0,1.0
1,1,,0.0,1.0
1,1,,0.0,1.0
1,1,,0.0,1.0
1,1,,0.0,1.0
1,1,,0.0,1.0
1,1,,0.0,1.0
1,1,,0.0,1.0
1,1,,0.0,1.0
1,1,,0.0,1.0
1,1,,0.0,1.0
1,1,,0.0,1.0
1,1,,0.0,1.0
1,1,,0.0,1.0
1,1,,0.0,1.0
1,1,,0.0,1.0
1,1,,0.0,1.0
1,1,,0.0,1.0
1,1,,0.0,1.0
1,1,,0.0,1.0
1,1,,0.0,1.0
1,1,,0.0,1.0
1,1,,0.0,1.0
1,1,,0.0,1.0
1,1,,0.0,1.0
1,1,,0.0,1.0
1,1,,0.0,1.0
1,1,,0.0,1.0
1,1,,0.0,1.0
1,1,,0.0,1.0
1,1,,0.0,1.0
0,0,,1.0,0.0
1,1,,0.0,1.0
1,1,,0.0,1.0
1,1,,0.0,1.0
1,1,,0.0,1.0
1,1,,0.0,1.0
1,1,,0.0,1.0
1,1,,0.0,1.0
1,1,,0.0,1.0
1,1,,0.0,1.0
1,1,,0.0,1.0
1,1,,0.0,1.0
1,1,,0.0,1.0
1,1,,0.0,1.0
1,1,,0.0,1.0
0,0,,1.0,0.0
1,1,,0.0,1.0
1,1,,0.0,1.0
1,1,,0.0,1.0
1,1,,0.0,1.0
1,1,,0.0,1.0
1,1,,0.0,1.0
1,1,,0.0,1.0
0,0,,1.0,0.0
1,1,,0.0,1.0
1,1,,0.0,1.0
1,1,,0.0,1.0
1,1,,0.0,1.0
0,0,,1.0,0.0
1,1,,0.0,1.0
1,1,,0.0,1.0
1,1,,0.0,1.0
1,1,,0.0,1.0
1,1,,0.0,1.0
1,1,,0.0,1.0
1,1,,0.0,1.0
1,1,,0.0,1.0
1,1,,0.0,1.0
1,1,,0.0,1.0
1,1,,0.0,1.0
1,1,,0.0,1.0
1,1,,0.0,1.0
1,1,,0.0,1.0
1,1,,0.0,1.0
0,0,,1.0,0.0
1,1,,0.0,1.0
1,1,,0.0,1.0
1,1,,0.0,1.0
1,1,,0.0,1.0
1,1,,0.0,1.0
0,0,,1.0,0.0
1,1,,0.0,1.0
1,1,,0.0,1.0
1,1,,0.0,1.0
1,1,,0.0,1.0
1,1,,0.0,1.0
1,1,,0.0,1.0
1,1,,0.0,1.0
1,1,,0.0,1.0
1,1,,0.0,1.0
1,1,,0.0,1.0
1,1,,0.0,1.0
0,0,,1.0,0.0
1,1,,0.0,1.0
1,1,,0.0,1.0
1,1,,0.0,1.0
1,1,,0.0,1.0
1,1,,0.0,1.0
1,1,,0.0,1.0
1,1,,0.0,1.0
1,1,,0.0,1.0
0,0,,1.0,0.0
1,1,,0.0,1.0
1,1,,0.0,1.0
1,1,,0.0,1.0
0,0,,1.0,0.0
1,1,,0.0,1.0
1,1,,0.0,1.0
1,1,,0.0,1.0
1,1,,0.0,1.0
1,1,,0.0,1.0
1,1,,0.0,1.0
1,1,,0.0,1.0
1,1,,0.0,1.0
1,1,,0.0,1.0
1,1,,0.0,1.0
1,1,,0.0,1.0
0,0,,1.0,0.0
1,1,,0.0,1.0
1,1,,0.0,1.0
1,1,,0.0,1.0
1,1,,0.0,1.0
1,1,,0.0,1.0
1,1,,0.0,1.0
0,0,,1.0,0.0
1,1,,0.0,1.0
1,1,,0.0,1.0
1,1,,0.0,1.0
1,1,,0.0,1.0
1,1,,0.0,1.0
1,1,,0.0,1.0
1,1,,0.0,1.0
1,1,,0.0,1.0
0,0,,1.0,0.0
1,1,,0.0,1.0
1,1,,0.0,1.0
1,1,,0.0,1.0
1,1,,0.0,1.0
1,1,,0.0,1.0
1,1,,0.0,1.0
1,1,,0.0,1.0
1,1,,0.0,1.0
1,1,,0.0,1.0
1,1,,0.0,1.0
1,1,,0.0,1.0
1,1,,0.0,1.0
1,1,,0.0,1.0
1,1,,0.0,1.0
1,1,,0.0,1.0
1,1,,0.0,1.0
1,1,,0.0,1.0
1,1,,0.0,1.0
1,1,,0.0,1.0
1,1,,0.0,1.0
1,1,,0.0,1.0
1,1,,0.0,1.0
1,1,,0.0,1.0
1,1,,0.0,1.0
1,1,,0.0,1.0
1,1,,0.0,1.0
1,1,,0.0,1.0
1,1,,0.0,1.0
1,1,,0.0,1.0
1,1,,0.0,1.0
1,1,,0.0,1.0
1,1,,0.0,1.0
1,1,,0.0,1.0
1,1,,0.0,1.0
1,1,,0.0,1.0
1,1,,0.0,1.0
1,1,,0.0,1.0
0,0,,1.0,0.0
1,1,,0.0,1.0
0,0,,1.0,0.0
0,0,,1.0,0.0
1,1,,0.0,1.0
1,1,,0.0,1.0
1,1,,0.0,1.0
1,1,,0.0,1.0
1,1,,0.0,1.0
1,1,,0.0,1.0
1,1,,0.0,1.0
1,1,,0.0,1.0
1,1,,0.0,1.0
1,1,,0.0,1.0
1,1,,0.0,1.0
0,0,,1.0,0.0
1,1,,0.0,1.0
1,1,,0.0,1.0
1,1,,0.0,1.0
0,0,,1.0,0.0
1,1,,0.0,1.0
1,1,,0.0,1.0
0,0,,1.0,0.0
1,1,,0.0,1.0
1,1,,0.0,1.0
1,1,,0.0,1.0
1,1,,0.0,1.0
0,0,,1.0,0.0
1,1,,0.0,1.0
1,1,,0.0,1.0
1,1,,0.0,1.0
1,1,,0.0,1.0
1,1,,0.0,1.0
1,1,,0.0,1.0
1,1,,0.0,1.0
0,0,,1.0,0.0
1,1,,0.0,1.0
1,1,,0.0,1.0
1,1,,0.0,1.0
1,1,,0.0,1.0
0,0,,1.0,0.0
1,1,,0.0,1.0
1,1,,0.0,1.0
1,1,,0.0,1.0
1,1,,0.0,1.0
0,0,,1.0,0.0
1,1,,0.0,1.0
1,1,,0.0,1.0
1,1,,0.0,1.0
1,1,,0.0,1.0
1,1,,0.0,1.0
1,1,,0.0,1.0
1,1,,0.0,1.0
0,0,,1.0,0.0
1,1,,0.0,1.0
1,1,,0.0,1.0
1,1,,0.0,1.0
1,1,,0.0,1.0
1,1,,0.0,1.0
1,1,,0.0,1.0
1,1,,0.0,1.0
1,1,,0.0,1.0
0,0,,1.0,0.0
1,1,,0.0,1.0
1,1,,0.0,1.0
1,1,,0.0,1.0
0,0,,1.0,0.0
1,1,,0.0,1.0
0,0,,1.0,0.0
1,1,,0.0,1.0
1,1,,0.0,1.0
1,1,,0.0,1.0
1,1,,0.0,1.0
1,1,,0.0,1.0
1,1,,0.0,1.0
1,1,,0.0,1.0
1,1,,0.0,1.0
1,1,,0.0,1.0
1,1,,0.0,1.0
1,1,,0.0,1.0
1,1,,0.0,1.0
1,1,,0.0,1.0
1,1,,0.0,1.0
1,1,,0.0,1.0
1,1,,0.0,1.0
1,1,,0.0,1.0
1,1,,0.0,1.0
0,0,,1.0,0.0
1,1,,0.0,1.0
1,1,,0.0,1.0
1,1,,0.0,1.0
1,1,,0.0,1.0
1,1,,0.0,1.0
1,1,,0.0,1.0
1,1,,0.0,1.0
1,1,,0.0,1.0
0,0,,1.0,0.0
1,1,,0.0,1.0
1,1,,0.0,1.0
1,1,,0.0,1.0
1,1,,0.0,1.0
1,1,,0.0,1.0
1,1,,0.0,1.0
1,1,,0.0,1.0
1,1,,0.0,1.0
1,1,,0.0,1.0
1,1,,0.0,1.0
1,1,,0.0,1.0
1,1,,0.0,1.0
1,1,,0.0,1.0
1,1,,0.0,1.0
1,1,,0.0,1.0
1,1,,0.0,1.0
1,1,,0.0,1.0
1,1,,0.0,1.0
0,0,,1.0,0.0
1,1,,0.0,1.0
1,1,,0.0,1.0
1,1,,0.0,1.0
1,1,,0.0,1.0
1,1,,0.0,1.0
1,1,,0.0,1.0
1,1,,0.0,1.0
1,1,,0.0,1.0
1,1,,0.0,1.0
1,1,,0.0,1.0
1,1,,0.0,1.0
1,1,,0.0,1.0
1,1,,0.0,1.0
1,1,,0.0,1.0
1,1,,0.0,1.0
1,1,,0.0,1.0
1,1,,0.0,1.0
0,0,,1.0,0.0
1,1,,0.0,1.0
1,1,,0.0,1.0
1,1,,0.0,1.0
1,1,,0.0,1.0
1,1,,0.0,1.0
1,1,,0.0,1.0
1,1,,0.0,1.0
1,1,,0.0,1.0
1,1,,0.0,1.0
1,1,,0.0,1.0
0,0,,1.0,0.0
1,1,,0.0,1.0
1,1,,0.0,1.0
1,1,,0.0,1.0
1,1,,0.0,1.0
1,1,,0.0,1.0
1,1,,0.0,1.0
0,0,,1.0,0.0
1,1,,0.0,1.0
1,1,,0.0,1.0
0,0,,1.0,0.0
1,1,,0.0,1.0
1,1,,0.0,1.0
1,1,,0.0,1.0
1,1,,0.0,1.0
1,1,,0.0,1.0
1,1,,0.0,1.0
1,1,,0.0,1.0
1,1,,0.0,1.0
1,1,,0.0,1.0
0,0,,1.0,0.0
1,1,,0.0,1.0
0,0,,1.0,0.0
1,1,,0.0,1.0
1,1,,0.0,1.0
1,1,,0.0,1.0
0,0,,1.0,0.0
0,0,,1.0,0.0
0,0,,1.0,0.0
1,1,,0.0,1.0
1,1,,0.0,1.0
1,1,,0.0,1.0
1,1,,0.0,1.0
1,1,,0.0,1.0
1,1,,0.0,1.0
1,1,,0.0,1.0
0,0,,1.0,0.0
0,0,,0.995,0.005
0,0,,0.99,0.01
0,0,,1.0,0.0
1,1,,0.0,1.0
1,1,,0.0,1.0
1,1,,0.0,1.0
1,1,,0.0,1.0
1,1,,0.0,1.0
0,0,,1.0,0.0
1,1,,0.0,1.0
1,1,,0.0,1.0
1,1,,0.0,1.0
1,1,,0.0,1.0
1,1,,0.0,1.0
1,1,,0.0,1.0
1,1,,0.0,1.0
1,1,,0.0,1.0
1,1,,0.0,1.0
1,1,,0.0,1.0
1,1,,0.0,1.0
1,1,,0.0,1.0
1,1,,0.0,1.0
1,1,,0.0,1.0
1,1,,0.0,1.0
1,1,,0.0,1.0
1,1,,0.0,1.0
1,1,,0.0,1.0
1,1,,0.0,1.0
1,1,,0.0,1.0
1,1,,0.0,1.0
1,1,,0.0,1.0
1,1,,0.0,1.0
1,1,,0.0,1.0
1,1,,0.0,1.0
1,1,,0.0,1.0
0,0,,1.0,0.0
0,0,,1.0,0.0
0,0,,1.0,0.0
1,1,,0.0,1.0
1,1,,0.0,1.0
1,1,,0.0,1.0
0,0,,1.0,0.0
1,1,,0.0,1.0
1,1,,0.0,1.0
1,1,,0.0,1.0
1,1,,0.0,1.0
0,0,,1.0,0.0
1,1,,0.0,1.0
1,1,,0.0,1.0
1,1,,0.0,1.0
1,1,,0.0,1.0
0,0,,1.0,0.0
1,1,,0.0,1.0
1,1,,0.0,1.0
1,1,,0.0,1.0
1,1,,0.0,1.0
1,1,,0.0,1.0
1,1,,0.0,1.0
1,1,,0.0,1.0
1,1,,0.0,1.0
0,0,,0.995,0.005
0,0,,1.0,0.0
0,0,,1.0,0.0
1,1,,0.0,1.0
1,1,,0.0,1.0
1,1,,0.0,1.0
1,1,,0.0,1.0
1,1,,0.0,1.0
1,1,,0.0,1.0
1,1,,0.0,1.0
1,1,,0.0,1.0
1,1,,0.0,1.0
1,1,,0.0,1.0
1,1,,0.0,1.0
1,1,,0.0,1.0
1,1,,0.0,1.0
1,1,,0.0,1.0
1,1,,0.0,1.0
1,1,,0.0,1.0
1,1,,0.0,1.0
1,1,,0.0,1.0
1,1,,0.0,1.0
1,1,,0.0,1.0
1,1,,0.0,1.0
1,1,,0.0,1.0
1,1,,0.0,1.0
1,1,,0.0,1.0
1,1,,0.0,1.0
1,1,,0.0,1.0
1,1,,0.0,1.0
1,1,,0.0,1.0
1,1,,0.0,1.0
1,1,,0.0,1.0
1,1,,0.0,1.0
1,1,,0.0,1.0
1,1,,0.0,1.0
1,1,,0.0,1.0
0,0,,1.0,0.0
1,1,,0.0,1.0
1,1,,0.0,1.0
1,1,,0.0,1.0
1,1,,0.0,1.0
1,1,,0.0,1.0
1,1,,0.0,1.0
1,1,,0.0,1.0
1,1,,0.0,1.0
1,1,,0.0,1.0
1,1,,0.0,1.0
0,0,,1.0,0.0
1,1,,0.0,1.0
1,1,,0.0,1.0
1,1,,0.0,1.0
1,1,,0.0,1.0
0,0,,1.0,0.0
1,1,,0.0,1.0
1,1,,0.0,1.0
1,1,,0.0,1.0
1,1,,0.0,1.0
1,1,,0.0,1.0
1,1,,0.0,1.0
1,1,,0.0,1.0
1,1,,0.0,1.0
1,1,,0.0,1.0
1,1,,0.0,1.0
1,1,,0.0,1.0
1,1,,0.0,1.0
1,1,,0.0,1.0
1,1,,0.0,1.0
1,1,,0.0,1.0
1,1,,0.005,0.995
1,1,,0.0,1.0
1,1,,0.0,1.0
1,1,,0.0,1.0
0,0,,1.0,0.0
1,1,,0.0,1.0
1,1,,0.0,1.0
0,0,,1.0,0.0
1,1,,0.0,1.0
0,0,,1.0,0.0
0,0,,1.0,0.0
1,1,,0.0,1.0
1,1,,0.0,1.0
1,1,,0.0,1.0
0,0,,1.0,0.0
0,0,,1.0,0.0
1,1,,0.0,1.0
1,1,,0.0,1.0
1,1,,0.0,1.0
1,1,,0.0,1.0
1,1,,0.0,1.0
1,1,,0.0,1.0
1,1,,0.0,1.0
1,1,,0.0,1.0
1,1,,0.0,1.0
1,1,,0.0,1.0
1,1,,0.0,1.0
1,1,,0.0,1.0
1,1,,0.0,1.0
1,1,,0.0,1.0
1,1,,0.0,1.0
1,1,,0.0,1.0
1,1,,0.0,1.0
1,1,,0.0,1.0
1,1,,0.0,1.0
1,1,,0.0,1.0
1,1,,0.0,1.0
1,1,,0.0,1.0
1,1,,0.0,1.0
1,1,,0.0,1.0
1,1,,0.0,1.0
1,1,,0.0,1.0
1,1,,0.0,1.0
1,1,,0.0,1.0
1,1,,0.0,1.0
1,1,,0.0,1.0
1,1,,0.0,1.0
1,1,,0.0,1.0
1,1,,0.0,1.0
1,1,,0.0,1.0
1,1,,0.0,1.0
1,1,,0.0,1.0
1,1,,0.0,1.0
1,1,,0.0,1.0
1,1,,0.0,1.0
1,1,,0.0,1.0
1,1,,0.0,1.0
1,1,,0.0,1.0
1,1,,0.0,1.0
1,1,,0.0,1.0
1,1,,0.0,1.0
1,1,,0.0,1.0
1,1,,0.0,1.0
1,1,,0.0,1.0
1,1,,0.0,1.0
1,1,,0.0,1.0
1,1,,0.0,1.0
1,1,,0.0,1.0
1,1,,0.0,1.0
1,1,,0.0,1.0
1,1,,0.0,1.0
0,0,,1.0,0.0
1,1,,0.0,1.0
1,1,,0.0,1.0
1,1,,0.0,1.0
1,1,,0.0,1.0
1,1,,0.0,1.0
1,1,,0.0,1.0
1,1,,0.0,1.0
1,1,,0.0,1.0
1,1,,0.0,1.0
1,1,,0.0,1.0
1,1,,0.0,1.0
1,1,,0.0,1.0
1,1,,0.0,1.0
1,1,,0.0,1.0
1,1,,0.0,1.0
1,1,,0.0,1.0
1,1,,0.0,1.0
1,1,,0.0,1.0
1,1,,0.0,1.0
1,1,,0.0,1.0
1,1,,0.0,1.0
1,1,,0.0,1.0
1,1,,0.0,1.0
1,1,,0.0,1.0
0,0,,1.0,0.0
1,1,,0.0,1.0
1,1,,0.0,1.0
1,1,,0.0,1.0
1,1,,0.0,1.0
1,1,,0.0,1.0
1,1,,0.0,1.0
0,0,,1.0,0.0
1,1,,0.0,1.0
1,1,,0.0,1.0
1,1,,0.0,1.0
1,1,,0.0,1.0
1,1,,0.0,1.0
1,1,,0.0,1.0
0,0,,1.0,0.0
1,1,,0.0,1.0
1,1,,0.0,1.0
1,1,,0.0,1.0
0,0,,1.0,0.0
1,1,,0.0,1.0
1,1,,0.0,1.0
1,1,,0.0,1.0
1,1,,0.0,1.0
1,1,,0.0,1.0
1,1,,0.0,1.0
0,0,,1.0,0.0
1,1,,0.0,1.0
1,1,,0.0,1.0
1,1,,0.0,1.0
1,1,,0.0,1.0
1,1,,0.0,1.0
1,1,,0.0,1.0
1,1,,0.0,1.0
0,0,,1.0,0.0
1,1,,0.0,1.0
1,1,,0.0,1.0
1,1,,0.0,1.0
1,1,,0.0,1.0
1,1,,0.0,1.0
1,1,,0.0,1.0
1,1,,0.0,1.0
0,0,,1.0,0.0
1,1,,0.0,1.0
1,1,,0.0,1.0
1,1,,0.0,1.0
1,1,,0.0,1.0
1,1,,0.0,1.0
1,1,,0.0,1.0
0,0,,1.0,0.0
1,1,,0.0,1.0
1,1,,0.0,1.0
1,1,,0.0,1.0
1,1,,0.0,1.0
1,1,,0.0,1.0
1,1,,0.0,1.0
1,1,,0.0,1.0
1,1,,0.0,1.0
1,1,,0.0,1.0
1,1,,0.0,1.0
1,1,,0.0,1.0
1,1,,0.0,1.0
1,1,,0.0,1.0
1,1,,0.0,1.0
1,1,,0.0,1.0
1,1,,0.0,1.0
0,0,,1.0,0.0
0,0,,1.0,0.0
1,1,,0.0,1.0
1,1,,0.0,1.0
1,1,,0.0,1.0
1,1,,0.0,1.0
1,1,,0.0,1.0
1,1,,0.0,1.0
1,1,,0.0,1.0
1,1,,0.0,1.0
1,1,,0.0,1.0
1,1,,0.0,1.0
1,1,,0.0,1.0
1,1,,0.0,1.0
1,1,,0.0,1.0
1,1,,0.0,1.0
1,1,,0.0,1.0
1,1,,0.0,1.0
0,0,,1.0,0.0
1,1,,0.0,1.0
1,1,,0.0,1.0
1,1,,0.0,1.0
1,1,,0.0,1.0
1,1,,0.0,1.0
1,1,,0.0,1.0
1,1,,0.0,1.0
1,1,,0.005,0.995
1,1,,0.0,1.0
1,1,,0.0,1.0
1,1,,0.0,1.0
1,1,,0.0,1.0
0,0,,1.0,0.0
1,1,,0.0,1.0
1,1,,0.0,1.0
1,1,,0.0,1.0
1,1,,0.0,1.0
1,1,,0.0,1.0
1,1,,0.0,1.0
1,1,,0.0,1.0
1,1,,0.0,1.0
1,1,,0.0,1.0
1,1,,0.0,1.0
1,1,,0.0,1.0
1,1,,0.0,1.0
1,1,,0.0,1.0
0,0,,1.0,0.0
1,1,,0.0,1.0
1,1,,0.0,1.0
1,1,,0.0,1.0
1,1,,0.0,1.0
1,1,,0.0,1.0
1,1,,0.0,1.0
1,1,,0.0,1.0
1,1,,0.0,1.0
1,1,,0.0,1.0
1,1,,0.0,1.0
1,1,,0.0,1.0
1,1,,0.0,1.0
1,1,,0.0,1.0
1,1,,0.0,1.0
1,1,,0.0,1.0
1,1,,0.0,1.0
1,1,,0.0,1.0
0,0,,1.0,0.0
1,1,,0.0,1.0
1,1,,0.0,1.0
1,1,,0.0,1.0
1,1,,0.0,1.0
1,1,,0.0,1.0
1,1,,0.0,1.0
1,1,,0.0,1.0
1,1,,0.0,1.0
1,1,,0.0,1.0
1,1,,0.0,1.0
1,1,,0.0,1.0
1,1,,0.0,1.0
1,1,,0.0,1.0
0,0,,1.0,0.0
1,1,,0.0,1.0
1,1,,0.0,1.0
1,1,,0.0,1.0
1,1,,0.0,1.0
1,1,,0.0,1.0
1,1,,0.0,1.0
1,1,,0.0,1.0
1,1,,0.0,1.0
1,1,,0.0,1.0
1,1,,0.0,1.0
1,1,,0.0,1.0
1,1,,0.0,1.0
0,0,,1.0,0.0
1,1,,0.0,1.0
1,1,,0.0,1.0
1,1,,0.0,1.0
1,1,,0.0,1.0
1,1,,0.0,1.0
1,1,,0.0,1.0
1,1,,0.0,1.0
1,1,,0.0,1.0
1,1,,0.0,1.0
1,1,,0.0,1.0
1,1,,0.0,1.0
1,1,,0.0,1.0
1,1,,0.0,1.0
1,1,,0.0,1.0
0,0,,1.0,0.0
1,1,,0.0,1.0
1,1,,0.0,1.0
1,1,,0.0,1.0
0,0,,1.0,0.0
1,1,,0.0,1.0
1,1,,0.0,1.0
1,1,,0.0,1.0
1,1,,0.0,1.0
1,1,,0.0,1.0
1,1,,0.0,1.0
1,1,,0.0,1.0
1,1,,0.0,1.0
1,1,,0.0,1.0
1,1,,0.0,1.0
0,0,,1.0,0.0
1,1,,0.0,1.0
1,1,,0.0,1.0
1,1,,0.0,1.0
1,1,,0.0,1.0
1,1,,0.0,1.0
1,1,,0.0,1.0
1,1,,0.0,1.0
1,1,,0.0,1.0
1,1,,0.0,1.0
1,1,,0.0,1.0
0,0,,1.0,0.0
1,1,,0.0,1.0
1,1,,0.0,1.0
1,1,,0.0,1.0
1,1,,0.0,1.0
1,1,,0.0,1.0
1,1,,0.0,1.0
1,1,,0.0,1.0
1,1,,0.0,1.0
1,1,,0.0,1.0
0,0,,1.0,0.0
0,0,,1.0,0.0
1,1,,0.0,1.0
1,1,,0.0,1.0
0,0,,1.0,0.0
1,1,,0.0,1.0
1,1,,0.0,1.0
1,1,,0.0,1.0
1,1,,0.0,1.0
1,1,,0.0,1.0
1,1,,0.0,1.0
1,1,,0.0,1.0
1,1,,0.0,1.0
1,1,,0.0,1.0
1,1,,0.0,1.0
1,1,,0.0,1.0
1,1,,0.0,1.0
1,1,,0.0,1.0
1,1,,0.0,1.0
1,1,,0.0,1.0
1,1,,0.0,1.0
1,1,,0.0,1.0
1,1,,0.0,1.0
1,1,,0.0,1.0
1,1,,0.0,1.0
1,1,,0.0,1.0
1,1,,0.0,1.0
1,1,,0.0,1.0
1,1,,0.0,1.0
1,1,,0.0,1.0
1,1,,0.0,1.0
1,1,,0.0,1.0
1,1,,0.0,1.0
1,1,,0.0,1.0
1,1,,0.0,1.0
1,1,,0.0,1.0
1,1,,0.0,1.0
1,1,,0.0,1.0
1,1,,0.0,1.0
1,1,,0.0,1.0
1,1,,0.0,1.0
1,1,,0.0,1.0
1,1,,0.0,1.0
1,1,,0.0,1.0
1,1,,0.0,1.0
0,0,,1.0,0.0
0,0,,1.0,0.0
1,1,,0.0,1.0
0,0,,1.0,0.0
1,1,,0.0,1.0
1,1,,0.0,1.0
1,1,,0.0,1.0
1,1,,0.0,1.0
1,1,,0.0,1.0
1,1,,0.0,1.0
0,0,,1.0,0.0
1,1,,0.0,1.0
1,1,,0.0,1.0
1,1,,0.0,1.0
1,1,,0.0,1.0
1,1,,0.0,1.0
1,1,,0.0,1.0
1,1,,0.0,1.0
0,0,,1.0,0.0
1,1,,0.0,1.0
1,1,,0.0,1.0
0,0,,1.0,0.0
1,1,,0.0,1.0
1,1,,0.0,1.0
1,1,,0.0,1.0
1,1,,0.0,1.0
1,1,,0.0,1.0
1,1,,0.0,1.0
1,1,,0.0,1.0
1,1,,0.0,1.0
1,1,,0.0,1.0
1,1,,0.0,1.0
1,1,,0.0,1.0
1,1,,0.0,1.0
1,1,,0.0,1.0
1,1,,0.0,1.0
1,1,,0.0,1.0
1,1,,0.0,1.0
1,1,,0.0,1.0
1,1,,0.0,1.0
0,0,,1.0,0.0
1,1,,0.0,1.0
1,1,,0.0,1.0
1,1,,0.0,1.0
1,1,,0.0,1.0
1,1,,0.0,1.0
1,1,,0.0,1.0
1,1,,0.0,1.0
1,1,,0.0,1.0
1,1,,0.0,1.0
1,1,,0.0,1.0
1,1,,0.0,1.0
1,1,,0.0,1.0
1,1,,0.0,1.0
1,1,,0.0,1.0
1,1,,0.0,1.0
1,1,,0.0,1.0
1,1,,0.0,1.0
1,1,,0.0,1.0
1,1,,0.0,1.0
0,0,,1.0,0.0
0,0,,1.0,0.0
1,1,,0.0,1.0
1,1,,0.0,1.0
1,1,,0.0,1.0
1,1,,0.0,1.0
0,0,,1.0,0.0
0,0,,1.0,0.0
1,1,,0.0,1.0
1,1,,0.0,1.0
1,1,,0.0,1.0
1,1,,0.0,1.0
1,1,,0.0,1.0
1,1,,0.0,1.0
1,1,,0.0,1.0
0,0,,1.0,0.0
1,1,,0.0,1.0
0,0,,1.0,0.0
1,1,,0.0,1.0
1,1,,0.0,1.0
1,1,,0.0,1.0
1,1,,0.0,1.0
1,1,,0.0,1.0
1,1,,0.0,1.0
1,1,,0.0,1.0
1,1,,0.0,1.0
1,1,,0.0,1.0
1,1,,0.0,1.0
1,1,,0.0,1.0
1,1,,0.0,1.0
1,1,,0.0,1.0
1,1,,0.0,1.0
1,1,,0.0,1.0
1,1,,0.0,1.0
1,1,,0.0,1.0
1,1,,0.0,1.0
0,0,,1.0,0.0
1,1,,0.0,1.0
0,0,,1.0,0.0
1,1,,0.0,1.0
1,1,,0.0,1.0
1,1,,0.0,1.0
1,1,,0.0,1.0
1,1,,0.0,1.0
1,1,,0.0,1.0
1,1,,0.0,1.0
1,1,,0.0,1.0
1,1,,0.0,1.0
1,1,,0.0,1.0
1,1,,0.0,1.0
1,1,,0.0,1.0
1,1,,0.0,1.0
1,1,,0.0,1.0
1,1,,0.0,1.0
1,1,,0.0,1.0
1,1,,0.0,1.0
1,1,,0.0,1.0
1,1,,0.0,1.0
1,1,,0.0,1.0
1,1,,0.0,1.0
1,1,,0.0,1.0
1,1,,0.0,1.0
1,1,,0.0,1.0
1,1,,0.0,1.0
1,1,,0.0,1.0
1,1,,0.0,1.0
1,1,,0.0,1.0
1,1,,0.0,1.0
1,1,,0.0,1.0
1,1,,0.0,1.0
0,0,,1.0,0.0
1,1,,0.0,1.0
1,1,,0.0,1.0
1,1,,0.0,1.0
1,1,,0.0,1.0
1,1,,0.0,1.0
0,0,,1.0,0.0
1,1,,0.0,1.0
1,1,,0.0,1.0
1,1,,0.0,1.0
1,1,,0.0,1.0
1,1,,0.0,1.0
1,1,,0.0,1.0
1,1,,0.0,1.0
1,1,,0.0,1.0
1,1,,0.0,1.0
1,1,,0.0,1.0
0,0,,1.0,0.0
1,1,,0.0,1.0
1,1,,0.0,1.0
1,1,,0.0,1.0
1,1,,0.0,1.0
1,1,,0.0,1.0
1,1,,0.0,1.0
0,0,,1.0,0.0
1,1,,0.0,1.0
1,1,,0.0,1.0
1,1,,0.0,1.0
1,1,,0.0,1.0
1,1,,0.0,1.0
1,1,,0.0,1.0
0,0,,1.0,0.0
1,1,,0.0,1.0
0,0,,1.0,0.0
1,1,,0.0,1.0
1,1,,0.0,1.0
1,1,,0.0,1.0
1,1,,0.0,1.0
1,1,,0.0,1.0
1,1,,0.0,1.0
1,1,,0.0,1.0
1,1,,0.0,1.0
1,1,,0.0,1.0
1,1,,0.0,1.0
1,1,,0.0,1.0
1,1,,0.0,1.0
1,1,,0.0,1.0
1,1,,0.0,1.0
1,1,,0.0,1.0
1,1,,0.0,1.0
1,1,,0.0,1.0
1,1,,0.0,1.0
1,1,,0.0,1.0
1,1,,0.0,1.0
0,0,,1.0,0.0
1,1,,0.0,1.0
1,1,,0.0,1.0
1,1,,0.0,1.0
1,1,,0.0,1.0
1,1,,0.0,1.0
0,0,,1.0,0.0
1,1,,0.0,1.0
1,1,,0.0,1.0
1,1,,0.0,1.0
0,0,,1.0,0.0
1,1,,0.0,1.0
1,1,,0.0,1.0
1,1,,0.0,1.0
0,0,,0.995,0.005
1,1,,0.0,1.0
1,1,,0.0,1.0
1,1,,0.0,1.0
1,1,,0.0,1.0
1,1,,0.0,1.0
1,1,,0.0,1.0
1,1,,0.0,1.0
1,1,,0.0,1.0
1,1,,0.0,1.0
1,1,,0.0,1.0
0,0,,0.995,0.005
1,1,,0.0,1.0
1,1,,0.0,1.0
1,1,,0.0,1.0
1,1,,0.0,1.0
1,1,,0.0,1.0
1,1,,0.0,1.0
1,1,,0.0,1.0
1,1,,0.0,1.0
1,1,,0.0,1.0
1,1,,0.0,1.0
1,1,,0.0,1.0
1,1,,0.0,1.0
1,1,,0.0,1.0
1,1,,0.0,1.0
1,1,,0.0,1.0
1,1,,0.0,1.0
1,1,,0.0,1.0
1,1,,0.0,1.0
1,1,,0.0,1.0
1,1,,0.0,1.0
1,1,,0.0,1.0
1,1,,0.0,1.0
1,1,,0.0,1.0
1,1,,0.0,1.0
1,1,,0.0,1.0
1,1,,0.0,1.0
1,1,,0.0,1.0
1,1,,0.0,1.0
1,1,,0.0,1.0
1,1,,0.0,1.0
1,1,,0.0,1.0
0,0,,1.0,0.0
1,1,,0.0,1.0
1,1,,0.0,1.0
1,1,,0.0,1.0
1,1,,0.0,1.0
1,1,,0.0,1.0
1,1,,0.0,1.0
1,1,,0.0,1.0
1,1,,0.0,1.0
1,1,,0.0,1.0
0,0,,1.0,0.0
1,1,,0.0,1.0
1,1,,0.0,1.0
1,1,,0.0,1.0
1,1,,0.0,1.0
1,1,,0.0,1.0
1,1,,0.0,1.0
1,1,,0.0,1.0
1,1,,0.0,1.0
1,1,,0.0,1.0
1,1,,0.0,1.0
1,1,,0.0,1.0
1,1,,0.0,1.0
1,1,,0.0,1.0
1,1,,0.0,1.0
1,1,,0.0,1.0
1,1,,0.0,1.0
1,1,,0.0,1.0
1,1,,0.0,1.0
1,1,,0.0,1.0
1,1,,0.0,1.0
1,1,,0.0,1.0
1,1,,0.0,1.0
1,1,,0.0,1.0
1,1,,0.0,1.0
0,0,,1.0,0.0
0,0,,0.995,0.005
1,1,,0.0,1.0
1,1,,0.0,1.0
1,1,,0.0,1.0
1,1,,0.0,1.0
1,1,,0.0,1.0
1,1,,0.0,1.0
1,1,,0.0,1.0
1,1,,0.0,1.0
1,1,,0.0,1.0
0,0,,1.0,0.0
1,1,,0.0,1.0
1,1,,0.0,1.0
1,1,,0.0,1.0
0,0,,1.0,0.0
1,1,,0.0,1.0
1,1,,0.0,1.0
1,1,,0.0,1.0
1,1,,0.0,1.0
1,1,,0.0,1.0
1,1,,0.0,1.0
0,0,,1.0,0.0
1,1,,0.0,1.0
1,1,,0.0,1.0
1,1,,0.0,1.0
1,1,,0.0,1.0
1,1,,0.0,1.0
1,1,,0.0,1.0
1,1,,0.0,1.0
1,1,,0.0,1.0
0,0,,1.0,0.0
1,1,,0.0,1.0
1,1,,0.0,1.0
0,0,,1.0,0.0
1,1,,0.0,1.0
1,1,,0.0,1.0
1,1,,0.0,1.0
1,1,,0.0,1.0
0,0,,1.0,0.0
1,1,,0.0,1.0
1,1,,0.0,1.0
1,1,,0.0,1.0
1,1,,0.0,1.0
1,1,,0.0,1.0
1,1,,0.0,1.0
0,0,,1.0,0.0
1,1,,0.0,1.0
1,1,,0.0,1.0
1,1,,0.0,1.0
1,1,,0.0,1.0
1,1,,0.0,1.0
1,1,,0.0,1.0
1,1,,0.0,1.0
1,1,,0.0,1.0
1,1,,0.0,1.0
1,1,,0.0,1.0
1,1,,0.0,1.0
1,1,,0.0,1.0
1,1,,0.0,1.0
1,1,,0.0,1.0
0,0,,1.0,0.0
1,1,,0.0,1.0
1,1,,0.0,1.0
1,1,,0.0,1.0
1,1,,0.0,1.0
0,0,,1.0,0.0
1,1,,0.0,1.0
1,1,,0.0,1.0
1,1,,0.0,1.0
1,1,,0.0,1.0
1,1,,0.0,1.0
1,1,,0.0,1.0
1,1,,0.0,1.0
1,1,,0.0,1.0
1,1,,0.0,1.0
1,1,,0.0,1.0
1,1,,0.0,1.0
1,1,,0.0,1.0
0,0,,1.0,0.0
1,1,,0.0,1.0
1,1,,0.0,1.0
1,1,,0.0,1.0
1,1,,0.0,1.0
1,1,,0.0,1.0
1,1,,0.0,1.0
1,1,,0.0,1.0
1,1,,0.0,1.0
1,1,,0.0,1.0
0,0,,1.0,0.0
0,0,,1.0,0.0
1,1,,0.0,1.0
0,0,,1.0,0.0
1,1,,0.0,1.0
1,1,,0.0,1.0
1,1,,0.0,1.0
1,1,,0.0,1.0
1,1,,0.0,1.0
1,1,,0.0,1.0
1,1,,0.0,1.0
1,1,,0.0,1.0
1,1,,0.0,1.0
1,1,,0.0,1.0
1,1,,0.0,1.0
1,1,,0.0,1.0
1,1,,0.0,1.0
1,1,,0.0,1.0
1,1,,0.0,1.0
1,1,,0.0,1.0
1,1,,0.0,1.0
1,1,,0.0,1.0
0,0,,1.0,0.0
1,1,,0.0,1.0
1,1,,0.0,1.0
1,1,,0.0,1.0
1,1,,0.0,1.0
1,1,,0.0,1.0
1,1,,0.0,1.0
1,1,,0.0,1.0
1,1,,0.0,1.0
1,1,,0.0,1.0
1,1,,0.0,1.0
1,1,,0.0,1.0
0,0,,1.0,0.0
1,1,,0.0,1.0
0,0,,1.0,0.0
1,1,,0.0,1.0
1,1,,0.0,1.0
1,1,,0.0,1.0
1,1,,0.0,1.0
1,1,,0.0,1.0
1,1,,0.0,1.0
1,1,,0.0,1.0
1,1,,0.0,1.0
1,1,,0.0,1.0
1,1,,0.0,1.0
1,1,,0.0,1.0
1,1,,0.0,1.0
1,1,,0.0,1.0
1,1,,0.0,1.0
0,0,,1.0,0.0
1,1,,0.0,1.0
1,1,,0.0,1.0
1,1,,0.0,1.0
1,1,,0.0,1.0
1,1,,0.0,1.0
1,1,,0.0,1.0
1,1,,0.0,1.0
1,1,,0.0,1.0
1,1,,0.0,1.0
1,1,,0.0,1.0
1,1,,0.0,1.0
1,1,,0.0,1.0
1,1,,0.0,1.0
1,1,,0.0,1.0
1,1,,0.0,1.0
1,1,,0.0,1.0
1,1,,0.0,1.0
1,1,,0.0,1.0
1,1,,0.0,1.0
1,1,,0.0,1.0
1,1,,0.0,1.0
1,1,,0.0,1.0
1,1,,0.0,1.0
1,1,,0.0,1.0
1,1,,0.0,1.0
1,1,,0.0,1.0
1,1,,0.0,1.0
1,1,,0.0,1.0
1,1,,0.0,1.0
1,1,,0.0,1.0
1,1,,0.0,1.0
1,1,,0.0,1.0
1,1,,0.0,1.0
1,1,,0.0,1.0
1,1,,0.0,1.0
0,0,,1.0,0.0
1,1,,0.0,1.0
1,1,,0.0,1.0
1,1,,0.0,1.0
1,1,,0.0,1.0
1,1,,0.0,1.0
1,1,,0.0,1.0
1,1,,0.0,1.0
1,1,,0.0,1.0
1,1,,0.0,1.0
1,1,,0.0,1.0
1,1,,0.0,1.0
1,1,,0.0,1.0
1,1,,0.0,1.0
1,1,,0.0,1.0
1,1,,0.0,1.0
1,1,,0.0,1.0
1,1,,0.0,1.0
1,1,,0.0,1.0
1,1,,0.0,1.0
1,1,,0.0,1.0
0,0,,1.0,0.0
0,0,,1.0,0.0
1,1,,0.0,1.0
1,1,,0.0,1.0
1,1,,0.0,1.0
1,1,,0.0,1.0
1,1,,0.0,1.0
1,1,,0.0,1.0
1,1,,0.0,1.0
1,1,,0.0,1.0
1,1,,0.0,1.0
1,1,,0.0,1.0
1,1,,0.0,1.0
1,1,,0.0,1.0
1,1,,0.0,1.0
1,1,,0.0,1.0
1,1,,0.0,1.0
1,1,,0.0,1.0
0,0,,1.0,0.0
1,1,,0.0,1.0
1,1,,0.0,1.0
1,1,,0.0,1.0
1,1,,0.0,1.0
1,1,,0.0,1.0
1,1,,0.0,1.0
1,1,,0.0,1.0
0,0,,0.99,0.01
1,1,,0.0,1.0
1,1,,0.0,1.0
1,1,,0.0,1.0
1,1,,0.0,1.0
1,1,,0.0,1.0
1,1,,0.0,1.0
1,1,,0.0,1.0
0,0,,1.0,0.0
0,0,,1.0,0.0
1,1,,0.0,1.0
1,1,,0.0,1.0
1,1,,0.0,1.0
0,0,,1.0,0.0
1,1,,0.0,1.0
1,1,,0.0,1.0
1,1,,0.0,1.0
1,1,,0.0,1.0
1,1,,0.0,1.0
1,1,,0.0,1.0
1,1,,0.0,1.0
1,1,,0.0,1.0
1,1,,0.0,1.0
1,1,,0.0,1.0
1,1,,0.0,1.0
1,1,,0.0,1.0
1,1,,0.0,1.0
1,1,,0.0,1.0
1,1,,0.0,1.0
1,1,,0.0,1.0
1,1,,0.0,1.0
1,1,,0.0,1.0
1,1,,0.0,1.0
1,1,,0.0,1.0
1,1,,0.0,1.0
1,1,,0.0,1.0
0,0,,1.0,0.0
1,1,,0.0,1.0
0,0,,1.0,0.0
1,1,,0.0,1.0
1,1,,0.0,1.0
1,1,,0.0,1.0
1,1,,0.0,1.0
0,0,,1.0,0.0
1,1,,0.0,1.0
1,1,,0.0,1.0
1,1,,0.0,1.0
1,1,,0.0,1.0
1,1,,0.0,1.0
1,1,,0.0,1.0
1,1,,0.0,1.0
1,1,,0.0,1.0
0,0,,1.0,0.0
1,1,,0.0,1.0
0,0,,1.0,0.0
1,1,,0.0,1.0
1,1,,0.0,1.0
1,1,,0.0,1.0
1,1,,0.0,1.0
1,1,,0.0,1.0
1,1,,0.0,1.0
1,1,,0.0,1.0
1,1,,0.0,1.0
1,1,,0.0,1.0
1,1,,0.005,0.995
1,1,,0.0,1.0
1,1,,0.0,1.0
1,1,,0.0,1.0
1,1,,0.0,1.0
1,1,,0.0,1.0
1,1,,0.0,1.0
1,1,,0.0,1.0
1,1,,0.0,1.0
1,1,,0.0,1.0
1,1,,0.0,1.0
1,1,,0.0,1.0
1,1,,0.0,1.0
1,1,,0.0,1.0
1,1,,0.0,1.0
1,1,,0.0,1.0
0,0,,1.0,0.0
1,1,,0.0,1.0
1,1,,0.0,1.0
1,1,,0.0,1.0
1,1,,0.0,1.0
1,1,,0.0,1.0
1,1,,0.0,1.0
1,1,,0.0,1.0
1,1,,0.0,1.0
1,1,,0.0,1.0
1,1,,0.0,1.0
1,1,,0.0,1.0
1,1,,0.0,1.0
1,1,,0.0,1.0
1,1,,0.0,1.0
1,1,,0.0,1.0
1,1,,0.0,1.0
1,1,,0.0,1.0
1,1,,0.0,1.0
1,1,,0.0,1.0
1,1,,0.0,1.0
1,1,,0.0,1.0
1,1,,0.0,1.0
1,1,,0.0,1.0
1,1,,0.0,1.0
1,1,,0.0,1.0
1,1,,0.0,1.0
1,1,,0.0,1.0
1,1,,0.0,1.0
1,1,,0.0,1.0
1,1,,0.0,1.0
1,1,,0.0,1.0
1,1,,0.0,1.0
1,1,,0.0,1.0
1,1,,0.0,1.0
1,1,,0.0,1.0
1,1,,0.0,1.0
1,1,,0.0,1.0
1,1,,0.0,1.0
1,1,,0.0,1.0
1,1,,0.0,1.0
1,1,,0.0,1.0
1,1,,0.0,1.0
1,1,,0.0,1.0
1,1,,0.0,1.0
1,1,,0.0,1.0
1,1,,0.0,1.0
0,0,,1.0,0.0
1,1,,0.0,1.0
1,1,,0.0,1.0
1,1,,0.0,1.0
0,0,,1.0,0.0
1,1,,0.0,1.0
1,1,,0.0,1.0
0,0,,1.0,0.0
1,1,,0.0,1.0
1,1,,0.0,1.0
1,1,,0.0,1.0
1,1,,0.0,1.0
1,1,,0.0,1.0
1,1,,0.0,1.0
1,1,,0.0,1.0
1,1,,0.0,1.0
1,1,,0.0,1.0
1,1,,0.0,1.0
1,1,,0.0,1.0
0,0,,1.0,0.0
1,1,,0.0,1.0
1,1,,0.0,1.0
1,1,,0.0,1.0
1,1,,0.0,1.0
0,0,,1.0,0.0
1,1,,0.0,1.0
1,1,,0.0,1.0
1,1,,0.0,1.0
1,1,,0.0,1.0
1,1,,0.0,1.0
0,0,,1.0,0.0
1,1,,0.0,1.0
1,1,,0.0,1.0
1,1,,0.0,1.0
1,1,,0.0,1.0
1,1,,0.0,1.0
1,1,,0.0,1.0
1,1,,0.0,1.0
1,1,,0.0,1.0
0,0,,1.0,0.0
1,1,,0.0,1.0
1,1,,0.0,1.0
1,1,,0.0,1.0
1,1,,0.0,1.0
1,1,,0.0,1.0
1,1,,0.0,1.0
1,1,,0.0,1.0
1,1,,0.0,1.0
1,1,,0.0,1.0
1,1,,0.0,1.0
1,1,,0.0,1.0
1,1,,0.0,1.0
1,1,,0.0,1.0
1,1,,0.0,1.0
1,1,,0.0,1.0
1,1,,0.0,1.0
1,1,,0.0,1.0
1,1,,0.0,1.0
1,1,,0.0,1.0
0,0,,1.0,0.0
0,0,,1.0,0.0
1,1,,0.0,1.0
1,1,,0.0,1.0
1,1,,0.0,1.0
1,1,,0.0,1.0
1,1,,0.0,1.0
1,1,,0.0,1.0
0,0,,1.0,0.0
1,1,,0.0,1.0
1,1,,0.0,1.0
1,1,,0.0,1.0
1,1,,0.0,1.0
1,1,,0.0,1.0
1,1,,0.0,1.0
1,1,,0.0,1.0
1,1,,0.0,1.0
1,1,,0.0,1.0
0,0,,1.0,0.0
1,1,,0.0,1.0
1,1,,0.0,1.0
1,1,,0.0,1.0
0,0,,1.0,0.0
1,1,,0.0,1.0
1,1,,0.0,1.0
1,1,,0.0,1.0
1,1,,0.0,1.0
1,1,,0.0,1.0
1,1,,0.0,1.0
0,0,,1.0,0.0
1,1,,0.0,1.0
1,1,,0.0,1.0
1,1,,0.0,1.0
1,1,,0.0,1.0
1,1,,0.0,1.0
1,1,,0.0,1.0
1,1,,0.0,1.0
1,1,,0.0,1.0
0,0,,1.0,0.0
0,0,,1.0,0.0
1,1,,0.0,1.0
1,1,,0.0,1.0
1,1,,0.0,1.0
1,1,,0.0,1.0
1,1,,0.0,1.0
1,1,,0.0,1.0
1,1,,0.0,1.0
1,1,,0.0,1.0
1,1,,0.0,1.0
0,0,,1.0,0.0
1,1,,0.0,1.0
1,1,,0.0,1.0
1,1,,0.0,1.0
0,0,,1.0,0.0
1,1,,0.0,1.0
1,1,,0.0,1.0
1,1,,0.0,1.0
1,1,,0.0,1.0
1,1,,0.0,1.0
1,1,,0.0,1.0
0,0,,1.0,0.0
1,1,,0.0,1.0
1,1,,0.0,1.0
1,1,,0.0,1.0
1,1,,0.0,1.0
1,1,,0.0,1.0
1,1,,0.0,1.0
1,1,,0.0,1.0
1,1,,0.0,1.0
1,1,,0.0,1.0
1,1,,0.0,1.0
1,1,,0.0,1.0
1,1,,0.0,1.0
1,1,,0.0,1.0
0,0,,1.0,0.0
1,1,,0.0,1.0
0,0,,1.0,0.0
1,1,,0.0,1.0
1,1,,0.0,1.0
1,1,,0.0,1.0
0,0,,1.0,0.0
1,1,,0.0,1.0
0,0,,1.0,0.0
1,1,,0.0,1.0
1,1,,0.0,1.0
1,1,,0.0,1.0
1,1,,0.0,1.0
1,1,,0.0,1.0
1,1,,0.0,1.0
1,1,,0.0,1.0
1,1,,0.0,1.0
1,1,,0.0,1.0
1,1,,0.0,1.0
1,1,,0.0,1.0
1,1,,0.0,1.0
1,1,,0.0,1.0
1,1,,0.0,1.0
1,1,,0.0,1.0
1,1,,0.0,1.0
1,1,,0.0,1.0
1,1,,0.0,1.0
0,0,,1.0,0.0
1,1,,0.0,1.0
1,1,,0.0,1.0
1,1,,0.0,1.0
1,1,,0.0,1.0
1,1,,0.0,1.0
1,1,,0.0,1.0
1,1,,0.0,1.0
1,1,,0.0,1.0
0,0,,0.985,0.015
1,1,,0.0,1.0
0,0,,1.0,0.0
1,1,,0.0,1.0
0,0,,1.0,0.0
0,0,,1.0,0.0
1,1,,0.0,1.0
1,1,,0.0,1.0
1,1,,0.0,1.0
1,1,,0.0,1.0
0,0,,1.0,0.0
1,1,,0.0,1.0
1,1,,0.0,1.0
1,1,,0.0,1.0
1,1,,0.0,1.0
1,1,,0.0,1.0
1,1,,0.0,1.0
1,1,,0.0,1.0
1,1,,0.0,1.0
1,1,,0.0,1.0
1,1,,0.0,1.0
1,1,,0.0,1.0
1,1,,0.0,1.0
1,1,,0.0,1.0
1,1,,0.0,1.0
1,1,,0.0,1.0
1,1,,0.0,1.0
1,1,,0.0,1.0
1,1,,0.0,1.0
1,1,,0.0,1.0
1,1,,0.0,1.0
1,1,,0.0,1.0
1,1,,0.0,1.0
1,1,,0.0,1.0
1,1,,0.0,1.0
0,0,,1.0,0.0
1,1,,0.0,1.0
0,0,,0.995,0.005
1,1,,0.0,1.0
1,1,,0.0,1.0
1,1,,0.0,1.0
1,1,,0.0,1.0
1,1,,0.0,1.0
1,1,,0.0,1.0
1,1,,0.0,1.0
1,1,,0.0,1.0
1,1,,0.0,1.0
1,1,,0.0,1.0
1,1,,0.0,1.0
1,1,,0.0,1.0
1,1,,0.0,1.0
1,1,,0.0,1.0
1,1,,0.0,1.0
1,1,,0.0,1.0
1,1,,0.0,1.0
1,1,,0.0,1.0
1,1,,0.0,1.0
1,1,,0.0,1.0
1,1,,0.0,1.0
1,1,,0.0,1.0
1,1,,0.0,1.0
1,1,,0.0,1.0
1,1,,0.0,1.0
1,1,,0.0,1.0
1,1,,0.0,1.0
1,1,,0.0,1.0
1,1,,0.0,1.0
1,1,,0.0,1.0
1,1,,0.0,1.0
1,1,,0.0,1.0
1,1,,0.0,1.0
1,1,,0.0,1.0
1,1,,0.0,1.0
1,1,,0.0,1.0
1,1,,0.0,1.0
1,1,,0.0,1.0
1,1,,0.0,1.0
1,1,,0.0,1.0
1,1,,0.0,1.0
1,1,,0.0,1.0
0,0,,1.0,0.0
1,1,,0.0,1.0
1,1,,0.0,1.0
1,1,,0.0,1.0
1,1,,0.0,1.0
1,1,,0.0,1.0
1,1,,0.0,1.0
1,1,,0.0,1.0
1,1,,0.0,1.0
1,1,,0.0,1.0
1,1,,0.0,1.0
0,0,,1.0,0.0
1,1,,0.0,1.0
1,1,,0.0,1.0
1,1,,0.0,1.0
1,1,,0.0,1.0
1,1,,0.0,1.0
1,1,,0.0,1.0
0,0,,1.0,0.0
1,1,,0.0,1.0
0,0,,1.0,0.0
1,1,,0.0,1.0
1,1,,0.0,1.0
1,1,,0.0,1.0
1,1,,0.0,1.0
1,1,,0.0,1.0
1,1,,0.0,1.0
1,1,,0.0,1.0
1,1,,0.0,1.0
1,1,,0.0,1.0
1,1,,0.0,1.0
1,1,,0.0,1.0
1,1,,0.0,1.0
1,1,,0.0,1.0
1,1,,0.0,1.0
1,1,,0.0,1.0
1,1,,0.0,1.0
1,1,,0.0,1.0
1,1,,0.0,1.0
1,1,,0.0,1.0
1,1,,0.0,1.0
1,1,,0.0,1.0
1,1,,0.0,1.0
1,1,,0.0,1.0
1,1,,0.0,1.0
0,0,,1.0,0.0
1,1,,0.0,1.0
1,1,,0.0,1.0
1,1,,0.0,1.0
1,1,,0.0,1.0
1,1,,0.0,1.0
1,1,,0.0,1.0
1,1,,0.0,1.0
1,1,,0.0,1.0
1,1,,0.0,1.0
1,1,,0.0,1.0
0,0,,1.0,0.0
1,1,,0.0,1.0
1,1,,0.0,1.0
1,1,,0.0,1.0
1,1,,0.0,1.0
1,1,,0.0,1.0
1,1,,0.0,1.0
0,0,,1.0,0.0
1,1,,0.0,1.0
1,1,,0.0,1.0
1,1,,0.0,1.0
0,0,,1.0,0.0
1,1,,0.0,1.0
1,1,,0.0,1.0
1,1,,0.0,1.0
1,1,,0.0,1.0
1,1,,0.0,1.0
1,1,,0.0,1.0
1,1,,0.0,1.0
1,1,,0.0,1.0
1,1,,0.0,1.0
1,1,,0.0,1.0
1,1,,0.0,1.0
1,1,,0.0,1.0
1,1,,0.0,1.0
1,1,,0.0,1.0
1,1,,0.0,1.0
1,1,,0.0,1.0
1,1,,0.0,1.0
1,1,,0.0,1.0
1,1,,0.0,1.0
0,0,,1.0,0.0
1,1,,0.0,1.0
1,1,,0.0,1.0
1,1,,0.0,1.0
1,1,,0.0,1.0
1,1,,0.0,1.0
1,1,,0.0,1.0
1,1,,0.0,1.0
1,1,,0.0,1.0
1,1,,0.0,1.0
1,1,,0.0,1.0
1,1,,0.0,1.0
1,1,,0.0,1.0
1,1,,0.0,1.0
1,1,,0.0,1.0
1,1,,0.0,1.0
1,1,,0.0,1.0
1,1,,0.0,1.0
1,1,,0.0,1.0
1,1,,0.0,1.0
1,1,,0.0,1.0
1,1,,0.0,1.0
1,1,,0.0,1.0
1,1,,0.0,1.0
1,1,,0.0,1.0
1,1,,0.0,1.0
1,1,,0.0,1.0
1,1,,0.0,1.0
1,1,,0.0,1.0
1,1,,0.0,1.0
1,1,,0.0,1.0
1,1,,0.0,1.0
1,1,,0.0,1.0
1,1,,0.0,1.0
0,0,,1.0,0.0
1,1,,0.0,1.0
1,1,,0.0,1.0
1,1,,0.0,1.0
1,1,,0.0,1.0
1,1,,0.0,1.0
1,1,,0.0,1.0
1,1,,0.0,1.0
1,1,,0.0,1.0
1,1,,0.0,1.0
1,1,,0.0,1.0
1,1,,0.0,1.0
0,0,,1.0,0.0
1,1,,0.0,1.0
0,0,,1.0,0.0
1,1,,0.0,1.0
1,1,,0.0,1.0
1,1,,0.0,1.0
1,1,,0.0,1.0
1,1,,0.0,1.0
1,1,,0.0,1.0
1,1,,0.0,1.0
1,1,,0.0,1.0
1,1,,0.0,1.0
1,1,,0.0,1.0
1,1,,0.0,1.0
0,0,,1.0,0.0
1,1,,0.0,1.0
1,1,,0.0,1.0
1,1,,0.0,1.0
1,1,,0.0,1.0
0,0,,1.0,0.0
1,1,,0.0,1.0
1,1,,0.0,1.0
1,1,,0.0,1.0
1,1,,0.0,1.0
0,0,,1.0,0.0
1,1,,0.0,1.0
1,1,,0.0,1.0
1,1,,0.0,1.0
0,0,,1.0,0.0
1,1,,0.0,1.0
1,1,,0.0,1.0
1,1,,0.0,1.0
1,1,,0.0,1.0
1,1,,0.0,1.0
1,1,,0.0,1.0
1,1,,0.0,1.0
0,0,,1.0,0.0
1,1,,0.0,1.0
0,0,,1.0,0.0
0,0,,1.0,0.0
1,1,,0.0,1.0
1,1,,0.0,1.0
1,1,,0.0,1.0
1,1,,0.0,1.0
1,1,,0.0,1.0
1,1,,0.0,1.0
1,1,,0.0,1.0
1,1,,0.0,1.0
1,1,,0.0,1.0
1,1,,0.0,1.0
0,0,,1.0,0.0
1,1,,0.0,1.0
1,1,,0.0,1.0
1,1,,0.0,1.0
1,1,,0.0,1.0
1,1,,0.0,1.0
1,1,,0.0,1.0
1,1,,0.0,1.0
1,1,,0.0,1.0
1,1,,0.0,1.0
1,1,,0.0,1.0
1,1,,0.0,1.0
1,1,,0.0,1.0
0,0,,1.0,0.0
1,1,,0.0,1.0
1,1,,0.005,0.995
1,1,,0.0,1.0
1,1,,0.0,1.0
1,1,,0.0,1.0
1,1,,0.0,1.0
1,1,,0.0,1.0
1,1,,0.0,1.0
1,1,,0.0,1.0
1,1,,0.0,1.0
1,1,,0.0,1.0
1,1,,0.0,1.0
1,1,,0.0,1.0
1,1,,0.0,1.0
1,1,,0.0,1.0
1,1,,0.0,1.0
1,1,,0.0,1.0
1,1,,0.0,1.0
1,1,,0.0,1.0
1,1,,0.0,1.0
1,1,,0.0,1.0
0,0,,1.0,0.0
1,1,,0.0,1.0
1,1,,0.0,1.0
1,1,,0.0,1.0
0,0,,0.995,0.005
0,0,,1.0,0.0
1,1,,0.0,1.0
1,1,,0.0,1.0
1,1,,0.0,1.0
1,1,,0.0,1.0
1,1,,0.0,1.0
1,1,,0.0,1.0
1,1,,0.0,1.0
1,1,,0.0,1.0
1,1,,0.0,1.0
1,1,,0.0,1.0
1,1,,0.0,1.0
1,1,,0.0,1.0
1,1,,0.0,1.0
1,1,,0.0,1.0
1,1,,0.0,1.0
1,1,,0.0,1.0
0,0,,1.0,0.0
0,0,,1.0,0.0
1,1,,0.0,1.0
1,1,,0.0,1.0
0,0,,1.0,0.0
1,1,,0.0,1.0
1,1,,0.0,1.0
1,1,,0.0,1.0
1,1,,0.0,1.0
1,1,,0.0,1.0
1,1,,0.0,1.0
1,1,,0.0,1.0
1,1,,0.0,1.0
1,1,,0.0,1.0
1,1,,0.0,1.0
0,0,,1.0,0.0
1,1,,0.0,1.0
1,1,,0.0,1.0
1,1,,0.0,1.0
1,1,,0.0,1.0
1,1,,0.0,1.0
1,1,,0.0,1.0
1,1,,0.0,1.0
1,1,,0.0,1.0
1,1,,0.0,1.0
1,1,,0.0,1.0
1,1,,0.0,1.0
0,0,,1.0,0.0
1,1,,0.0,1.0
1,1,,0.0,1.0
1,1,,0.0,1.0
0,0,,1.0,0.0
1,1,,0.0,1.0
1,1,,0.0,1.0
1,1,,0.0,1.0
1,1,,0.0,1.0
1,1,,0.0,1.0
1,1,,0.0,1.0
1,1,,0.0,1.0
1,1,,0.0,1.0
1,1,,0.0,1.0
1,1,,0.0,1.0
1,1,,0.0,1.0
0,0,,1.0,0.0
1,1,,0.0,1.0
1,1,,0.0,1.0
1,1,,0.0,1.0
1,1,,0.0,1.0
1,1,,0.0,1.0
1,1,,0.0,1.0
1,1,,0.0,1.0
1,1,,0.0,1.0
1,1,,0.0,1.0
1,1,,0.0,1.0
1,1,,0.0,1.0
1,1,,0.0,1.0
0,0,,1.0,0.0
1,1,,0.0,1.0
1,1,,0.0,1.0
1,1,,0.0,1.0
1,1,,0.0,1.0
1,1,,0.0,1.0
1,1,,0.0,1.0
1,1,,0.0,1.0
1,1,,0.0,1.0
1,1,,0.0,1.0
1,1,,0.0,1.0
1,1,,0.0,1.0
1,1,,0.0,1.0
1,1,,0.0,1.0
1,1,,0.0,1.0
1,1,,0.0,1.0
1,1,,0.0,1.0
1,1,,0.0,1.0
0,0,,1.0,0.0
1,1,,0.005,0.995
1,1,,0.0,1.0
1,1,,0.0,1.0
1,1,,0.0,1.0
1,1,,0.0,1.0
1,1,,0.0,1.0
1,1,,0.0,1.0
1,1,,0.0,1.0
1,1,,0.0,1.0
0,0,,0.995,0.005
1,1,,0.0,1.0
1,1,,0.0,1.0
1,1,,0.0,1.0
1,1,,0.0,1.0
1,1,,0.0,1.0
1,1,,0.0,1.0
1,1,,0.0,1.0
1,1,,0.0,1.0
1,1,,0.0,1.0
1,1,,0.0,1.0
1,1,,0.0,1.0
0,0,,1.0,0.0
1,1,,0.0,1.0
1,1,,0.0,1.0
1,1,,0.0,1.0
1,1,,0.0,1.0
1,1,,0.0,1.0
1,1,,0.0,1.0
1,1,,0.0,1.0
1,1,,0.0,1.0
1,1,,0.0,1.0
1,1,,0.0,1.0
1,1,,0.0,1.0
1,1,,0.0,1.0
1,1,,0.0,1.0
1,1,,0.0,1.0
1,1,,0.0,1.0
1,1,,0.0,1.0
1,1,,0.0,1.0
1,1,,0.0,1.0
0,0,,1.0,0.0
1,1,,0.0,1.0
1,1,,0.0,1.0
1,1,,0.0,1.0
1,1,,0.0,1.0
1,1,,0.0,1.0
1,1,,0.0,1.0
1,1,,0.0,1.0
0,0,,1.0,0.0
1,1,,0.0,1.0
1,1,,0.0,1.0
1,1,,0.0,1.0
1,1,,0.0,1.0
1,1,,0.0,1.0
1,1,,0.0,1.0
1,1,,0.0,1.0
0,0,,0.995,0.005
0,0,,1.0,0.0
1,1,,0.0,1.0
1,1,,0.0,1.0
1,1,,0.0,1.0
1,1,,0.0,1.0
1,1,,0.0,1.0
1,1,,0.0,1.0
1,1,,0.0,1.0
1,1,,0.0,1.0
1,1,,0.0,1.0
1,1,,0.0,1.0
0,0,,1.0,0.0
1,1,,0.0,1.0
0,0,,1.0,0.0
1,1,,0.0,1.0
1,1,,0.0,1.0
1,1,,0.0,1.0
1,1,,0.0,1.0
1,1,,0.0,1.0
1,1,,0.0,1.0
1,1,,0.0,1.0
1,1,,0.0,1.0
1,1,,0.0,1.0
1,1,,0.0,1.0
0,0,,1.0,0.0
0,0,,1.0,0.0
1,1,,0.0,1.0
1,1,,0.0,1.0
1,1,,0.0,1.0
0,0,,1.0,0.0
1,1,,0.0,1.0
1,1,,0.0,1.0
1,1,,0.0,1.0
0,0,,1.0,0.0
1,1,,0.0,1.0
0,0,,1.0,0.0
1,1,,0.0,1.0
1,1,,0.0,1.0
0,0,,1.0,0.0
0,0,,0.995,0.005
0,0,,1.0,0.0
1,1,,0.0,1.0
1,1,,0.0,1.0
1,1,,0.0,1.0
1,1,,0.0,1.0
1,1,,0.0,1.0
1,1,,0.0,1.0
1,1,,0.0,1.0
1,1,,0.0,1.0
1,1,,0.0,1.0
1,1,,0.0,1.0
1,1,,0.0,1.0
1,1,,0.0,1.0
1,1,,0.0,1.0
1,1,,0.0,1.0
1,1,,0.0,1.0
1,1,,0.0,1.0
0,0,,1.0,0.0
1,1,,0.0,1.0
1,1,,0.0,1.0
1,1,,0.0,1.0
1,1,,0.0,1.0
0,0,,1.0,0.0
1,1,,0.0,1.0
1,1,,0.0,1.0
1,1,,0.0,1.0
1,1,,0.0,1.0
1,1,,0.0,1.0
0,0,,1.0,0.0
0,0,,1.0,0.0
0,0,,1.0,0.0
1,1,,0.0,1.0
1,1,,0.0,1.0
1,1,,0.0,1.0
0,0,,1.0,0.0
0,0,,1.0,0.0
1,1,,0.0,1.0
1,1,,0.0,1.0
0,0,,1.0,0.0
1,1,,0.0,1.0
1,1,,0.0,1.0
1,1,,0.0,1.0
1,1,,0.0,1.0
1,1,,0.0,1.0
1,1,,0.0,1.0
1,1,,0.0,1.0
1,1,,0.0,1.0
1,1,,0.0,1.0
1,1,,0.0,1.0
1,1,,0.0,1.0
1,1,,0.0,1.0
1,1,,0.0,1.0
1,1,,0.0,1.0
1,1,,0.0,1.0
1,1,,0.0,1.0
1,1,,0.0,1.0
1,1,,0.0,1.0
1,1,,0.0,1.0
1,1,,0.0,1.0
1,1,,0.0,1.0
1,1,,0.0,1.0
1,1,,0.0,1.0
1,1,,0.0,1.0
0,0,,1.0,0.0
1,1,,0.0,1.0
0,0,,1.0,0.0
1,1,,0.0,1.0
0,0,,1.0,0.0
1,1,,0.0,1.0
1,1,,0.0,1.0
1,1,,0.0,1.0
1,1,,0.0,1.0
1,1,,0.0,1.0
1,1,,0.0,1.0
1,1,,0.0,1.0
1,1,,0.0,1.0
1,1,,0.0,1.0
0,0,,1.0,0.0
1,1,,0.0,1.0
1,1,,0.0,1.0
1,1,,0.0,1.0
1,1,,0.0,1.0
1,1,,0.0,1.0
1,1,,0.0,1.0
1,1,,0.0,1.0
1,1,,0.0,1.0
1,1,,0.0,1.0
0,0,,1.0,0.0
1,1,,0.0,1.0
1,1,,0.0,1.0
1,1,,0.0,1.0
1,1,,0.0,1.0
1,1,,0.0,1.0
1,1,,0.0,1.0
1,1,,0.0,1.0
1,1,,0.0,1.0
1,1,,0.0,1.0
1,1,,0.0,1.0
1,1,,0.0,1.0
0,0,,1.0,0.0
1,1,,0.0,1.0
0,0,,0.995,0.005
1,1,,0.0,1.0
1,1,,0.0,1.0
1,1,,0.0,1.0
1,1,,0.0,1.0
1,1,,0.0,1.0
1,1,,0.0,1.0
1,1,,0.0,1.0
1,1,,0.0,1.0
1,1,,0.0,1.0
1,1,,0.0,1.0
1,1,,0.0,1.0
1,1,,0.0,1.0
1,1,,0.0,1.0
1,1,,0.0,1.0
0,0,,1.0,0.0
0,0,,1.0,0.0
1,1,,0.0,1.0
1,1,,0.0,1.0
1,1,,0.0,1.0
1,1,,0.0,1.0
1,1,,0.0,1.0
0,0,,1.0,0.0
1,1,,0.0,1.0
1,1,,0.0,1.0
1,1,,0.0,1.0
1,1,,0.0,1.0
1,1,,0.0,1.0
1,1,,0.0,1.0
1,1,,0.0,1.0
1,1,,0.0,1.0
1,1,,0.0,1.0
0,0,,1.0,0.0
1,1,,0.01,0.99
1,1,,0.0,1.0
1,1,,0.0,1.0
1,1,,0.0,1.0
1,1,,0.0,1.0
1,1,,0.0,1.0
1,1,,0.0,1.0
1,1,,0.0,1.0
1,1,,0.0,1.0
1,1,,0.0,1.0
1,1,,0.0,1.0
1,1,,0.0,1.0
1,1,,0.0,1.0
1,1,,0.0,1.0
1,1,,0.0,1.0
0,0,,1.0,0.0
1,1,,0.0,1.0
1,1,,0.0,1.0
1,1,,0.0,1.0
1,1,,0.0,1.0
1,1,,0.0,1.0
1,1,,0.0,1.0
1,1,,0.0,1.0
1,1,,0.0,1.0
0,0,,1.0,0.0
1,1,,0.0,1.0
1,1,,0.0,1.0
1,1,,0.0,1.0
1,1,,0.0,1.0
1,1,,0.0,1.0
0,0,,1.0,0.0
0,0,,1.0,0.0
1,1,,0.0,1.0
1,1,,0.0,1.0
1,1,,0.0,1.0
1,1,,0.0,1.0
1,1,,0.0,1.0
0,0,,1.0,0.0
1,1,,0.0,1.0
1,1,,0.0,1.0
1,1,,0.0,1.0
1,1,,0.0,1.0
1,1,,0.0,1.0
1,1,,0.0,1.0
1,1,,0.0,1.0
1,1,,0.0,1.0
1,1,,0.0,1.0
1,1,,0.0,1.0
1,1,,0.0,1.0
1,1,,0.0,1.0
1,1,,0.0,1.0
1,1,,0.0,1.0
1,1,,0.0,1.0
0,0,,1.0,0.0
1,1,,0.0,1.0
1,1,,0.0,1.0
1,1,,0.0,1.0
1,1,,0.0,1.0
1,1,,0.0,1.0
1,1,,0.0,1.0
1,1,,0.0,1.0
1,1,,0.0,1.0
1,1,,0.0,1.0
1,1,,0.0,1.0
0,0,,1.0,0.0
1,1,,0.0,1.0
1,1,,0.0,1.0
0,0,,1.0,0.0
1,1,,0.0,1.0
1,1,,0.0,1.0
1,1,,0.0,1.0
1,1,,0.0,1.0
1,1,,0.0,1.0
1,1,,0.0,1.0
1,1,,0.0,1.0
1,1,,0.0,1.0
1,1,,0.0,1.0
0,0,,1.0,0.0
1,1,,0.0,1.0
1,1,,0.0,1.0
1,1,,0.0,1.0
1,1,,0.0,1.0
1,1,,0.0,1.0
1,1,,0.0,1.0
0,0,,0.995,0.005
1,1,,0.0,1.0
1,1,,0.0,1.0
1,1,,0.0,1.0
1,1,,0.0,1.0
1,1,,0.0,1.0
1,1,,0.0,1.0
1,1,,0.0,1.0
1,1,,0.0,1.0
1,1,,0.0,1.0
1,1,,0.0,1.0
1,1,,0.0,1.0
1,1,,0.0,1.0
1,1,,0.0,1.0
0,0,,1.0,0.0
1,1,,0.0,1.0
1,1,,0.0,1.0
1,1,,0.0,1.0
1,1,,0.0,1.0
1,1,,0.0,1.0
1,1,,0.0,1.0
1,1,,0.0,1.0
1,1,,0.0,1.0
0,0,,1.0,0.0
0,0,,1.0,0.0
1,1,,0.0,1.0
1,1,,0.0,1.0
1,1,,0.0,1.0
1,1,,0.0,1.0
1,1,,0.0,1.0
1,1,,0.0,1.0
1,1,,0.0,1.0
1,1,,0.0,1.0
1,1,,0.0,1.0
0,0,,1.0,0.0
1,1,,0.0,1.0
1,1,,0.0,1.0
1,1,,0.0,1.0
1,1,,0.0,1.0
1,1,,0.0,1.0
1,1,,0.0,1.0
1,1,,0.0,1.0
1,1,,0.0,1.0
1,1,,0.0,1.0
1,1,,0.0,1.0
1,1,,0.0,1.0
1,1,,0.0,1.0
1,1,,0.0,1.0
1,1,,0.0,1.0
1,1,,0.0,1.0
1,1,,0.0,1.0
1,1,,0.0,1.0
1,1,,0.0,1.0
1,1,,0.0,1.0
1,1,,0.0,1.0
1,1,,0.0,1.0
1,1,,0.0,1.0
1,1,,0.0,1.0
1,1,,0.0,1.0
1,1,,0.0,1.0
1,1,,0.0,1.0
1,1,,0.0,1.0
0,0,,1.0,0.0
1,1,,0.0,1.0
1,1,,0.0,1.0
1,1,,0.0,1.0
1,1,,0.0,1.0
1,1,,0.0,1.0
0,0,,1.0,0.0
1,1,,0.0,1.0
0,0,,1.0,0.0
1,1,,0.0,1.0
1,1,,0.0,1.0
1,1,,0.0,1.0
1,1,,0.0,1.0
1,1,,0.0,1.0
1,1,,0.0,1.0
1,1,,0.0,1.0
1,1,,0.0,1.0
1,1,,0.0,1.0
1,1,,0.0,1.0
1,1,,0.0,1.0
1,1,,0.0,1.0
1,1,,0.0,1.0
0,0,,1.0,0.0
1,1,,0.0,1.0
1,1,,0.0,1.0
1,1,,0.0,1.0
1,1,,0.0,1.0
1,1,,0.0,1.0
1,1,,0.0,1.0
1,1,,0.0,1.0
1,1,,0.0,1.0
1,1,,0.0,1.0
1,1,,0.0,1.0
1,1,,0.0,1.0
1,1,,0.0,1.0
1,1,,0.0,1.0
1,1,,0.0,1.0
1,1,,0.0,1.0
1,1,,0.0,1.0
1,1,,0.0,1.0
1,1,,0.0,1.0
1,1,,0.0,1.0
0,0,,1.0,0.0
1,1,,0.0,1.0
1,1,,0.0,1.0
1,1,,0.0,1.0
1,1,,0.0,1.0
1,1,,0.0,1.0
1,1,,0.0,1.0
1,1,,0.0,1.0
1,1,,0.0,1.0
1,1,,0.0,1.0
1,1,,0.0,1.0
0,0,,1.0,0.0
1,1,,0.0,1.0
1,1,,0.0,1.0
1,1,,0.0,1.0
1,1,,0.0,1.0
1,1,,0.0,1.0
1,1,,0.0,1.0
0,0,,1.0,0.0
1,1,,0.0,1.0
0,0,,1.0,0.0
1,1,,0.0,1.0
1,1,,0.0,1.0
1,1,,0.0,1.0
1,1,,0.0,1.0
1,1,,0.0,1.0
1,1,,0.0,1.0
1,1,,0.0,1.0
1,1,,0.0,1.0
1,1,,0.0,1.0
1,1,,0.0,1.0
1,1,,0.0,1.0
1,1,,0.0,1.0
1,1,,0.0,1.0
1,1,,0.0,1.0
1,1,,0.0,1.0
1,1,,0.0,1.0
1,1,,0.0,1.0
1,1,,0.0,1.0
1,1,,0.0,1.0
1,1,,0.0,1.0
1,1,,0.0,1.0
1,1,,0.0,1.0
1,1,,0.0,1.0
1,1,,0.0,1.0
1,1,,0.0,1.0
1,1,,0.0,1.0
1,1,,0.0,1.0
1,1,,0.0,1.0
1,1,,0.0,1.0
1,1,,0.0,1.0
1,1,,0.0,1.0
1,1,,0.0,1.0
0,0,,1.0,0.0
1,1,,0.0,1.0
1,1,,0.0,1.0
1,1,,0.0,1.0
1,1,,0.0,1.0
1,1,,0.0,1.0
1,1,,0.0,1.0
1,1,,0.0,1.0
1,1,,0.0,1.0
1,1,,0.0,1.0
1,1,,0.0,1.0
1,1,,0.0,1.0
0,0,,1.0,0.0
0,0,,1.0,0.0
1,1,,0.0,1.0
0,0,,1.0,0.0
1,1,,0.0,1.0
1,1,,0.005,0.995
1,1,,0.0,1.0
1,1,,0.0,1.0
1,1,,0.0,1.0
1,1,,0.0,1.0
1,1,,0.0,1.0
1,1,,0.0,1.0
1,1,,0.0,1.0
1,1,,0.0,1.0
1,1,,0.0,1.0
1,1,,0.0,1.0
1,1,,0.0,1.0
1,1,,0.0,1.0
1,1,,0.0,1.0
1,1,,0.0,1.0
0,0,,1.0,0.0
1,1,,0.0,1.0
1,1,,0.0,1.0
1,1,,0.0,1.0
1,1,,0.0,1.0
1,1,,0.0,1.0
0,0,,0.995,0.005
0,0,,1.0,0.0
1,1,,0.0,1.0
0,0,,1.0,0.0
1,1,,0.0,1.0
1,1,,0.0,1.0
1,1,,0.0,1.0
1,1,,0.0,1.0
0,0,,1.0,0.0
1,1,,0.0,1.0
0,0,,1.0,0.0
1,1,,0.0,1.0
1,1,,0.0,1.0
1,1,,0.0,1.0
1,1,,0.0,1.0
0,0,,1.0,0.0
1,1,,0.0,1.0
1,1,,0.0,1.0
1,1,,0.0,1.0
1,1,,0.0,1.0
1,1,,0.0,1.0
1,1,,0.0,1.0
0,0,,1.0,0.0
1,1,,0.0,1.0
1,1,,0.0,1.0
1,1,,0.0,1.0
1,1,,0.0,1.0
1,1,,0.0,1.0
1,1,,0.0,1.0
1,1,,0.0,1.0
1,1,,0.0,1.0
1,1,,0.0,1.0
1,1,,0.0,1.0
1,1,,0.0,1.0
1,1,,0.0,1.0
1,1,,0.0,1.0
1,1,,0.0,1.0
1,1,,0.0,1.0
1,1,,0.0,1.0
1,1,,0.0,1.0
1,1,,0.0,1.0
1,1,,0.0,1.0
0,0,,1.0,0.0
1,1,,0.0,1.0
1,1,,0.0,1.0
1,1,,0.0,1.0
1,1,,0.0,1.0
1,1,,0.0,1.0
1,1,,0.0,1.0
1,1,,0.0,1.0
1,1,,0.0,1.0
1,1,,0.0,1.0
1,1,,0.0,1.0
1,1,,0.0,1.0
0,0,,1.0,0.0
1,1,,0.0,1.0
1,1,,0.0,1.0
1,1,,0.0,1.0
1,1,,0.0,1.0
1,1,,0.0,1.0
1,1,,0.0,1.0
1,1,,0.0,1.0
1,1,,0.0,1.0
1,1,,0.0,1.0
1,1,,0.0,1.0
1,1,,0.0,1.0
1,1,,0.0,1.0
0,0,,1.0,0.0
1,1,,0.0,1.0
1,1,,0.0,1.0
1,1,,0.0,1.0
1,1,,0.0,1.0
1,1,,0.0,1.0
1,1,,0.0,1.0
1,1,,0.0,1.0
1,1,,0.0,1.0
1,1,,0.0,1.0
1,1,,0.0,1.0
1,1,,0.0,1.0
1,1,,0.0,1.0
1,1,,0.0,1.0
1,1,,0.0,1.0
1,1,,0.0,1.0
1,1,,0.0,1.0
1,1,,0.0,1.0
1,1,,0.0,1.0
0,0,,0.995,0.005
1,1,,0.0,1.0
0,0,,1.0,0.0
1,1,,0.0,1.0
1,1,,0.0,1.0
1,1,,0.0,1.0
1,1,,0.0,1.0
1,1,,0.0,1.0
1,1,,0.0,1.0
1,1,,0.0,1.0
1,1,,0.0,1.0
1,1,,0.0,1.0
1,1,,0.0,1.0
1,1,,0.0,1.0
1,1,,0.0,1.0
1,1,,0.0,1.0
1,1,,0.0,1.0
0,0,,1.0,0.0
1,1,,0.0,1.0
1,1,,0.0,1.0
0,0,,1.0,0.0
1,1,,0.0,1.0
1,1,,0.0,1.0
1,1,,0.0,1.0
1,1,,0.0,1.0
1,1,,0.0,1.0
1,1,,0.0,1.0
1,1,,0.0,1.0
1,1,,0.0,1.0
1,1,,0.0,1.0
0,0,,1.0,0.0
1,1,,0.0,1.0
1,1,,0.0,1.0
1,1,,0.0,1.0
1,1,,0.0,1.0
1,1,,0.0,1.0
1,1,,0.0,1.0
1,1,,0.0,1.0
1,1,,0.0,1.0
1,1,,0.0,1.0
1,1,,0.0,1.0
1,1,,0.0,1.0
1,1,,0.0,1.0
1,1,,0.0,1.0
1,1,,0.0,1.0
1,1,,0.0,1.0
1,1,,0.0,1.0
1,1,,0.0,1.0
1,1,,0.0,1.0
1,1,,0.0,1.0
1,1,,0.0,1.0
1,1,,0.0,1.0
1,1,,0.0,1.0
1,1,,0.0,1.0
1,1,,0.0,1.0
0,0,,1.0,0.0
1,1,,0.0,1.0
1,1,,0.0,1.0
1,1,,0.0,1.0
1,1,,0.0,1.0
1,1,,0.0,1.0
1,1,,0.0,1.0
1,1,,0.0,1.0
1,1,,0.0,1.0
1,1,,0.0,1.0
0,0,,1.0,0.0
1,1,,0.0,1.0
1,1,,0.0,1.0
1,1,,0.0,1.0
1,1,,0.0,1.0
0,0,,1.0,0.0
0,0,,1.0,0.0
0,0,,1.0,0.0
1,1,,0.0,1.0
1,1,,0.0,1.0
1,1,,0.0,1.0
0,0,,1.0,0.0
1,1,,0.0,1.0
1,1,,0.0,1.0
1,1,,0.0,1.0
1,1,,0.0,1.0
1,1,,0.0,1.0
1,1,,0.0,1.0
1,1,,0.0,1.0
1,1,,0.0,1.0
1,1,,0.0,1.0
1,1,,0.0,1.0
1,1,,0.0,1.0
1,1,,0.0,1.0
1,1,,0.0,1.0
1,1,,0.0,1.0
1,1,,0.0,1.0
0,0,,1.0,0.0
1,1,,0.0,1.0
1,1,,0.0,1.0
0,0,,1.0,0.0
1,1,,0.0,1.0
1,1,,0.0,1.0
1,1,,0.0,1.0
1,1,,0.0,1.0
0,0,,0.99,0.01
1,1,,0.0,1.0
1,1,,0.0,1.0
1,1,,0.0,1.0
1,1,,0.0,1.0
1,1,,0.0,1.0
1,1,,0.0,1.0
1,1,,0.0,1.0
1,1,,0.0,1.0
1,1,,0.0,1.0
1,1,,0.0,1.0
1,1,,0.0,1.0
1,1,,0.0,1.0
1,1,,0.0,1.0
1,1,,0.0,1.0
1,1,,0.0,1.0
1,1,,0.0,1.0
1,1,,0.0,1.0
1,1,,0.0,1.0
1,1,,0.0,1.0
1,1,,0.0,1.0
1,1,,0.0,1.0
1,1,,0.0,1.0
1,1,,0.0,1.0
1,1,,0.0,1.0
1,1,,0.0,1.0
1,1,,0.0,1.0
1,1,,0.0,1.0
1,1,,0.0,1.0
1,1,,0.0,1.0
1,1,,0.0,1.0
1,1,,0.0,1.0
1,1,,0.0,1.0
0,0,,1.0,0.0
1,1,,0.0,1.0
1,1,,0.0,1.0
1,1,,0.0,1.0
1,1,,0.0,1.0
1,1,,0.0,1.0
1,1,,0.0,1.0
1,1,,0.0,1.0
1,1,,0.0,1.0
1,1,,0.0,1.0
0,0,,1.0,0.0
1,1,,0.0,1.0
1,1,,0.0,1.0
1,1,,0.0,1.0
0,0,,1.0,0.0
1,1,,0.0,1.0
1,1,,0.0,1.0
1,1,,0.0,1.0
1,1,,0.0,1.0
1,1,,0.0,1.0
1,1,,0.0,1.0
1,1,,0.0,1.0
1,1,,0.0,1.0
1,1,,0.0,1.0
1,1,,0.0,1.0
0,0,,1.0,0.0
1,1,,0.0,1.0
1,1,,0.0,1.0
1,1,,0.0,1.0
1,1,,0.0,1.0
1,1,,0.0,1.0
1,1,,0.0,1.0
1,1,,0.0,1.0
1,1,,0.0,1.0
1,1,,0.0,1.0
1,1,,0.0,1.0
1,1,,0.0,1.0
1,1,,0.0,1.0
1,1,,0.0,1.0
1,1,,0.0,1.0
0,0,,1.0,0.0
0,0,,1.0,0.0
1,1,,0.0,1.0
1,1,,0.0,1.0
1,1,,0.0,1.0
1,1,,0.0,1.0
1,1,,0.0,1.0
1,1,,0.0,1.0
1,1,,0.0,1.0
1,1,,0.0,1.0
1,1,,0.0,1.0
1,1,,0.0,1.0
1,1,,0.0,1.0
1,1,,0.0,1.0
1,1,,0.0,1.0
1,1,,0.0,1.0
1,1,,0.0,1.0
1,1,,0.0,1.0
1,1,,0.0,1.0
0,0,,1.0,0.0
1,1,,0.0,1.0
1,1,,0.0,1.0
1,1,,0.0,1.0
1,1,,0.0,1.0
1,1,,0.0,1.0
1,1,,0.0,1.0
1,1,,0.0,1.0
1,1,,0.0,1.0
1,1,,0.0,1.0
0,0,,1.0,0.0
1,1,,0.0,1.0
0,0,,0.995,0.005
0,0,,1.0,0.0
1,1,,0.0,1.0
1,1,,0.0,1.0
1,1,,0.0,1.0
1,1,,0.0,1.0
1,1,,0.0,1.0
1,1,,0.0,1.0
1,1,,0.0,1.0
1,1,,0.0,1.0
1,1,,0.0,1.0
1,1,,0.0,1.0
1,1,,0.0,1.0
1,1,,0.0,1.0
1,1,,0.0,1.0
1,1,,0.0,1.0
1,1,,0.0,1.0
1,1,,0.0,1.0
1,1,,0.0,1.0
1,1,,0.0,1.0
1,1,,0.0,1.0
1,1,,0.0,1.0
1,1,,0.0,1.0
1,1,,0.0,1.0
1,1,,0.0,1.0
1,1,,0.0,1.0
1,1,,0.0,1.0
1,1,,0.0,1.0
0,0,,1.0,0.0
1,1,,0.0,1.0
1,1,,0.0,1.0
1,1,,0.0,1.0
1,1,,0.0,1.0
1,1,,0.0,1.0
1,1,,0.0,1.0
1,1,,0.0,1.0
1,1,,0.0,1.0
1,1,,0.0,1.0
1,1,,0.0,1.0
1,1,,0.0,1.0
1,1,,0.0,1.0
1,1,,0.0,1.0
0,0,,1.0,0.0
1,1,,0.0,1.0
1,1,,0.0,1.0
0,0,,0.995,0.005
1,1,,0.0,1.0
1,1,,0.0,1.0
1,1,,0.0,1.0
1,1,,0.0,1.0
1,1,,0.0,1.0
1,1,,0.0,1.0
1,1,,0.0,1.0
1,1,,0.0,1.0
1,1,,0.0,1.0
1,1,,0.0,1.0
1,1,,0.0,1.0
1,1,,0.0,1.0
1,1,,0.0,1.0
1,1,,0.0,1.0
1,1,,0.0,1.0
1,1,,0.0,1.0
1,1,,0.0,1.0
1,1,,0.0,1.0
1,1,,0.0,1.0
1,1,,0.0,1.0
1,1,,0.0,1.0
0,0,,1.0,0.0
1,1,,0.0,1.0
1,1,,0.0,1.0
1,1,,0.0,1.0
0,0,,1.0,0.0
1,1,,0.0,1.0
1,1,,0.0,1.0
1,1,,0.0,1.0
1,1,,0.0,1.0
1,1,,0.0,1.0
1,1,,0.0,1.0
1,1,,0.0,1.0
1,1,,0.0,1.0
1,1,,0.0,1.0
1,1,,0.0,1.0
1,1,,0.0,1.0
1,1,,0.0,1.0
1,1,,0.0,1.0
1,1,,0.0,1.0
1,1,,0.0,1.0
0,0,,1.0,0.0
1,1,,0.0,1.0
1,1,,0.0,1.0
1,1,,0.0,1.0
1,1,,0.0,1.0
1,1,,0.0,1.0
1,1,,0.0,1.0
1,1,,0.0,1.0
1,1,,0.0,1.0
1,1,,0.0,1.0
1,1,,0.0,1.0
1,1,,0.0,1.0
1,1,,0.0,1.0
1,1,,0.0,1.0
1,1,,0.0,1.0
1,1,,0.0,1.0
1,1,,0.0,1.0
0,0,,1.0,0.0
1,1,,0.0,1.0
1,1,,0.0,1.0
1,1,,0.0,1.0
1,1,,0.0,1.0
1,1,,0.0,1.0
1,1,,0.0,1.0
1,1,,0.0,1.0
1,1,,0.0,1.0
1,1,,0.0,1.0
1,1,,0.0,1.0
1,1,,0.0,1.0
1,1,,0.0,1.0
1,1,,0.0,1.0
1,1,,0.0,1.0
1,1,,0.0,1.0
1,1,,0.0,1.0
1,1,,0.0,1.0
0,0,,1.0,0.0
1,1,,0.0,1.0
1,1,,0.0,1.0
1,1,,0.0,1.0
1,1,,0.0,1.0
0,0,,1.0,0.0
1,1,,0.0,1.0
0,0,,1.0,0.0
1,1,,0.0,1.0
1,1,,0.0,1.0
1,1,,0.0,1.0
0,0,,1.0,0.0
1,1,,0.0,1.0
0,0,,1.0,0.0
1,1,,0.0,1.0
1,1,,0.0,1.0
1,1,,0.0,1.0
0,0,,1.0,0.0
1,1,,0.0,1.0
1,1,,0.0,1.0
1,1,,0.0,1.0
1,1,,0.0,1.0
1,1,,0.0,1.0
1,1,,0.0,1.0
1,1,,0.0,1.0
1,1,,0.0,1.0
1,1,,0.0,1.0
1,1,,0.0,1.0
1,1,,0.0,1.0
1,1,,0.0,1.0
1,1,,0.0,1.0
1,1,,0.0,1.0
1,1,,0.0,1.0
1,1,,0.0,1.0
0,0,,1.0,0.0
1,1,,0.0,1.0
1,1,,0.0,1.0
0,0,,1.0,0.0
1,1,,0.0,1.0
1,1,,0.0,1.0
1,1,,0.0,1.0
1,1,,0.0,1.0
0,0,,1.0,0.0
1,1,,0.0,1.0
1,1,,0.0,1.0
1,1,,0.0,1.0
1,1,,0.0,1.0
1,1,,0.0,1.0
1,1,,0.0,1.0
1,1,,0.0,1.0
0,0,,1.0,0.0
1,1,,0.0,1.0
1,1,,0.0,1.0
0,0,,1.0,0.0
1,1,,0.0,1.0
1,1,,0.0,1.0
1,1,,0.0,1.0
0,0,,1.0,0.0
1,1,,0.0,1.0
0,0,,1.0,0.0
1,1,,0.0,1.0
0,0,,1.0,0.0
1,1,,0.0,1.0
1,1,,0.0,1.0
1,1,,0.0,1.0
1,1,,0.005,0.995
0,0,,1.0,0.0
0,0,,1.0,0.0
1,1,,0.0,1.0
1,1,,0.0,1.0
0,0,,1.0,0.0
1,1,,0.0,1.0
1,1,,0.0,1.0
1,1,,0.0,1.0
1,1,,0.0,1.0
1,1,,0.0,1.0
1,1,,0.0,1.0
1,1,,0.0,1.0
0,0,,1.0,0.0
1,1,,0.0,1.0
1,1,,0.0,1.0
1,1,,0.0,1.0
1,1,,0.0,1.0
1,1,,0.0,1.0
1,1,,0.0,1.0
1,1,,0.0,1.0
1,1,,0.0,1.0
1,1,,0.0,1.0
1,1,,0.0,1.0
1,1,,0.0,1.0
1,1,,0.0,1.0
1,1,,0.0,1.0
1,1,,0.0,1.0
1,1,,0.0,1.0
1,1,,0.0,1.0
1,1,,0.0,1.0
0,0,,1.0,0.0
1,1,,0.0,1.0
1,1,,0.0,1.0
1,1,,0.0,1.0
1,1,,0.0,1.0
1,1,,0.0,1.0
1,1,,0.0,1.0
1,1,,0.0,1.0
1,1,,0.0,1.0
1,1,,0.0,1.0
1,1,,0.0,1.0
1,1,,0.0,1.0
1,1,,0.0,1.0
1,1,,0.0,1.0
1,1,,0.0,1.0
1,1,,0.0,1.0
1,1,,0.0,1.0
1,1,,0.0,1.0
1,1,,0.0,1.0
1,1,,0.0,1.0
1,1,,0.0,1.0
1,1,,0.0,1.0
1,1,,0.0,1.0
1,1,,0.0,1.0
1,1,,0.0,1.0
1,1,,0.0,1.0
1,1,,0.0,1.0
1,1,,0.0,1.0
1,1,,0.0,1.0
1,1,,0.0,1.0
1,1,,0.0,1.0
1,1,,0.0,1.0
0,0,,1.0,0.0
1,1,,0.0,1.0
1,1,,0.0,1.0
1,1,,0.0,1.0
0,0,,1.0,0.0
1,1,,0.0,1.0
1,1,,0.0,1.0
1,1,,0.0,1.0
1,1,,0.0,1.0
1,1,,0.0,1.0
1,1,,0.0,1.0
1,1,,0.0,1.0
1,1,,0.0,1.0
1,1,,0.0,1.0
1,1,,0.0,1.0
1,1,,0.0,1.0
1,1,,0.0,1.0
1,1,,0.0,1.0
1,1,,0.0,1.0
1,1,,0.0,1.0
1,1,,0.0,1.0
0,0,,1.0,0.0
1,1,,0.0,1.0
1,1,,0.0,1.0
1,1,,0.0,1.0
0,0,,1.0,0.0
1,1,,0.0,1.0
1,1,,0.0,1.0
1,1,,0.0,1.0
1,1,,0.0,1.0
1,1,,0.0,1.0
1,1,,0.0,1.0
1,1,,0.0,1.0
1,1,,0.0,1.0
1,1,,0.0,1.0
1,1,,0.0,1.0
1,1,,0.0,1.0
1,1,,0.0,1.0
1,1,,0.0,1.0
1,1,,0.0,1.0
1,1,,0.0,1.0
1,1,,0.0,1.0
1,1,,0.0,1.0
1,1,,0.0,1.0
1,1,,0.0,1.0
1,1,,0.0,1.0
1,1,,0.0,1.0
1,1,,0.0,1.0
1,1,,0.0,1.0
1,1,,0.0,1.0
1,1,,0.0,1.0
1,1,,0.0,1.0
1,1,,0.0,1.0
0,0,,1.0,0.0
1,1,,0.0,1.0
1,1,,0.0,1.0
1,1,,0.0,1.0
0,0,,1.0,0.0
1,1,,0.0,1.0
1,1,,0.0,1.0
0,0,,1.0,0.0
1,1,,0.0,1.0
1,1,,0.0,1.0
1,1,,0.0,1.0
1,1,,0.0,1.0
1,1,,0.0,1.0
1,1,,0.0,1.0
1,1,,0.0,1.0
1,1,,0.0,1.0
1,1,,0.0,1.0
1,1,,0.0,1.0
1,1,,0.0,1.0
1,1,,0.0,1.0
1,1,,0.0,1.0
1,1,,0.0,1.0
1,1,,0.0,1.0
1,1,,0.0,1.0
1,1,,0.0,1.0
1,1,,0.0,1.0
1,1,,0.0,1.0
1,1,,0.0,1.0
1,1,,0.0,1.0
0,0,,1.0,0.0
1,1,,0.0,1.0
1,1,,0.0,1.0
1,1,,0.0,1.0
1,1,,0.0,1.0
1,1,,0.0,1.0
1,1,,0.0,1.0
1,1,,0.0,1.0
1,1,,0.0,1.0
1,1,,0.0,1.0
1,1,,0.0,1.0
1,1,,0.0,1.0
1,1,,0.0,1.0
1,1,,0.0,1.0
1,1,,0.0,1.0
1,1,,0.0,1.0
0,0,,1.0,0.0
1,1,,0.0,1.0
1,1,,0.0,1.0
1,1,,0.0,1.0
1,1,,0.0,1.0
0,0,,1.0,0.0
1,1,,0.0,1.0
1,1,,0.0,1.0
1,1,,0.0,1.0
0,0,,1.0,0.0
1,1,,0.0,1.0
1,1,,0.0,1.0
1,1,,0.0,1.0
1,1,,0.0,1.0
0,0,,1.0,0.0
1,1,,0.0,1.0
1,1,,0.0,1.0
1,1,,0.0,1.0
1,1,,0.0,1.0
1,1,,0.0,1.0
0,0,,1.0,0.0
0,0,,1.0,0.0
1,1,,0.0,1.0
1,1,,0.0,1.0
1,1,,0.0,1.0
1,1,,0.0,1.0
1,1,,0.0,1.0
0,0,,1.0,0.0
0,0,,1.0,0.0
1,1,,0.0,1.0
1,1,,0.0,1.0
1,1,,0.0,1.0
1,1,,0.0,1.0
1,1,,0.0,1.0
1,1,,0.0,1.0
0,0,,1.0,0.0
1,1,,0.0,1.0
1,1,,0.0,1.0
1,1,,0.0,1.0
1,1,,0.0,1.0
1,1,,0.0,1.0
1,1,,0.0,1.0
1,1,,0.0,1.0
1,1,,0.0,1.0
1,1,,0.0,1.0
1,1,,0.0,1.0
1,1,,0.0,1.0
1,1,,0.0,1.0
1,1,,0.0,1.0
1,1,,0.0,1.0
1,1,,0.0,1.0
1,1,,0.0,1.0
1,1,,0.0,1.0
1,1,,0.0,1.0
1,1,,0.0,1.0
1,1,,0.0,1.0
1,1,,0.0,1.0
0,0,,1.0,0.0
1,1,,0.0,1.0
0,0,,1.0,0.0
1,1,,0.0,1.0
1,1,,0.0,1.0
1,1,,0.0,1.0
1,1,,0.0,1.0
1,1,,0.0,1.0
1,1,,0.0,1.0
0,0,,1.0,0.0
1,1,,0.0,1.0
1,1,,0.0,1.0
1,1,,0.0,1.0
1,1,,0.0,1.0
1,1,,0.0,1.0
1,1,,0.0,1.0
1,1,,0.0,1.0
1,1,,0.0,1.0
0,0,,1.0,0.0
1,1,,0.0,1.0
1,1,,0.0,1.0
1,1,,0.0,1.0
1,1,,0.0,1.0
1,1,,0.0,1.0
1,1,,0.0,1.0
1,1,,0.0,1.0
1,1,,0.0,1.0
0,0,,1.0,0.0
1,1,,0.0,1.0
1,1,,0.0,1.0
1,1,,0.0,1.0
1,1,,0.0,1.0
0,0,,1.0,0.0
1,1,,0.0,1.0
1,1,,0.0,1.0
1,1,,0.0,1.0
1,1,,0.0,1.0
1,1,,0.0,1.0
1,1,,0.0,1.0
1,1,,0.0,1.0
1,1,,0.0,1.0
0,0,,1.0,0.0
1,1,,0.0,1.0
0,0,,1.0,0.0
1,1,,0.0,1.0
1,1,,0.0,1.0
1,1,,0.0,1.0
1,1,,0.0,1.0
1,1,,0.0,1.0
0,0,,1.0,0.0
1,1,,0.0,1.0
1,1,,0.0,1.0
1,1,,0.0,1.0
0,0,,1.0,0.0
0,0,,1.0,0.0
1,1,,0.0,1.0
1,1,,0.0,1.0
1,1,,0.0,1.0
1,1,,0.0,1.0
1,1,,0.0,1.0
1,1,,0.0,1.0
1,1,,0.0,1.0
1,1,,0.0,1.0
1,1,,0.0,1.0
0,0,,1.0,0.0
1,1,,0.0,1.0
1,1,,0.0,1.0
1,1,,0.0,1.0
0,0,,1.0,0.0
1,1,,0.0,1.0
1,1,,0.0,1.0
1,1,,0.0,1.0
1,1,,0.0,1.0
1,1,,0.0,1.0
1,1,,0.0,1.0
0,0,,1.0,0.0
1,1,,0.0,1.0
1,1,,0.0,1.0
1,1,,0.0,1.0
1,1,,0.0,1.0
1,1,,0.0,1.0
1,1,,0.0,1.0
1,1,,0.0,1.0
1,1,,0.0,1.0
1,1,,0.0,1.0
1,1,,0.0,1.0
1,1,,0.0,1.0
1,1,,0.0,1.0
1,1,,0.0,1.0
1,1,,0.0,1.0
1,1,,0.0,1.0
1,1,,0.0,1.0
1,1,,0.0,1.0
1,1,,0.0,1.0
1,1,,0.0,1.0
1,1,,0.0,1.0
1,1,,0.0,1.0
1,1,,0.0,1.0
1,1,,0.0,1.0
1,1,,0.0,1.0
1,1,,0.0,1.0
1,1,,0.0,1.0
0,0,,1.0,0.0
1,1,,0.0,1.0
1,1,,0.0,1.0
1,1,,0.0,1.0
1,1,,0.0,1.0
1,1,,0.0,1.0
1,1,,0.0,1.0
1,1,,0.0,1.0
0,0,,1.0,0.0
1,1,,0.0,1.0
1,1,,0.0,1.0
1,1,,0.0,1.0
1,1,,0.0,1.0
1,1,,0.0,1.0
1,1,,0.0,1.0
1,1,,0.0,1.0
1,1,,0.0,1.0
0,0,,1.0,0.0
0,0,,0.995,0.005
1,1,,0.0,1.0
1,1,,0.0,1.0
1,1,,0.0,1.0
1,1,,0.0,1.0
1,1,,0.0,1.0
1,1,,0.0,1.0
1,1,,0.0,1.0
1,1,,0.0,1.0
1,1,,0.0,1.0
0,0,,1.0,0.0
1,1,,0.0,1.0
1,1,,0.0,1.0
1,1,,0.0,1.0
1,1,,0.0,1.0
1,1,,0.0,1.0
1,1,,0.0,1.0
1,1,,0.0,1.0
1,1,,0.0,1.0
1,1,,0.0,1.0
1,1,,0.0,1.0
0,0,,1.0,0.0
1,1,,0.0,1.0
0,0,,1.0,0.0
0,0,,1.0,0.0
0,0,,1.0,0.0
0,0,,1.0,0.0
1,1,,0.0,1.0
1,1,,0.0,1.0
1,1,,0.0,1.0
1,1,,0.0,1.0
1,1,,0.0,1.0
1,1,,0.0,1.0
1,1,,0.0,1.0
1,1,,0.0,1.0
1,1,,0.0,1.0
1,1,,0.0,1.0
1,1,,0.0,1.0
1,1,,0.0,1.0
1,1,,0.0,1.0
1,1,,0.0,1.0
1,1,,0.0,1.0
1,1,,0.0,1.0
1,1,,0.0,1.0
1,1,,0.0,1.0
1,1,,0.0,1.0
1,1,,0.0,1.0
1,1,,0.0,1.0
1,1,,0.0,1.0
1,1,,0.0,1.0
1,1,,0.0,1.0
1,1,,0.0,1.0
1,1,,0.0,1.0
0,0,,1.0,0.0
1,1,,0.0,1.0
1,1,,0.0,1.0
1,1,,0.0,1.0
1,1,,0.0,1.0
1,1,,0.0,1.0
1,1,,0.0,1.0
1,1,,0.0,1.0
1,1,,0.0,1.0
1,1,,0.0,1.0
1,1,,0.0,1.0
1,1,,0.0,1.0
1,1,,0.0,1.0
1,1,,0.0,1.0
0,0,,1.0,0.0
1,1,,0.0,1.0
1,1,,0.0,1.0
1,1,,0.0,1.0
1,1,,0.0,1.0
1,1,,0.0,1.0
0,0,,1.0,0.0
1,1,,0.0,1.0
1,1,,0.0,1.0
0,0,,1.0,0.0
1,1,,0.0,1.0
1,1,,0.0,1.0
1,1,,0.0,1.0
1,1,,0.0,1.0
1,1,,0.0,1.0
1,1,,0.015,0.985
1,1,,0.0,1.0
0,0,,1.0,0.0
1,1,,0.0,1.0
1,1,,0.0,1.0
1,1,,0.0,1.0
1,1,,0.0,1.0
1,1,,0.0,1.0
1,1,,0.0,1.0
1,1,,0.0,1.0
0,0,,0.995,0.005
1,1,,0.0,1.0
1,1,,0.0,1.0
0,0,,0.995,0.005
1,1,,0.0,1.0
1,1,,0.0,1.0
1,1,,0.0,1.0
1,1,,0.0,1.0
1,1,,0.0,1.0
1,1,,0.0,1.0
1,1,,0.0,1.0
0,0,,1.0,0.0
1,1,,0.0,1.0
1,1,,0.0,1.0
1,1,,0.0,1.0
1,1,,0.0,1.0
1,1,,0.0,1.0
1,1,,0.0,1.0
1,1,,0.0,1.0
1,1,,0.0,1.0
1,1,,0.0,1.0
1,1,,0.0,1.0
1,1,,0.0,1.0
1,1,,0.0,1.0
0,0,,1.0,0.0
1,1,,0.0,1.0
0,0,,1.0,0.0
1,1,,0.0,1.0
1,1,,0.0,1.0
1,1,,0.0,1.0
1,1,,0.0,1.0
1,1,,0.0,1.0
1,1,,0.0,1.0
1,1,,0.0,1.0
1,1,,0.0,1.0
1,1,,0.0,1.0
0,0,,1.0,0.0
1,1,,0.0,1.0
1,1,,0.0,1.0
1,1,,0.0,1.0
1,1,,0.0,1.0
1,1,,0.0,1.0
1,1,,0.0,1.0
1,1,,0.0,1.0
1,1,,0.0,1.0
1,1,,0.0,1.0
1,1,,0.0,1.0
1,1,,0.0,1.0
1,1,,0.0,1.0
1,1,,0.0,1.0
1,1,,0.0,1.0
1,1,,0.0,1.0
1,1,,0.0,1.0
1,1,,0.0,1.0
1,1,,0.0,1.0
0,0,,1.0,0.0
1,1,,0.0,1.0
1,1,,0.0,1.0
1,1,,0.0,1.0
1,1,,0.0,1.0
1,1,,0.0,1.0
1,1,,0.0,1.0
1,1,,0.0,1.0
1,1,,0.0,1.0
1,1,,0.0,1.0
1,1,,0.0,1.0
1,1,,0.0,1.0
1,1,,0.0,1.0
0,0,,1.0,0.0
1,1,,0.0,1.0
1,1,,0.0,1.0
1,1,,0.0,1.0
1,1,,0.0,1.0
0,0,,1.0,0.0
1,1,,0.0,1.0
1,1,,0.0,1.0
1,1,,0.0,1.0
1,1,,0.0,1.0
1,1,,0.0,1.0
1,1,,0.0,1.0
1,1,,0.0,1.0
1,1,,0.0,1.0
1,1,,0.0,1.0
0,0,,1.0,0.0
1,1,,0.0,1.0
1,1,,0.0,1.0
1,1,,0.0,1.0
0,0,,1.0,0.0
0,0,,1.0,0.0
1,1,,0.0,1.0
1,1,,0.0,1.0
1,1,,0.0,1.0
0,0,,1.0,0.0
1,1,,0.0,1.0
1,1,,0.0,1.0
0,0,,1.0,0.0
1,1,,0.0,1.0
1,1,,0.0,1.0
1,1,,0.0,1.0
1,1,,0.0,1.0
1,1,,0.0,1.0
1,1,,0.0,1.0
1,1,,0.0,1.0
1,1,,0.0,1.0
1,1,,0.0,1.0
1,1,,0.0,1.0
1,1,,0.0,1.0
1,1,,0.0,1.0
1,1,,0.0,1.0
1,1,,0.0,1.0
1,1,,0.0,1.0
1,1,,0.0,1.0
1,1,,0.0,1.0
1,1,,0.0,1.0
1,1,,0.0,1.0
1,1,,0.0,1.0
1,1,,0.0,1.0
1,1,,0.0,1.0
1,1,,0.0,1.0
0,0,,1.0,0.0
1,1,,0.0,1.0
1,1,,0.0,1.0
1,1,,0.0,1.0
1,1,,0.0,1.0
1,1,,0.0,1.0
1,1,,0.0,1.0
1,1,,0.0,1.0
1,1,,0.0,1.0
0,0,,1.0,0.0
1,1,,0.0,1.0
1,1,,0.0,1.0
1,1,,0.0,1.0
0,0,,1.0,0.0
1,1,,0.0,1.0
1,1,,0.0,1.0
1,1,,0.0,1.0
1,1,,0.0,1.0
1,1,,0.0,1.0
1,1,,0.0,1.0
1,1,,0.0,1.0
1,1,,0.0,1.0
1,1,,0.0,1.0
1,1,,0.0,1.0
1,1,,0.0,1.0
1,1,,0.0,1.0
1,1,,0.0,1.0
1,1,,0.0,1.0
1,1,,0.0,1.0
1,1,,0.0,1.0
1,1,,0.0,1.0
1,1,,0.0,1.0
1,1,,0.0,1.0
1,1,,0.0,1.0
1,1,,0.0,1.0
1,1,,0.0,1.0
1,1,,0.0,1.0
1,1,,0.0,1.0
1,1,,0.0,1.0
1,1,,0.0,1.0
1,1,,0.0,1.0
1,1,,0.0,1.0
1,1,,0.0,1.0
0,0,,1.0,0.0
1,1,,0.0,1.0
1,1,,0.0,1.0
1,1,,0.0,1.0
1,1,,0.0,1.0
1,1,,0.0,1.0
1,1,,0.0,1.0
1,1,,0.0,1.0
1,1,,0.0,1.0
1,1,,0.0,1.0
1,1,,0.0,1.0
0,0,,1.0,0.0
1,1,,0.0,1.0
1,1,,0.0,1.0
1,1,,0.0,1.0
1,1,,0.0,1.0
1,1,,0.0,1.0
1,1,,0.0,1.0
1,1,,0.0,1.0
0,0,,1.0,0.0
1,1,,0.0,1.0
1,1,,0.0,1.0
1,1,,0.0,1.0
1,1,,0.0,1.0
1,1,,0.0,1.0
1,1,,0.0,1.0
1,1,,0.0,1.0
1,1,,0.0,1.0
1,1,,0.0,1.0
1,1,,0.0,1.0
1,1,,0.0,1.0
1,1,,0.0,1.0
1,1,,0.0,1.0
1,1,,0.0,1.0
1,1,,0.0,1.0
0,0,,1.0,0.0
1,1,,0.0,1.0
0,0,,1.0,0.0
1,1,,0.0,1.0
1,1,,0.0,1.0
1,1,,0.0,1.0
1,1,,0.0,1.0
1,1,,0.0,1.0
1,1,,0.0,1.0
1,1,,0.0,1.0
0,0,,1.0,0.0
1,1,,0.0,1.0
1,1,,0.0,1.0
1,1,,0.0,1.0
1,1,,0.0,1.0
1,1,,0.0,1.0
1,1,,0.0,1.0
1,1,,0.0,1.0
1,1,,0.0,1.0
1,1,,0.0,1.0
1,1,,0.0,1.0
0,0,,1.0,0.0
1,1,,0.0,1.0
1,1,,0.0,1.0
1,1,,0.0,1.0
1,1,,0.0,1.0
0,0,,1.0,0.0
0,0,,1.0,0.0
1,1,,0.0,1.0
1,1,,0.0,1.0
1,1,,0.0,1.0
1,1,,0.0,1.0
1,1,,0.0,1.0
1,1,,0.0,1.0
1,1,,0.0,1.0
0,0,,1.0,0.0
0,0,,1.0,0.0
1,1,,0.0,1.0
1,1,,0.0,1.0
1,1,,0.0,1.0
1,1,,0.0,1.0
1,1,,0.0,1.0
1,1,,0.0,1.0
1,1,,0.0,1.0
0,0,,1.0,0.0
1,1,,0.0,1.0
1,1,,0.0,1.0
1,1,,0.0,1.0
1,1,,0.0,1.0
0,0,,1.0,0.0
1,1,,0.0,1.0
1,1,,0.0,1.0
1,1,,0.0,1.0
1,1,,0.0,1.0
1,1,,0.0,1.0
1,1,,0.0,1.0
0,0,,1.0,0.0
1,1,,0.0,1.0
1,1,,0.0,1.0
0,0,,1.0,0.0
0,0,,1.0,0.0
0,0,,1.0,0.0
1,1,,0.0,1.0
1,1,,0.0,1.0
1,1,,0.0,1.0
1,1,,0.0,1.0
1,1,,0.0,1.0
1,1,,0.0,1.0
1,1,,0.0,1.0
1,1,,0.0,1.0
1,1,,0.0,1.0
0,0,,1.0,0.0
0,0,,1.0,0.0
1,1,,0.0,1.0
0,0,,1.0,0.0
1,1,,0.0,1.0
1,1,,0.0,1.0
1,1,,0.0,1.0
1,1,,0.0,1.0
1,1,,0.0,1.0
1,1,,0.0,1.0
0,0,,1.0,0.0
1,1,,0.0,1.0
1,1,,0.0,1.0
1,1,,0.0,1.0
1,1,,0.0,1.0
1,1,,0.0,1.0
1,1,,0.0,1.0
1,1,,0.0,1.0
1,1,,0.0,1.0
1,1,,0.0,1.0
0,0,,1.0,0.0
1,1,,0.0,1.0
1,1,,0.0,1.0
0,0,,1.0,0.0
1,1,,0.0,1.0
1,1,,0.0,1.0
1,1,,0.0,1.0
1,1,,0.0,1.0
1,1,,0.0,1.0
1,1,,0.0,1.0
1,1,,0.0,1.0
1,1,,0.0,1.0
0,0,,1.0,0.0
1,1,,0.0,1.0
1,1,,0.0,1.0
1,1,,0.0,1.0
1,1,,0.0,1.0
1,1,,0.0,1.0
1,1,,0.0,1.0
1,1,,0.0,1.0
0,0,,1.0,0.0
1,1,,0.0,1.0
1,1,,0.0,1.0
0,0,,1.0,0.0
1,1,,0.0,1.0
1,1,,0.0,1.0
1,1,,0.0,1.0
0,0,,1.0,0.0
1,1,,0.0,1.0
1,1,,0.0,1.0
1,1,,0.0,1.0
1,1,,0.0,1.0
1,1,,0.0,1.0
1,1,,0.0,1.0
1,1,,0.005,0.995
1,1,,0.0,1.0
0,0,,1.0,0.0
1,1,,0.0,1.0
1,1,,0.0,1.0
1,1,,0.0,1.0
1,1,,0.0,1.0
1,1,,0.0,1.0
1,1,,0.0,1.0
1,1,,0.0,1.0
1,1,,0.0,1.0
1,1,,0.0,1.0
1,1,,0.0,1.0
1,1,,0.0,1.0
0,0,,1.0,0.0
1,1,,0.0,1.0
1,1,,0.0,1.0
1,1,,0.0,1.0
1,1,,0.0,1.0
1,1,,0.0,1.0
0,0,,1.0,0.0
1,1,,0.0,1.0
1,1,,0.0,1.0
1,1,,0.0,1.0
1,1,,0.0,1.0
1,1,,0.0,1.0
1,1,,0.0,1.0
1,1,,0.0,1.0
1,1,,0.0,1.0
1,1,,0.0,1.0
1,1,,0.0,1.0
0,0,,1.0,0.0
1,1,,0.0,1.0
1,1,,0.0,1.0
1,1,,0.0,1.0
1,1,,0.0,1.0
1,1,,0.0,1.0
1,1,,0.0,1.0
1,1,,0.0,1.0
1,1,,0.0,1.0
1,1,,0.0,1.0
1,1,,0.0,1.0
1,1,,0.0,1.0
0,0,,1.0,0.0
1,1,,0.0,1.0
1,1,,0.0,1.0
0,0,,1.0,0.0
1,1,,0.0,1.0
1,1,,0.0,1.0
1,1,,0.0,1.0
1,1,,0.0,1.0
0,0,,1.0,0.0
0,0,,1.0,0.0
1,1,,0.0,1.0
1,1,,0.0,1.0
1,1,,0.0,1.0
1,1,,0.0,1.0
1,1,,0.0,1.0
0,0,,1.0,0.0
1,1,,0.0,1.0
1,1,,0.0,1.0
0,0,,1.0,0.0
1,1,,0.0,1.0
1,1,,0.0,1.0
1,1,,0.0,1.0
0,0,,1.0,0.0
1,1,,0.0,1.0
1,1,,0.0,1.0
1,1,,0.0,1.0
1,1,,0.0,1.0
1,1,,0.0,1.0
1,1,,0.0,1.0
1,1,,0.0,1.0
1,1,,0.0,1.0
1,1,,0.0,1.0
0,0,,1.0,0.0
1,1,,0.0,1.0
1,1,,0.0,1.0
1,1,,0.0,1.0
1,1,,0.0,1.0
1,1,,0.0,1.0
1,1,,0.0,1.0
1,1,,0.0,1.0
0,0,,1.0,0.0
1,1,,0.0,1.0
1,1,,0.0,1.0
1,1,,0.0,1.0
1,1,,0.0,1.0
1,1,,0.0,1.0
1,1,,0.0,1.0
1,1,,0.0,1.0
0,0,,1.0,0.0
1,1,,0.0,1.0
1,1,,0.0,1.0
1,1,,0.0,1.0
1,1,,0.0,1.0
1,1,,0.0,1.0
1,1,,0.0,1.0
1,1,,0.0,1.0
1,1,,0.0,1.0
1,1,,0.0,1.0
1,1,,0.0,1.0
1,1,,0.0,1.0
1,1,,0.0,1.0
1,1,,0.0,1.0
1,1,,0.0,1.0
1,1,,0.0,1.0
1,1,,0.0,1.0
1,1,,0.0,1.0
1,1,,0.0,1.0
1,1,,0.0,1.0
1,1,,0.0,1.0
1,1,,0.0,1.0
1,1,,0.0,1.0
1,1,,0.0,1.0
1,1,,0.0,1.0
1,1,,0.0,1.0
1,1,,0.0,1.0
1,1,,0.0,1.0
1,1,,0.0,1.0
1,1,,0.0,1.0
1,1,,0.0,1.0
1,1,,0.0,1.0
1,1,,0.0,1.0
1,1,,0.0,1.0
0,0,,1.0,0.0
1,1,,0.0,1.0
1,1,,0.0,1.0
1,1,,0.0,1.0
0,0,,1.0,0.0
1,1,,0.0,1.0
1,1,,0.0,1.0
1,1,,0.0,1.0
1,1,,0.0,1.0
1,1,,0.0,1.0
1,1,,0.0,1.0
1,1,,0.0,1.0
1,1,,0.0,1.0
1,1,,0.0,1.0
0,0,,1.0,0.0
1,1,,0.0,1.0
1,1,,0.0,1.0
1,1,,0.0,1.0
1,1,,0.0,1.0
1,1,,0.0,1.0
1,1,,0.0,1.0
1,1,,0.0,1.0
1,1,,0.0,1.0
1,1,,0.0,1.0
1,1,,0.0,1.0
1,1,,0.0,1.0
1,1,,0.0,1.0
1,1,,0.0,1.0
1,1,,0.0,1.0
1,1,,0.0,1.0
0,0,,0.985,0.015
1,1,,0.0,1.0
0,0,,1.0,0.0
1,1,,0.0,1.0
1,1,,0.0,1.0
1,1,,0.0,1.0
1,1,,0.0,1.0
1,1,,0.0,1.0
1,1,,0.0,1.0
1,1,,0.0,1.0
1,1,,0.0,1.0
1,1,,0.0,1.0
0,0,,0.995,0.005
1,1,,0.0,1.0
0,0,,1.0,0.0
1,1,,0.0,1.0
1,1,,0.0,1.0
1,1,,0.0,1.0
1,1,,0.0,1.0
1,1,,0.0,1.0
1,1,,0.0,1.0
1,1,,0.0,1.0
1,1,,0.0,1.0
1,1,,0.0,1.0
0,0,,1.0,0.0
1,1,,0.0,1.0
0,0,,1.0,0.0
1,1,,0.0,1.0
1,1,,0.0,1.0
1,1,,0.0,1.0
1,1,,0.0,1.0
1,1,,0.0,1.0
0,0,,1.0,0.0
1,1,,0.0,1.0
1,1,,0.0,1.0
1,1,,0.0,1.0
1,1,,0.0,1.0
0,0,,1.0,0.0
1,1,,0.0,1.0
1,1,,0.0,1.0
1,1,,0.0,1.0
1,1,,0.0,1.0
1,1,,0.0,1.0
0,0,,1.0,0.0
1,1,,0.0,1.0
0,0,,1.0,0.0
1,1,,0.0,1.0
0,0,,1.0,0.0
0,0,,1.0,0.0
1,1,,0.0,1.0
1,1,,0.0,1.0
1,1,,0.0,1.0
1,1,,0.0,1.0
1,1,,0.0,1.0
1,1,,0.0,1.0
1,1,,0.0,1.0
1,1,,0.0,1.0
1,1,,0.0,1.0
1,1,,0.0,1.0
1,1,,0.0,1.0
1,1,,0.0,1.0
1,1,,0.0,1.0
1,1,,0.0,1.0
1,1,,0.0,1.0
1,1,,0.0,1.0
1,1,,0.0,1.0
1,1,,0.0,1.0
1,1,,0.0,1.0
1,1,,0.0,1.0
1,1,,0.0,1.0
1,1,,0.0,1.0
1,1,,0.0,1.0
1,1,,0.0,1.0
1,1,,0.0,1.0
1,1,,0.0,1.0
1,1,,0.0,1.0
1,1,,0.0,1.0
1,1,,0.0,1.0
1,1,,0.0,1.0
1,1,,0.0,1.0
1,1,,0.0,1.0
1,1,,0.0,1.0
0,0,,1.0,0.0
1,1,,0.0,1.0
1,1,,0.0,1.0
1,1,,0.0,1.0
1,1,,0.0,1.0
1,1,,0.0,1.0
0,0,,1.0,0.0
1,1,,0.0,1.0
1,1,,0.0,1.0
1,1,,0.0,1.0
1,1,,0.0,1.0
1,1,,0.0,1.0
1,1,,0.0,1.0
1,1,,0.0,1.0
1,1,,0.0,1.0
1,1,,0.0,1.0
1,1,,0.0,1.0
1,1,,0.0,1.0
1,1,,0.0,1.0
1,1,,0.0,1.0
1,1,,0.0,1.0
1,1,,0.0,1.0
1,1,,0.0,1.0
1,1,,0.0,1.0
1,1,,0.0,1.0
1,1,,0.0,1.0
1,1,,0.0,1.0
1,1,,0.0,1.0
1,1,,0.0,1.0
1,1,,0.0,1.0
1,1,,0.0,1.0
1,1,,0.0,1.0
1,1,,0.0,1.0
1,1,,0.0,1.0
0,0,,1.0,0.0
1,1,,0.0,1.0
1,1,,0.0,1.0
1,1,,0.0,1.0
1,1,,0.0,1.0
1,1,,0.0,1.0
0,0,,1.0,0.0
1,1,,0.0,1.0
1,1,,0.0,1.0
1,1,,0.0,1.0
1,1,,0.0,1.0
1,1,,0.0,1.0
1,1,,0.0,1.0
1,1,,0.0,1.0
1,1,,0.0,1.0
1,1,,0.0,1.0
1,1,,0.0,1.0
1,1,,0.0,1.0
1,1,,0.0,1.0
1,1,,0.0,1.0
1,1,,0.0,1.0
1,1,,0.0,1.0
1,1,,0.0,1.0
1,1,,0.0,1.0
1,1,,0.0,1.0
0,0,,1.0,0.0
1,1,,0.0,1.0
0,0,,1.0,0.0
1,1,,0.0,1.0
1,1,,0.0,1.0
1,1,,0.0,1.0
1,1,,0.0,1.0
1,1,,0.0,1.0
1,1,,0.0,1.0
0,0,,1.0,0.0
1,1,,0.0,1.0
1,1,,0.0,1.0
1,1,,0.0,1.0
1,1,,0.0,1.0
1,1,,0.0,1.0
1,1,,0.0,1.0
1,1,,0.0,1.0
1,1,,0.0,1.0
1,1,,0.0,1.0
0,0,,1.0,0.0
1,1,,0.0,1.0
1,1,,0.0,1.0
0,0,,1.0,0.0
1,1,,0.0,1.0
1,1,,0.0,1.0
1,1,,0.0,1.0
1,1,,0.0,1.0
1,1,,0.0,1.0
1,1,,0.0,1.0
1,1,,0.0,1.0
1,1,,0.0,1.0
1,1,,0.0,1.0
1,1,,0.0,1.0
1,1,,0.0,1.0
1,1,,0.0,1.0
1,1,,0.0,1.0
1,1,,0.0,1.0
1,1,,0.0,1.0
1,1,,0.0,1.0
1,1,,0.0,1.0
1,1,,0.0,1.0
1,1,,0.0,1.0
1,1,,0.0,1.0
1,1,,0.0,1.0
1,1,,0.0,1.0
1,1,,0.0,1.0
1,1,,0.0,1.0
1,1,,0.0,1.0
1,1,,0.0,1.0
1,1,,0.0,1.0
1,1,,0.0,1.0
0,0,,1.0,0.0
1,1,,0.0,1.0
0,0,,1.0,0.0
1,1,,0.0,1.0
1,1,,0.0,1.0
1,1,,0.0,1.0
1,1,,0.0,1.0
1,1,,0.0,1.0
1,1,,0.0,1.0
1,1,,0.0,1.0
1,1,,0.0,1.0
1,1,,0.0,1.0
1,1,,0.0,1.0
1,1,,0.0,1.0
1,1,,0.0,1.0
1,1,,0.0,1.0
1,1,,0.0,1.0
1,1,,0.0,1.0
1,1,,0.0,1.0
0,0,,1.0,0.0
1,1,,0.0,1.0
1,1,,0.0,1.0
1,1,,0.0,1.0
1,1,,0.0,1.0
1,1,,0.0,1.0
1,1,,0.0,1.0
1,1,,0.0,1.0
1,1,,0.0,1.0
1,1,,0.0,1.0
1,1,,0.0,1.0
1,1,,0.0,1.0
0,0,,1.0,0.0
1,1,,0.0,1.0
1,1,,0.0,1.0
1,1,,0.0,1.0
1,1,,0.0,1.0
0,0,,1.0,0.0
1,1,,0.0,1.0
1,1,,0.0,1.0
1,1,,0.0,1.0
1,1,,0.0,1.0
1,1,,0.0,1.0
0,0,,1.0,0.0
1,1,,0.0,1.0
1,1,,0.0,1.0
1,1,,0.0,1.0
1,1,,0.0,1.0
0,0,,1.0,0.0
1,1,,0.0,1.0
1,1,,0.0,1.0
1,1,,0.0,1.0
1,1,,0.0,1.0
1,1,,0.0,1.0
1,1,,0.0,1.0
1,1,,0.0,1.0
1,1,,0.0,1.0
1,1,,0.0,1.0
1,1,,0.0,1.0
1,1,,0.0,1.0
1,1,,0.0,1.0
1,1,,0.0,1.0
1,1,,0.0,1.0
1,1,,0.0,1.0
1,1,,0.0,1.0
1,1,,0.0,1.0
1,1,,0.0,1.0
1,1,,0.0,1.0
1,1,,0.0,1.0
1,1,,0.0,1.0
1,1,,0.0,1.0
1,1,,0.0,1.0
1,1,,0.0,1.0
0,0,,1.0,0.0
1,1,,0.0,1.0
1,1,,0.0,1.0
1,1,,0.0,1.0
1,1,,0.0,1.0
1,1,,0.0,1.0
1,1,,0.0,1.0
1,1,,0.0,1.0
1,1,,0.0,1.0
0,0,,1.0,0.0
1,1,,0.0,1.0
1,1,,0.0,1.0
1,1,,0.0,1.0
1,1,,0.0,1.0
1,1,,0.0,1.0
0,0,,1.0,0.0
1,1,,0.0,1.0
1,1,,0.0,1.0
1,1,,0.0,1.0
1,1,,0.0,1.0
0,0,,1.0,0.0
0,0,,1.0,0.0
1,1,,0.0,1.0
1,1,,0.0,1.0
1,1,,0.0,1.0
1,1,,0.0,1.0
1,1,,0.0,1.0
1,1,,0.0,1.0
0,0,,1.0,0.0
1,1,,0.0,1.0
1,1,,0.0,1.0
1,1,,0.0,1.0
1,1,,0.0,1.0
1,1,,0.0,1.0
1,1,,0.0,1.0
1,1,,0.0,1.0
1,1,,0.0,1.0
1,1,,0.0,1.0
1,1,,0.0,1.0
1,1,,0.0,1.0
0,0,,1.0,0.0
0,0,,1.0,0.0
1,1,,0.0,1.0
1,1,,0.0,1.0
1,1,,0.0,1.0
1,1,,0.0,1.0
1,1,,0.0,1.0
1,1,,0.0,1.0
1,1,,0.0,1.0
1,1,,0.0,1.0
1,1,,0.0,1.0
1,1,,0.0,1.0
0,0,,1.0,0.0
1,1,,0.0,1.0
1,1,,0.0,1.0
1,1,,0.0,1.0
1,1,,0.0,1.0
1,1,,0.0,1.0
1,1,,0.0,1.0
1,1,,0.0,1.0
1,1,,0.0,1.0
1,1,,0.0,1.0
1,1,,0.0,1.0
1,1,,0.0,1.0
1,1,,0.0,1.0
1,1,,0.0,1.0
0,0,,1.0,0.0
1,1,,0.0,1.0
1,1,,0.0,1.0
1,1,,0.0,1.0
1,1,,0.0,1.0
1,1,,0.0,1.0
1,1,,0.0,1.0
1,1,,0.0,1.0
1,1,,0.0,1.0
1,1,,0.0,1.0
1,1,,0.0,1.0
1,1,,0.0,1.0
1,1,,0.0,1.0
1,1,,0.0,1.0
1,1,,0.0,1.0
1,1,,0.0,1.0
1,1,,0.0,1.0
1,1,,0.0,1.0
1,1,,0.0,1.0
1,1,,0.0,1.0
1,1,,0.0,1.0
1,1,,0.0,1.0
1,1,,0.0,1.0
1,1,,0.0,1.0
1,1,,0.0,1.0
1,1,,0.0,1.0
1,1,,0.0,1.0
1,1,,0.0,1.0
1,1,,0.0,1.0
1,1,,0.0,1.0
1,1,,0.0,1.0
1,1,,0.0,1.0
1,1,,0.0,1.0
1,1,,0.0,1.0
0,0,,1.0,0.0
1,1,,0.0,1.0
1,1,,0.0,1.0
1,1,,0.0,1.0
1,1,,0.0,1.0
1,1,,0.0,1.0
1,1,,0.0,1.0
1,1,,0.0,1.0
1,1,,0.0,1.0
1,1,,0.0,1.0
1,1,,0.0,1.0
0,0,,1.0,0.0
1,1,,0.0,1.0
1,1,,0.0,1.0
1,1,,0.0,1.0
1,1,,0.0,1.0
1,1,,0.0,1.0
1,1,,0.0,1.0
1,1,,0.0,1.0
1,1,,0.0,1.0
1,1,,0.0,1.0
1,1,,0.0,1.0
1,1,,0.0,1.0
1,1,,0.0,1.0
1,1,,0.0,1.0
1,1,,0.0,1.0
1,1,,0.0,1.0
1,1,,0.0,1.0
1,1,,0.0,1.0
1,1,,0.0,1.0
1,1,,0.0,1.0
1,1,,0.0,1.0
1,1,,0.0,1.0
1,1,,0.0,1.0
1,1,,0.0,1.0
1,1,,0.0,1.0
1,1,,0.0,1.0
1,1,,0.0,1.0
1,1,,0.0,1.0
0,0,,1.0,0.0
1,1,,0.0,1.0
1,1,,0.0,1.0
1,1,,0.0,1.0
1,1,,0.0,1.0
1,1,,0.0,1.0
1,1,,0.0,1.0
1,1,,0.0,1.0
1,1,,0.0,1.0
1,1,,0.0,1.0
1,1,,0.0,1.0
1,1,,0.0,1.0
1,1,,0.0,1.0
1,1,,0.0,1.0
1,1,,0.0,1.0
1,1,,0.0,1.0
1,1,,0.0,1.0
1,1,,0.0,1.0
1,1,,0.0,1.0
1,1,,0.0,1.0
0,0,,1.0,0.0
0,0,,1.0,0.0
1,1,,0.0,1.0
1,1,,0.0,1.0
1,1,,0.0,1.0
1,1,,0.0,1.0
1,1,,0.0,1.0
1,1,,0.0,1.0
0,0,,1.0,0.0
1,1,,0.0,1.0
1,1,,0.0,1.0
0,0,,0.995,0.005
1,1,,0.0,1.0
1,1,,0.0,1.0
1,1,,0.0,1.0
1,1,,0.0,1.0
1,1,,0.0,1.0
0,0,,0.995,0.005
1,1,,0.0,1.0
1,1,,0.0,1.0
1,1,,0.0,1.0
1,1,,0.0,1.0
1,1,,0.005,0.995
1,1,,0.0,1.0
1,1,,0.0,1.0
1,1,,0.0,1.0
1,1,,0.0,1.0
1,1,,0.0,1.0
1,1,,0.0,1.0
1,1,,0.0,1.0
1,1,,0.0,1.0
1,1,,0.0,1.0
1,1,,0.0,1.0
1,1,,0.0,1.0
1,1,,0.0,1.0
1,1,,0.0,1.0
1,1,,0.0,1.0
1,1,,0.0,1.0
1,1,,0.0,1.0
1,1,,0.0,1.0
1,1,,0.0,1.0
1,1,,0.0,1.0
1,1,,0.0,1.0
0,0,,1.0,0.0
1,1,,0.0,1.0
1,1,,0.0,1.0
1,1,,0.0,1.0
1,1,,0.0,1.0
1,1,,0.0,1.0
1,1,,0.0,1.0
0,0,,1.0,0.0
1,1,,0.0,1.0
1,1,,0.0,1.0
1,1,,0.0,1.0
1,1,,0.0,1.0
1,1,,0.0,1.0
1,1,,0.0,1.0
0,0,,1.0,0.0
1,1,,0.0,1.0
1,1,,0.0,1.0
1,1,,0.0,1.0
1,1,,0.0,1.0
1,1,,0.0,1.0
1,1,,0.0,1.0
1,1,,0.0,1.0
1,1,,0.0,1.0
1,1,,0.0,1.0
1,1,,0.0,1.0
1,1,,0.0,1.0
1,1,,0.0,1.0
1,1,,0.0,1.0
0,0,,1.0,0.0
1,1,,0.0,1.0
1,1,,0.0,1.0
0,0,,1.0,0.0
1,1,,0.0,1.0
1,1,,0.0,1.0
1,1,,0.0,1.0
1,1,,0.0,1.0
1,1,,0.0,1.0
1,1,,0.0,1.0
1,1,,0.0,1.0
0,0,,1.0,0.0
1,1,,0.0,1.0
1,1,,0.0,1.0
1,1,,0.0,1.0
1,1,,0.0,1.0
1,1,,0.0,1.0
1,1,,0.0,1.0
1,1,,0.0,1.0
1,1,,0.0,1.0
1,1,,0.0,1.0
1,1,,0.0,1.0
1,1,,0.0,1.0
1,1,,0.0,1.0
1,1,,0.0,1.0
1,1,,0.0,1.0
1,1,,0.0,1.0
1,1,,0.0,1.0
1,1,,0.0,1.0
1,1,,0.0,1.0
1,1,,0.0,1.0
1,1,,0.0,1.0
1,1,,0.0,1.0
1,1,,0.0,1.0
1,1,,0.0,1.0
1,1,,0.0,1.0
1,1,,0.0,1.0
1,1,,0.0,1.0
1,1,,0.0,1.0
1,1,,0.0,1.0
1,1,,0.0,1.0
1,1,,0.0,1.0
1,1,,0.0,1.0
1,1,,0.0,1.0
1,1,,0.0,1.0
1,1,,0.0,1.0
1,1,,0.0,1.0
1,1,,0.0,1.0
0,0,,1.0,0.0
1,1,,0.0,1.0
1,1,,0.0,1.0
0,0,,1.0,0.0
1,1,,0.0,1.0
1,1,,0.0,1.0
1,1,,0.0,1.0
1,1,,0.0,1.0
0,0,,1.0,0.0
1,1,,0.0,1.0
1,1,,0.0,1.0
1,1,,0.0,1.0
1,1,,0.0,1.0
1,1,,0.0,1.0
1,1,,0.0,1.0
1,1,,0.0,1.0
1,1,,0.0,1.0
1,1,,0.0,1.0
1,1,,0.0,1.0
0,0,,1.0,0.0
1,1,,0.0,1.0
1,1,,0.0,1.0
1,1,,0.0,1.0
0,0,,1.0,0.0
1,1,,0.0,1.0
1,1,,0.0,1.0
0,0,,0.995,0.005
1,1,,0.0,1.0
1,1,,0.0,1.0
1,1,,0.0,1.0
0,0,,1.0,0.0
1,1,,0.0,1.0
1,1,,0.0,1.0
1,1,,0.0,1.0
1,1,,0.0,1.0
1,1,,0.0,1.0
1,1,,0.0,1.0
1,1,,0.0,1.0
1,1,,0.0,1.0
0,0,,1.0,0.0
1,1,,0.0,1.0
1,1,,0.0,1.0
1,1,,0.0,1.0
1,1,,0.0,1.0
0,0,,1.0,0.0
1,1,,0.0,1.0
1,1,,0.0,1.0
1,1,,0.0,1.0
1,1,,0.0,1.0
1,1,,0.0,1.0
1,1,,0.0,1.0
1,1,,0.0,1.0
1,1,,0.0,1.0
1,1,,0.0,1.0
1,1,,0.0,1.0
1,1,,0.0,1.0
1,1,,0.0,1.0
1,1,,0.0,1.0
1,1,,0.0,1.0
1,1,,0.0,1.0
1,1,,0.0,1.0
1,1,,0.0,1.0
1,1,,0.0,1.0
1,1,,0.0,1.0
1,1,,0.0,1.0
1,1,,0.0,1.0
0,0,,1.0,0.0
1,1,,0.0,1.0
1,1,,0.0,1.0
1,1,,0.0,1.0
1,1,,0.0,1.0
1,1,,0.0,1.0
1,1,,0.0,1.0
1,1,,0.0,1.0
1,1,,0.0,1.0
1,1,,0.0,1.0
1,1,,0.0,1.0
1,1,,0.0,1.0
1,1,,0.0,1.0
1,1,,0.0,1.0
1,1,,0.0,1.0
1,1,,0.0,1.0
1,1,,0.0,1.0
1,1,,0.0,1.0
1,1,,0.0,1.0
1,1,,0.0,1.0
1,1,,0.0,1.0
1,1,,0.0,1.0
1,1,,0.0,1.0
1,1,,0.0,1.0
1,1,,0.0,1.0
1,1,,0.0,1.0
1,1,,0.0,1.0
1,1,,0.0,1.0
1,1,,0.0,1.0
1,1,,0.0,1.0
1,1,,0.0,1.0
0,0,,1.0,0.0
1,1,,0.0,1.0
1,1,,0.0,1.0
1,1,,0.0,1.0
1,1,,0.0,1.0
1,1,,0.0,1.0
1,1,,0.0,1.0
0,0,,1.0,0.0
1,1,,0.0,1.0
1,1,,0.0,1.0
1,1,,0.0,1.0
1,1,,0.0,1.0
1,1,,0.0,1.0
1,1,,0.0,1.0
1,1,,0.0,1.0
1,1,,0.0,1.0
1,1,,0.0,1.0
1,1,,0.0,1.0
1,1,,0.0,1.0
1,1,,0.0,1.0
1,1,,0.0,1.0
1,1,,0.0,1.0
1,1,,0.0,1.0
1,1,,0.0,1.0
1,1,,0.0,1.0
1,1,,0.0,1.0
1,1,,0.0,1.0
1,1,,0.0,1.0
1,1,,0.0,1.0
1,1,,0.0,1.0
1,1,,0.0,1.0
1,1,,0.0,1.0
1,1,,0.0,1.0
1,1,,0.0,1.0
1,1,,0.0,1.0
0,0,,1.0,0.0
1,1,,0.0,1.0
1,1,,0.0,1.0
1,1,,0.0,1.0
0,0,,1.0,0.0
1,1,,0.0,1.0
1,1,,0.0,1.0
1,1,,0.0,1.0
1,1,,0.0,1.0
1,1,,0.0,1.0
1,1,,0.0,1.0
1,1,,0.0,1.0
1,1,,0.0,1.0
1,1,,0.0,1.0
1,1,,0.0,1.0
1,1,,0.0,1.0
1,1,,0.0,1.0
1,1,,0.0,1.0
1,1,,0.0,1.0
1,1,,0.0,1.0
1,1,,0.0,1.0
1,1,,0.0,1.0
1,1,,0.0,1.0
1,1,,0.0,1.0
0,0,,1.0,0.0
1,1,,0.0,1.0
1,1,,0.0,1.0
1,1,,0.0,1.0
1,1,,0.0,1.0
1,1,,0.0,1.0
1,1,,0.0,1.0
1,1,,0.0,1.0
0,0,,1.0,0.0
1,1,,0.0,1.0
1,1,,0.0,1.0
1,1,,0.0,1.0
1,1,,0.0,1.0
1,1,,0.0,1.0
1,1,,0.0,1.0
1,1,,0.0,1.0
1,1,,0.0,1.0
1,1,,0.0,1.0
0,0,,1.0,0.0
1,1,,0.0,1.0
1,1,,0.0,1.0
1,1,,0.0,1.0
1,1,,0.0,1.0
1,1,,0.0,1.0
1,1,,0.0,1.0
0,0,,1.0,0.0
1,1,,0.0,1.0
1,1,,0.0,1.0
1,1,,0.0,1.0
0,0,,1.0,0.0
1,1,,0.0,1.0
1,1,,0.0,1.0
0,0,,1.0,0.0
1,1,,0.0,1.0
1,1,,0.0,1.0
1,1,,0.0,1.0
0,0,,1.0,0.0
1,1,,0.0,1.0
1,1,,0.0,1.0
1,1,,0.0,1.0
1,1,,0.0,1.0
1,1,,0.0,1.0
1,1,,0.0,1.0
0,0,,1.0,0.0
1,1,,0.0,1.0
1,1,,0.0,1.0
1,1,,0.0,1.0
0,0,,1.0,0.0
1,1,,0.0,1.0
1,1,,0.0,1.0
0,0,,1.0,0.0
1,1,,0.0,1.0
1,1,,0.0,1.0
1,1,,0.0,1.0
1,1,,0.0,1.0
1,1,,0.0,1.0
1,1,,0.0,1.0
1,1,,0.0,1.0
1,1,,0.0,1.0
1,1,,0.0,1.0
1,1,,0.0,1.0
1,1,,0.0,1.0
1,1,,0.0,1.0
1,1,,0.0,1.0
1,1,,0.0,1.0
1,1,,0.0,1.0
1,1,,0.0,1.0
1,1,,0.0,1.0
1,1,,0.0,1.0
1,1,,0.0,1.0
1,1,,0.0,1.0
1,1,,0.0,1.0
1,1,,0.0,1.0
1,1,,0.0,1.0
1,1,,0.0,1.0
1,1,,0.0,1.0
1,1,,0.0,1.0
1,1,,0.0,1.0
1,1,,0.0,1.0
1,1,,0.0,1.0
1,1,,0.0,1.0
1,1,,0.0,1.0
1,1,,0.0,1.0
1,1,,0.0,1.0
1,1,,0.0,1.0
1,1,,0.0,1.0
1,1,,0.0,1.0
1,1,,0.0,1.0
1,1,,0.0,1.0
1,1,,0.0,1.0
1,1,,0.0,1.0
1,1,,0.0,1.0
1,1,,0.0,1.0
1,1,,0.0,1.0
1,1,,0.0,1.0
1,1,,0.005,0.995
1,1,,0.0,1.0
1,1,,0.0,1.0
1,1,,0.0,1.0
1,1,,0.0,1.0
1,1,,0.0,1.0
0,0,,1.0,0.0
1,1,,0.0,1.0
1,1,,0.0,1.0
1,1,,0.0,1.0
1,1,,0.0,1.0
0,0,,1.0,0.0
0,0,,1.0,0.0
1,1,,0.0,1.0
1,1,,0.0,1.0
0,0,,1.0,0.0
1,1,,0.0,1.0
1,1,,0.0,1.0
0,0,,1.0,0.0
1,1,,0.0,1.0
1,1,,0.0,1.0
1,1,,0.0,1.0
0,0,,1.0,0.0
1,1,,0.0,1.0
1,1,,0.0,1.0
1,1,,0.0,1.0
1,1,,0.0,1.0
1,1,,0.0,1.0
1,1,,0.0,1.0
1,1,,0.0,1.0
0,0,,1.0,0.0
1,1,,0.0,1.0
1,1,,0.0,1.0
1,1,,0.0,1.0
1,1,,0.0,1.0
1,1,,0.0,1.0
1,1,,0.0,1.0
1,1,,0.0,1.0
1,1,,0.0,1.0
1,1,,0.0,1.0
1,1,,0.0,1.0
1,1,,0.0,1.0
1,1,,0.0,1.0
1,1,,0.0,1.0
1,1,,0.0,1.0
1,1,,0.0,1.0
1,1,,0.0,1.0
1,1,,0.0,1.0
1,1,,0.0,1.0
1,1,,0.0,1.0
1,1,,0.0,1.0
1,1,,0.0,1.0
1,1,,0.0,1.0
1,1,,0.0,1.0
1,1,,0.0,1.0
1,1,,0.0,1.0
1,1,,0.0,1.0
1,1,,0.0,1.0
1,1,,0.0,1.0
1,1,,0.0,1.0
1,1,,0.0,1.0
1,1,,0.0,1.0
1,1,,0.0,1.0
1,1,,0.0,1.0
1,1,,0.0,1.0
0,0,,1.0,0.0
0,0,,1.0,0.0
1,1,,0.0,1.0
1,1,,0.0,1.0
1,1,,0.0,1.0
1,1,,0.0,1.0
1,1,,0.0,1.0
1,1,,0.0,1.0
0,0,,1.0,0.0
1,1,,0.0,1.0
1,1,,0.0,1.0
1,1,,0.0,1.0
1,1,,0.0,1.0
1,1,,0.0,1.0
1,1,,0.0,1.0
1,1,,0.0,1.0
1,1,,0.0,1.0
1,1,,0.0,1.0
1,1,,0.0,1.0
1,1,,0.0,1.0
1,1,,0.0,1.0
1,1,,0.0,1.0
1,1,,0.0,1.0
0,0,,1.0,0.0
1,1,,0.0,1.0
1,1,,0.0,1.0
1,1,,0.0,1.0
1,1,,0.0,1.0
1,1,,0.0,1.0
1,1,,0.0,1.0
1,1,,0.0,1.0
1,1,,0.0,1.0
1,1,,0.0,1.0
1,1,,0.0,1.0
1,1,,0.0,1.0
1,1,,0.0,1.0
1,1,,0.0,1.0
0,0,,1.0,0.0
1,1,,0.0,1.0
1,1,,0.0,1.0
1,1,,0.0,1.0
0,0,,1.0,0.0
1,1,,0.0,1.0
1,1,,0.0,1.0
1,1,,0.0,1.0
1,1,,0.0,1.0
1,1,,0.0,1.0
0,0,,1.0,0.0
1,1,,0.0,1.0
1,1,,0.0,1.0
1,1,,0.0,1.0
1,1,,0.0,1.0
1,1,,0.0,1.0
1,1,,0.0,1.0
1,1,,0.0,1.0
1,1,,0.0,1.0
1,1,,0.0,1.0
1,1,,0.0,1.0
1,1,,0.0,1.0
1,1,,0.0,1.0
1,1,,0.0,1.0
0,0,,1.0,0.0
1,1,,0.0,1.0
1,1,,0.0,1.0
1,1,,0.0,1.0
1,1,,0.0,1.0
0,0,,1.0,0.0
1,1,,0.0,1.0
1,1,,0.0,1.0
1,1,,0.0,1.0
1,1,,0.0,1.0
1,1,,0.0,1.0
1,1,,0.0,1.0
1,1,,0.0,1.0
1,1,,0.0,1.0
1,1,,0.0,1.0
1,1,,0.0,1.0
0,0,,0.995,0.005
1,1,,0.0,1.0
1,1,,0.0,1.0
1,1,,0.0,1.0
1,1,,0.0,1.0
1,1,,0.0,1.0
1,1,,0.0,1.0
1,1,,0.0,1.0
1,1,,0.0,1.0
1,1,,0.0,1.0
1,1,,0.0,1.0
0,0,,1.0,0.0
1,1,,0.0,1.0
1,1,,0.0,1.0
1,1,,0.0,1.0
0,0,,0.995,0.005
1,1,,0.0,1.0
1,1,,0.0,1.0
1,1,,0.0,1.0
0,0,,1.0,0.0
1,1,,0.0,1.0
1,1,,0.0,1.0
1,1,,0.0,1.0
0,0,,0.985,0.015
0,0,,1.0,0.0
1,1,,0.0,1.0
1,1,,0.0,1.0
1,1,,0.0,1.0
1,1,,0.0,1.0
0,0,,1.0,0.0
1,1,,0.0,1.0
1,1,,0.0,1.0
1,1,,0.0,1.0
1,1,,0.0,1.0
1,1,,0.0,1.0
0,0,,1.0,0.0
1,1,,0.0,1.0
1,1,,0.0,1.0
1,1,,0.0,1.0
1,1,,0.0,1.0
1,1,,0.0,1.0
1,1,,0.0,1.0
1,1,,0.0,1.0
1,1,,0.0,1.0
1,1,,0.0,1.0
1,1,,0.0,1.0
1,1,,0.0,1.0
1,1,,0.0,1.0
1,1,,0.0,1.0
1,1,,0.0,1.0
1,1,,0.0,1.0
1,1,,0.0,1.0
1,1,,0.0,1.0
1,1,,0.0,1.0
1,1,,0.0,1.0
1,1,,0.0,1.0
1,1,,0.0,1.0
1,1,,0.0,1.0
0,0,,1.0,0.0
1,1,,0.0,1.0
1,1,,0.0,1.0
1,1,,0.0,1.0
1,1,,0.0,1.0
1,1,,0.0,1.0
1,1,,0.0,1.0
1,1,,0.0,1.0
0,0,,1.0,0.0
1,1,,0.0,1.0
1,1,,0.0,1.0
1,1,,0.0,1.0
1,1,,0.0,1.0
0,0,,1.0,0.0
1,1,,0.0,1.0
1,1,,0.0,1.0
1,1,,0.0,1.0
1,1,,0.0,1.0
1,1,,0.0,1.0
1,1,,0.0,1.0
1,1,,0.0,1.0
1,1,,0.0,1.0
1,1,,0.0,1.0
1,1,,0.0,1.0
1,1,,0.0,1.0
1,1,,0.0,1.0
1,1,,0.0,1.0
1,1,,0.0,1.0
1,1,,0.0,1.0
1,1,,0.0,1.0
1,1,,0.0,1.0
0,0,,0.995,0.005
1,1,,0.0,1.0
1,1,,0.0,1.0
1,1,,0.0,1.0
1,1,,0.0,1.0
1,1,,0.0,1.0
1,1,,0.0,1.0
1,1,,0.0,1.0
1,1,,0.0,1.0
0,0,,1.0,0.0
0,0,,1.0,0.0
1,1,,0.0,1.0
1,1,,0.0,1.0
1,1,,0.0,1.0
1,1,,0.0,1.0
1,1,,0.0,1.0
1,1,,0.0,1.0
1,1,,0.0,1.0
1,1,,0.0,1.0
1,1,,0.0,1.0
1,1,,0.0,1.0
1,1,,0.0,1.0
1,1,,0.0,1.0
0,0,,1.0,0.0
1,1,,0.0,1.0
1,1,,0.0,1.0
1,1,,0.0,1.0
1,1,,0.0,1.0
1,1,,0.0,1.0
1,1,,0.0,1.0
1,1,,0.0,1.0
1,1,,0.0,1.0
1,1,,0.0,1.0
0,0,,1.0,0.0
1,1,,0.0,1.0
1,1,,0.0,1.0
1,1,,0.0,1.0
0,0,,1.0,0.0
1,1,,0.0,1.0
1,1,,0.0,1.0
0,0,,1.0,0.0
1,1,,0.0,1.0
0,0,,1.0,0.0
1,1,,0.0,1.0
1,1,,0.0,1.0
1,1,,0.0,1.0
0,0,,1.0,0.0
1,1,,0.0,1.0
0,0,,1.0,0.0
1,1,,0.0,1.0
1,1,,0.0,1.0
1,1,,0.0,1.0
1,1,,0.0,1.0
1,1,,0.0,1.0
1,1,,0.0,1.0
1,1,,0.0,1.0
1,1,,0.0,1.0
1,1,,0.0,1.0
1,1,,0.0,1.0
1,1,,0.0,1.0
1,1,,0.0,1.0
1,1,,0.0,1.0
1,1,,0.0,1.0
1,1,,0.0,1.0
1,1,,0.0,1.0
1,1,,0.0,1.0
1,1,,0.0,1.0
1,1,,0.0,1.0
1,1,,0.0,1.0
1,1,,0.0,1.0
1,1,,0.0,1.0
1,1,,0.0,1.0
1,1,,0.0,1.0
1,1,,0.0,1.0
1,1,,0.0,1.0
1,1,,0.0,1.0
1,1,,0.0,1.0
0,0,,1.0,0.0
1,1,,0.0,1.0
1,1,,0.0,1.0
1,1,,0.0,1.0
1,1,,0.0,1.0
1,1,,0.0,1.0
1,1,,0.0,1.0
1,1,,0.0,1.0
0,0,,1.0,0.0
1,1,,0.0,1.0
1,1,,0.0,1.0
1,1,,0.0,1.0
1,1,,0.0,1.0
1,1,,0.0,1.0
1,1,,0.0,1.0
1,1,,0.0,1.0
1,1,,0.0,1.0
1,1,,0.0,1.0
1,1,,0.0,1.0
0,0,,1.0,0.0
1,1,,0.0,1.0
1,1,,0.0,1.0
1,1,,0.0,1.0
1,1,,0.0,1.0
1,1,,0.0,1.0
1,1,,0.0,1.0
1,1,,0.0,1.0
1,1,,0.0,1.0
1,1,,0.0,1.0
1,1,,0.0,1.0
0,0,,1.0,0.0
1,1,,0.0,1.0
1,1,,0.0,1.0
1,1,,0.0,1.0
1,1,,0.0,1.0
1,1,,0.0,1.0
1,1,,0.0,1.0
1,1,,0.0,1.0
1,1,,0.0,1.0
1,1,,0.0,1.0
1,1,,0.0,1.0
1,1,,0.0,1.0
1,1,,0.0,1.0
1,1,,0.0,1.0
1,1,,0.0,1.0
1,1,,0.0,1.0
1,1,,0.0,1.0
0,0,,1.0,0.0
1,1,,0.0,1.0
1,1,,0.0,1.0
0,0,,1.0,0.0
1,1,,0.0,1.0
1,1,,0.0,1.0
1,1,,0.0,1.0
1,1,,0.0,1.0
1,1,,0.0,1.0
0,0,,1.0,0.0
1,1,,0.0,1.0
1,1,,0.0,1.0
1,1,,0.0,1.0
0,0,,1.0,0.0
1,1,,0.0,1.0
1,1,,0.0,1.0
0,0,,1.0,0.0
1,1,,0.0,1.0
1,1,,0.0,1.0
1,1,,0.0,1.0
1,1,,0.0,1.0
1,1,,0.0,1.0
1,1,,0.0,1.0
1,1,,0.0,1.0
1,1,,0.0,1.0
1,1,,0.0,1.0
1,1,,0.005,0.995
1,1,,0.0,1.0
1,1,,0.0,1.0
0,0,,1.0,0.0
1,1,,0.0,1.0
1,1,,0.0,1.0
1,1,,0.0,1.0
1,1,,0.0,1.0
1,1,,0.0,1.0
1,1,,0.0,1.0
1,1,,0.0,1.0
1,1,,0.0,1.0
1,1,,0.0,1.0
1,1,,0.0,1.0
1,1,,0.0,1.0
1,1,,0.0,1.0
0,0,,1.0,0.0
1,1,,0.0,1.0
1,1,,0.0,1.0
1,1,,0.0,1.0
1,1,,0.0,1.0
1,1,,0.0,1.0
1,1,,0.0,1.0
1,1,,0.0,1.0
1,1,,0.0,1.0
1,1,,0.0,1.0
1,1,,0.0,1.0
1,1,,0.0,1.0
1,1,,0.0,1.0
0,0,,1.0,0.0
1,1,,0.0,1.0
1,1,,0.0,1.0
1,1,,0.0,1.0
1,1,,0.0,1.0
1,1,,0.0,1.0
1,1,,0.0,1.0
1,1,,0.0,1.0
1,1,,0.0,1.0
1,1,,0.0,1.0
1,1,,0.0,1.0
1,1,,0.0,1.0
1,1,,0.0,1.0
1,1,,0.0,1.0
1,1,,0.0,1.0
1,1,,0.0,1.0
0,0,,1.0,0.0
1,1,,0.0,1.0
1,1,,0.0,1.0
1,1,,0.0,1.0
1,1,,0.0,1.0
1,1,,0.0,1.0
1,1,,0.0,1.0
1,1,,0.0,1.0
0,0,,1.0,0.0
1,1,,0.0,1.0
1,1,,0.0,1.0
1,1,,0.0,1.0
1,1,,0.0,1.0
1,1,,0.0,1.0
1,1,,0.0,1.0
1,1,,0.0,1.0
1,1,,0.0,1.0
1,1,,0.0,1.0
1,1,,0.005,0.995
1,1,,0.0,1.0
0,0,,1.0,0.0
1,1,,0.0,1.0
0,0,,1.0,0.0
1,1,,0.0,1.0
0,0,,1.0,0.0
1,1,,0.0,1.0
1,1,,0.0,1.0
1,1,,0.0,1.0
1,1,,0.0,1.0
1,1,,0.0,1.0
1,1,,0.0,1.0
1,1,,0.0,1.0
0,0,,1.0,0.0
1,1,,0.0,1.0
1,1,,0.0,1.0
1,1,,0.0,1.0
1,1,,0.0,1.0
1,1,,0.0,1.0
1,1,,0.0,1.0
0,0,,1.0,0.0
1,1,,0.0,1.0
1,1,,0.0,1.0
1,1,,0.0,1.0
1,1,,0.0,1.0
1,1,,0.0,1.0
1,1,,0.0,1.0
1,1,,0.0,1.0
1,1,,0.0,1.0
1,1,,0.0,1.0
1,1,,0.0,1.0
1,1,,0.0,1.0
1,1,,0.0,1.0
0,0,,1.0,0.0
0,0,,1.0,0.0
1,1,,0.0,1.0
0,0,,1.0,0.0
1,1,,0.0,1.0
1,1,,0.0,1.0
0,0,,1.0,0.0
1,1,,0.0,1.0
1,1,,0.0,1.0
1,1,,0.0,1.0
1,1,,0.0,1.0
1,1,,0.0,1.0
1,1,,0.0,1.0
1,1,,0.0,1.0
1,1,,0.0,1.0
1,1,,0.0,1.0
1,1,,0.0,1.0
1,1,,0.0,1.0
1,1,,0.0,1.0
0,0,,1.0,0.0
1,1,,0.0,1.0
1,1,,0.0,1.0
0,0,,1.0,0.0
1,1,,0.0,1.0
1,1,,0.0,1.0
1,1,,0.0,1.0
1,1,,0.0,1.0
1,1,,0.0,1.0
1,1,,0.0,1.0
1,1,,0.0,1.0
1,1,,0.0,1.0
0,0,,1.0,0.0
1,1,,0.0,1.0
1,1,,0.0,1.0
1,1,,0.0,1.0
0,0,,1.0,0.0
1,1,,0.0,1.0
1,1,,0.0,1.0
1,1,,0.0,1.0
1,1,,0.0,1.0
0,0,,1.0,0.0
1,1,,0.0,1.0
1,1,,0.0,1.0
1,1,,0.0,1.0
1,1,,0.0,1.0
1,1,,0.0,1.0
0,0,,1.0,0.0
1,1,,0.0,1.0
1,1,,0.0,1.0
1,1,,0.0,1.0
1,1,,0.0,1.0
1,1,,0.0,1.0
1,1,,0.0,1.0
1,1,,0.0,1.0
1,1,,0.0,1.0
1,1,,0.0,1.0
1,1,,0.0,1.0
1,1,,0.0,1.0
1,1,,0.0,1.0
1,1,,0.0,1.0
1,1,,0.0,1.0
1,1,,0.0,1.0
1,1,,0.0,1.0
1,1,,0.0,1.0
1,1,,0.0,1.0
1,1,,0.0,1.0
0,0,,1.0,0.0
1,1,,0.0,1.0
1,1,,0.0,1.0
1,1,,0.0,1.0
1,1,,0.0,1.0
0,0,,1.0,0.0
1,1,,0.015,0.985
1,1,,0.0,1.0
1,1,,0.0,1.0
1,1,,0.0,1.0
1,1,,0.0,1.0
1,1,,0.0,1.0
1,1,,0.0,1.0
1,1,,0.0,1.0
1,1,,0.0,1.0
1,1,,0.0,1.0
1,1,,0.0,1.0
1,1,,0.0,1.0
1,1,,0.0,1.0
1,1,,0.0,1.0
0,0,,1.0,0.0
1,1,,0.0,1.0
1,1,,0.0,1.0
1,1,,0.0,1.0
1,1,,0.0,1.0
1,1,,0.0,1.0
1,1,,0.0,1.0
1,1,,0.0,1.0
1,1,,0.0,1.0
1,1,,0.0,1.0
1,1,,0.0,1.0
1,1,,0.0,1.0
1,1,,0.0,1.0
1,1,,0.0,1.0
1,1,,0.0,1.0
1,1,,0.0,1.0
1,1,,0.0,1.0
1,1,,0.0,1.0
1,1,,0.0,1.0
1,1,,0.0,1.0
1,1,,0.0,1.0
1,1,,0.0,1.0
1,1,,0.0,1.0
1,1,,0.0,1.0
1,1,,0.0,1.0
1,1,,0.0,1.0
1,1,,0.0,1.0
1,1,,0.0,1.0
1,1,,0.0,1.0
1,1,,0.0,1.0
1,1,,0.0,1.0
1,1,,0.0,1.0
1,1,,0.0,1.0
1,1,,0.0,1.0
1,1,,0.0,1.0
1,1,,0.0,1.0
1,1,,0.0,1.0
1,1,,0.0,1.0
1,1,,0.0,1.0
1,1,,0.0,1.0
0,0,,1.0,0.0
1,1,,0.0,1.0
1,1,,0.0,1.0
1,1,,0.0,1.0
0,0,,1.0,0.0
1,1,,0.0,1.0
1,1,,0.0,1.0
1,1,,0.0,1.0
1,1,,0.0,1.0
0,0,,0.99,0.01
1,1,,0.0,1.0
1,1,,0.0,1.0
1,1,,0.0,1.0
1,1,,0.0,1.0
1,1,,0.0,1.0
1,1,,0.0,1.0
1,1,,0.0,1.0
0,0,,1.0,0.0
0,0,,1.0,0.0
0,0,,1.0,0.0
1,1,,0.0,1.0
1,1,,0.0,1.0
1,1,,0.0,1.0
1,1,,0.0,1.0
1,1,,0.0,1.0
1,1,,0.0,1.0
1,1,,0.0,1.0
1,1,,0.0,1.0
1,1,,0.0,1.0
1,1,,0.0,1.0
1,1,,0.0,1.0
1,1,,0.0,1.0
1,1,,0.0,1.0
0,0,,1.0,0.0
1,1,,0.0,1.0
1,1,,0.0,1.0
1,1,,0.0,1.0
1,1,,0.0,1.0
0,0,,1.0,0.0
0,0,,1.0,0.0
1,1,,0.0,1.0
1,1,,0.0,1.0
1,1,,0.0,1.0
1,1,,0.0,1.0
0,0,,1.0,0.0
1,1,,0.0,1.0
1,1,,0.0,1.0
1,1,,0.0,1.0
0,0,,1.0,0.0
1,1,,0.0,1.0
1,1,,0.0,1.0
1,1,,0.0,1.0
1,1,,0.0,1.0
1,1,,0.0,1.0
1,1,,0.0,1.0
1,1,,0.0,1.0
1,1,,0.0,1.0
1,1,,0.0,1.0
1,1,,0.0,1.0
1,1,,0.0,1.0
1,1,,0.0,1.0
0,0,,1.0,0.0
1,1,,0.0,1.0
1,1,,0.0,1.0
1,1,,0.0,1.0
1,1,,0.0,1.0
1,1,,0.0,1.0
1,1,,0.0,1.0
1,1,,0.0,1.0
1,1,,0.0,1.0
1,1,,0.0,1.0
0,0,,1.0,0.0
1,1,,0.0,1.0
1,1,,0.0,1.0
1,1,,0.0,1.0
1,1,,0.0,1.0
1,1,,0.0,1.0
1,1,,0.0,1.0
1,1,,0.0,1.0
1,1,,0.0,1.0
1,1,,0.0,1.0
1,1,,0.0,1.0
1,1,,0.0,1.0
1,1,,0.0,1.0
1,1,,0.0,1.0
1,1,,0.0,1.0
1,1,,0.0,1.0
1,1,,0.0,1.0
1,1,,0.0,1.0
1,1,,0.0,1.0
1,1,,0.0,1.0
1,1,,0.0,1.0
0,0,,1.0,0.0
1,1,,0.0,1.0
1,1,,0.0,1.0
1,1,,0.0,1.0
1,1,,0.0,1.0
1,1,,0.0,1.0
0,0,,1.0,0.0
1,1,,0.0,1.0
1,1,,0.0,1.0
1,1,,0.0,1.0
1,1,,0.0,1.0
1,1,,0.0,1.0
1,1,,0.0,1.0
1,1,,0.0,1.0
0,0,,1.0,0.0
1,1,,0.0,1.0
1,1,,0.0,1.0
1,1,,0.0,1.0
1,1,,0.0,1.0
1,1,,0.0,1.0
1,1,,0.0,1.0
1,1,,0.0,1.0
1,1,,0.0,1.0
1,1,,0.0,1.0
1,1,,0.0,1.0
1,1,,0.0,1.0
1,1,,0.0,1.0
1,1,,0.0,1.0
0,0,,1.0,0.0
1,1,,0.0,1.0
0,0,,1.0,0.0
1,1,,0.0,1.0
1,1,,0.0,1.0
1,1,,0.0,1.0
1,1,,0.0,1.0
1,1,,0.0,1.0
1,1,,0.0,1.0
1,1,,0.0,1.0
1,1,,0.0,1.0
0,0,,1.0,0.0
1,1,,0.0,1.0
1,1,,0.0,1.0
1,1,,0.0,1.0
1,1,,0.0,1.0
1,1,,0.0,1.0
0,0,,1.0,0.0
1,1,,0.0,1.0
1,1,,0.0,1.0
0,0,,1.0,0.0
1,1,,0.0,1.0
1,1,,0.0,1.0
1,1,,0.0,1.0
1,1,,0.0,1.0
1,1,,0.0,1.0
0,0,,1.0,0.0
1,1,,0.0,1.0
1,1,,0.0,1.0
1,1,,0.0,1.0
1,1,,0.0,1.0
1,1,,0.0,1.0
1,1,,0.0,1.0
1,1,,0.0,1.0
1,1,,0.0,1.0
1,1,,0.0,1.0
1,1,,0.0,1.0
1,1,,0.0,1.0
1,1,,0.0,1.0
1,1,,0.0,1.0
1,1,,0.0,1.0
1,1,,0.0,1.0
1,1,,0.0,1.0
1,1,,0.0,1.0
1,1,,0.0,1.0
1,1,,0.0,1.0
1,1,,0.0,1.0
1,1,,0.0,1.0
1,1,,0.0,1.0
0,0,,1.0,0.0
1,1,,0.0,1.0
1,1,,0.0,1.0
1,1,,0.0,1.0
1,1,,0.0,1.0
1,1,,0.0,1.0
1,1,,0.0,1.0
1,1,,0.0,1.0
1,1,,0.0,1.0
1,1,,0.0,1.0
1,1,,0.0,1.0
1,1,,0.0,1.0
1,1,,0.0,1.0
1,1,,0.0,1.0
1,1,,0.0,1.0
1,1,,0.0,1.0
0,0,,1.0,0.0
1,1,,0.0,1.0
1,1,,0.0,1.0
0,0,,1.0,0.0
1,1,,0.0,1.0
1,1,,0.0,1.0
1,1,,0.0,1.0
1,1,,0.0,1.0
1,1,,0.0,1.0
0,0,,1.0,0.0
1,1,,0.0,1.0
1,1,,0.0,1.0
1,1,,0.0,1.0
1,1,,0.0,1.0
1,1,,0.0,1.0
1,1,,0.0,1.0
1,1,,0.0,1.0
1,1,,0.0,1.0
1,1,,0.0,1.0
1,1,,0.0,1.0
1,1,,0.0,1.0
1,1,,0.0,1.0
1,1,,0.0,1.0
1,1,,0.0,1.0
1,1,,0.0,1.0
1,1,,0.0,1.0
1,1,,0.0,1.0
0,0,,1.0,0.0
1,1,,0.0,1.0
1,1,,0.0,1.0
1,1,,0.0,1.0
1,1,,0.0,1.0
1,1,,0.0,1.0
1,1,,0.0,1.0
1,1,,0.0,1.0
1,1,,0.0,1.0
1,1,,0.0,1.0
1,1,,0.0,1.0
1,1,,0.0,1.0
1,1,,0.0,1.0
1,1,,0.0,1.0
1,1,,0.0,1.0
1,1,,0.0,1.0
1,1,,0.0,1.0
0,0,,1.0,0.0
1,1,,0.0,1.0
1,1,,0.0,1.0
1,1,,0.0,1.0
1,1,,0.0,1.0
1,1,,0.0,1.0
1,1,,0.0,1.0
0,0,,1.0,0.0
1,1,,0.0,1.0
1,1,,0.0,1.0
1,1,,0.0,1.0
1,1,,0.0,1.0
1,1,,0.0,1.0
1,1,,0.0,1.0
1,1,,0.0,1.0
1,1,,0.0,1.0
1,1,,0.0,1.0
1,1,,0.0,1.0
1,1,,0.0,1.0
1,1,,0.0,1.0
1,1,,0.0,1.0
1,1,,0.0,1.0
1,1,,0.0,1.0
1,1,,0.0,1.0
1,1,,0.0,1.0
1,1,,0.0,1.0
1,1,,0.0,1.0
1,1,,0.0,1.0
1,1,,0.0,1.0
1,1,,0.0,1.0
1,1,,0.0,1.0
1,1,,0.0,1.0
1,1,,0.0,1.0
1,1,,0.005,0.995
1,1,,0.0,1.0
1,1,,0.0,1.0
0,0,,0.995,0.005
1,1,,0.0,1.0
1,1,,0.0,1.0
1,1,,0.0,1.0
1,1,,0.0,1.0
1,1,,0.0,1.0
1,1,,0.0,1.0
1,1,,0.0,1.0
1,1,,0.0,1.0
1,1,,0.0,1.0
1,1,,0.0,1.0
1,1,,0.0,1.0
1,1,,0.0,1.0
1,1,,0.0,1.0
1,1,,0.0,1.0
1,1,,0.0,1.0
1,1,,0.0,1.0
1,1,,0.0,1.0
1,1,,0.0,1.0
1,1,,0.0,1.0
1,1,,0.0,1.0
1,1,,0.0,1.0
1,1,,0.0,1.0
1,1,,0.0,1.0
1,1,,0.0,1.0
1,1,,0.0,1.0
1,1,,0.0,1.0
1,1,,0.0,1.0
1,1,,0.0,1.0
0,0,,1.0,0.0
1,1,,0.0,1.0
0,0,,1.0,0.0
1,1,,0.0,1.0
1,1,,0.0,1.0
1,1,,0.0,1.0
1,1,,0.0,1.0
1,1,,0.0,1.0
0,0,,1.0,0.0
1,1,,0.0,1.0
1,1,,0.0,1.0
0,0,,1.0,0.0
1,1,,0.0,1.0
0,0,,1.0,0.0
1,1,,0.0,1.0
0,0,,1.0,0.0
1,1,,0.0,1.0
1,1,,0.0,1.0
0,0,,1.0,0.0
1,1,,0.0,1.0
1,1,,0.0,1.0
1,1,,0.0,1.0
0,0,,1.0,0.0
1,1,,0.0,1.0
1,1,,0.0,1.0
1,1,,0.0,1.0
1,1,,0.0,1.0
1,1,,0.0,1.0
1,1,,0.0,1.0
1,1,,0.0,1.0
1,1,,0.0,1.0
1,1,,0.0,1.0
0,0,,1.0,0.0
1,1,,0.0,1.0
1,1,,0.0,1.0
1,1,,0.0,1.0
1,1,,0.0,1.0
1,1,,0.0,1.0
1,1,,0.0,1.0
1,1,,0.0,1.0
1,1,,0.0,1.0
1,1,,0.0,1.0
1,1,,0.0,1.0
1,1,,0.0,1.0
1,1,,0.0,1.0
1,1,,0.0,1.0
1,1,,0.0,1.0
1,1,,0.0,1.0
1,1,,0.0,1.0
1,1,,0.0,1.0
1,1,,0.0,1.0
1,1,,0.0,1.0
1,1,,0.0,1.0
1,1,,0.0,1.0
1,1,,0.0,1.0
1,1,,0.0,1.0
1,1,,0.0,1.0
1,1,,0.0,1.0
1,1,,0.0,1.0
1,1,,0.0,1.0
1,1,,0.0,1.0
1,1,,0.0,1.0
1,1,,0.0,1.0
1,1,,0.0,1.0
1,1,,0.0,1.0
1,1,,0.0,1.0
1,1,,0.0,1.0
1,1,,0.0,1.0
0,0,,1.0,0.0
1,1,,0.0,1.0
1,1,,0.0,1.0
1,1,,0.0,1.0
1,1,,0.0,1.0
0,0,,1.0,0.0
0,0,,1.0,0.0
0,0,,1.0,0.0
1,1,,0.0,1.0
0,0,,1.0,0.0
1,1,,0.0,1.0
1,1,,0.0,1.0
1,1,,0.0,1.0
1,1,,0.0,1.0
1,1,,0.0,1.0
1,1,,0.0,1.0
1,1,,0.0,1.0
1,1,,0.0,1.0
1,1,,0.0,1.0
1,1,,0.0,1.0
1,1,,0.0,1.0
1,1,,0.0,1.0
1,1,,0.0,1.0
1,1,,0.0,1.0
1,1,,0.0,1.0
1,1,,0.0,1.0
1,1,,0.0,1.0
1,1,,0.0,1.0
1,1,,0.0,1.0
1,1,,0.0,1.0
1,1,,0.0,1.0
1,1,,0.0,1.0
1,1,,0.0,1.0
1,1,,0.0,1.0
1,1,,0.0,1.0
1,1,,0.0,1.0
1,1,,0.0,1.0
1,1,,0.0,1.0
1,1,,0.0,1.0
0,0,,1.0,0.0
1,1,,0.0,1.0
1,1,,0.0,1.0
1,1,,0.0,1.0
1,1,,0.0,1.0
1,1,,0.0,1.0
1,1,,0.0,1.0
1,1,,0.0,1.0
1,1,,0.0,1.0
1,1,,0.0,1.0
1,1,,0.0,1.0
1,1,,0.0,1.0
0,0,,1.0,0.0
1,1,,0.0,1.0
1,1,,0.0,1.0
1,1,,0.0,1.0
1,1,,0.0,1.0
1,1,,0.0,1.0
1,1,,0.0,1.0
1,1,,0.0,1.0
1,1,,0.0,1.0
1,1,,0.0,1.0
1,1,,0.0,1.0
0,0,,1.0,0.0
1,1,,0.0,1.0
1,1,,0.0,1.0
1,1,,0.0,1.0
1,1,,0.0,1.0
0,0,,1.0,0.0
0,0,,1.0,0.0
1,1,,0.0,1.0
1,1,,0.0,1.0
1,1,,0.0,1.0
1,1,,0.0,1.0
1,1,,0.0,1.0
1,1,,0.0,1.0
1,1,,0.0,1.0
1,1,,0.0,1.0
1,1,,0.0,1.0
1,1,,0.0,1.0
1,1,,0.0,1.0
0,0,,1.0,0.0
1,1,,0.0,1.0
1,1,,0.0,1.0
1,1,,0.0,1.0
1,1,,0.0,1.0
1,1,,0.0,1.0
1,1,,0.0,1.0
1,1,,0.0,1.0
1,1,,0.0,1.0
1,1,,0.0,1.0
1,1,,0.0,1.0
1,1,,0.0,1.0
1,1,,0.0,1.0
1,1,,0.0,1.0
1,1,,0.0,1.0
1,1,,0.0,1.0
1,1,,0.0,1.0
1,1,,0.0,1.0
1,1,,0.0,1.0
1,1,,0.0,1.0
1,1,,0.0,1.0
1,1,,0.0,1.0
1,1,,0.0,1.0
1,1,,0.0,1.0
1,1,,0.0,1.0
1,1,,0.0,1.0
1,1,,0.0,1.0
1,1,,0.0,1.0
1,1,,0.0,1.0
1,1,,0.0,1.0
1,1,,0.0,1.0
1,1,,0.0,1.0
1,1,,0.0,1.0
1,1,,0.0,1.0
1,1,,0.0,1.0
1,1,,0.0,1.0
1,1,,0.0,1.0
0,0,,1.0,0.0
1,1,,0.0,1.0
1,1,,0.0,1.0
1,1,,0.0,1.0
1,1,,0.0,1.0
0,0,,1.0,0.0
1,1,,0.0,1.0
1,1,,0.0,1.0
1,1,,0.0,1.0
1,1,,0.0,1.0
0,0,,1.0,0.0
1,1,,0.0,1.0
1,1,,0.0,1.0
1,1,,0.0,1.0
0,0,,1.0,0.0
1,1,,0.0,1.0
1,1,,0.0,1.0
1,1,,0.0,1.0
1,1,,0.0,1.0
1,1,,0.0,1.0
1,1,,0.0,1.0
0,0,,1.0,0.0
1,1,,0.0,1.0
1,1,,0.0,1.0
1,1,,0.0,1.0
1,1,,0.0,1.0
1,1,,0.0,1.0
1,1,,0.0,1.0
1,1,,0.0,1.0
1,1,,0.0,1.0
1,1,,0.0,1.0
1,1,,0.0,1.0
0,0,,1.0,0.0
1,1,,0.0,1.0
1,1,,0.0,1.0
1,1,,0.0,1.0
1,1,,0.0,1.0
1,1,,0.0,1.0
1,1,,0.0,1.0
1,1,,0.0,1.0
0,0,,1.0,0.0
1,1,,0.0,1.0
0,0,,1.0,0.0
1,1,,0.0,1.0
1,1,,0.0,1.0
1,1,,0.0,1.0
1,1,,0.0,1.0
1,1,,0.0,1.0
0,0,,1.0,0.0
1,1,,0.0,1.0
1,1,,0.0,1.0
1,1,,0.0,1.0
1,1,,0.0,1.0
1,1,,0.0,1.0
1,1,,0.0,1.0
1,1,,0.0,1.0
1,1,,0.0,1.0
1,1,,0.0,1.0
1,1,,0.0,1.0
1,1,,0.0,1.0
1,1,,0.0,1.0
1,1,,0.0,1.0
1,1,,0.0,1.0
1,1,,0.0,1.0
1,1,,0.0,1.0
1,1,,0.0,1.0
1,1,,0.0,1.0
1,1,,0.0,1.0
1,1,,0.0,1.0
1,1,,0.0,1.0
1,1,,0.0,1.0
0,0,,1.0,0.0
1,1,,0.0,1.0
1,1,,0.0,1.0
0,0,,1.0,0.0
1,1,,0.0,1.0
1,1,,0.0,1.0
1,1,,0.0,1.0
1,1,,0.0,1.0
1,1,,0.0,1.0
1,1,,0.0,1.0
1,1,,0.0,1.0
1,1,,0.0,1.0
1,1,,0.0,1.0
1,1,,0.0,1.0
1,1,,0.0,1.0
1,1,,0.0,1.0
0,0,,1.0,0.0
1,1,,0.0,1.0
1,1,,0.0,1.0
1,1,,0.0,1.0
1,1,,0.0,1.0
0,0,,1.0,0.0
1,1,,0.0,1.0
1,1,,0.0,1.0
1,1,,0.0,1.0
1,1,,0.0,1.0
1,1,,0.0,1.0
1,1,,0.0,1.0
1,1,,0.0,1.0
0,0,,1.0,0.0
1,1,,0.0,1.0
1,1,,0.0,1.0
1,1,,0.0,1.0
1,1,,0.0,1.0
1,1,,0.0,1.0
1,1,,0.0,1.0
1,1,,0.0,1.0
1,1,,0.0,1.0
1,1,,0.0,1.0
1,1,,0.0,1.0
1,1,,0.0,1.0
1,1,,0.0,1.0
1,1,,0.0,1.0
1,1,,0.0,1.0
1,1,,0.0,1.0
1,1,,0.0,1.0
1,1,,0.0,1.0
1,1,,0.0,1.0
1,1,,0.0,1.0
1,1,,0.0,1.0
1,1,,0.0,1.0
1,1,,0.0,1.0
1,1,,0.0,1.0
1,1,,0.0,1.0
1,1,,0.0,1.0
1,1,,0.0,1.0
1,1,,0.0,1.0
1,1,,0.0,1.0
1,1,,0.0,1.0
1,1,,0.0,1.0
1,1,,0.0,1.0
1,1,,0.0,1.0
1,1,,0.0,1.0
1,1,,0.0,1.0
1,1,,0.0,1.0
1,1,,0.0,1.0
1,1,,0.0,1.0
1,1,,0.0,1.0
1,1,,0.0,1.0
1,1,,0.0,1.0
1,1,,0.0,1.0
1,1,,0.0,1.0
1,1,,0.0,1.0
0,0,,1.0,0.0
1,1,,0.0,1.0
1,1,,0.0,1.0
1,1,,0.0,1.0
1,1,,0.0,1.0
1,1,,0.0,1.0
1,1,,0.0,1.0
1,1,,0.0,1.0
1,1,,0.0,1.0
1,1,,0.0,1.0
1,1,,0.0,1.0
1,1,,0.0,1.0
0,0,,1.0,0.0
1,1,,0.0,1.0
1,1,,0.0,1.0
1,1,,0.0,1.0
1,1,,0.0,1.0
1,1,,0.0,1.0
1,1,,0.0,1.0
1,1,,0.0,1.0
1,1,,0.0,1.0
1,1,,0.0,1.0
1,1,,0.0,1.0
1,1,,0.0,1.0
1,1,,0.0,1.0
1,1,,0.0,1.0
1,1,,0.0,1.0
1,1,,0.0,1.0
1,1,,0.0,1.0
1,1,,0.0,1.0
1,1,,0.0,1.0
1,1,,0.0,1.0
1,1,,0.0,1.0
1,1,,0.0,1.0
1,1,,0.0,1.0
1,1,,0.0,1.0
1,1,,0.0,1.0
1,1,,0.0,1.0
0,0,,1.0,0.0
1,1,,0.0,1.0
1,1,,0.0,1.0
1,1,,0.0,1.0
1,1,,0.0,1.0
1,1,,0.0,1.0
1,1,,0.0,1.0
0,0,,1.0,0.0
1,1,,0.0,1.0
1,1,,0.0,1.0
1,1,,0.0,1.0
1,1,,0.0,1.0
1,1,,0.0,1.0
1,1,,0.0,1.0
1,1,,0.0,1.0
1,1,,0.0,1.0
1,1,,0.0,1.0
1,1,,0.0,1.0
1,1,,0.0,1.0
1,1,,0.0,1.0
1,1,,0.0,1.0
1,1,,0.0,1.0
1,1,,0.0,1.0
0,0,,1.0,0.0
1,1,,0.0,1.0
1,1,,0.0,1.0
0,0,,1.0,0.0
1,1,,0.0,1.0
1,1,,0.0,1.0
1,1,,0.0,1.0
1,1,,0.0,1.0
1,1,,0.0,1.0
1,1,,0.0,1.0
1,1,,0.0,1.0
1,1,,0.0,1.0
0,0,,1.0,0.0
1,1,,0.0,1.0
1,1,,0.0,1.0
1,1,,0.0,1.0
1,1,,0.0,1.0
1,1,,0.0,1.0
1,1,,0.0,1.0
1,1,,0.0,1.0
1,1,,0.0,1.0
1,1,,0.0,1.0
1,1,,0.0,1.0
1,1,,0.0,1.0
1,1,,0.0,1.0
1,1,,0.0,1.0
0,0,,1.0,0.0
1,1,,0.0,1.0
1,1,,0.0,1.0
0,0,,1.0,0.0
1,1,,0.0,1.0
1,1,,0.0,1.0
1,1,,0.0,1.0
0,0,,1.0,0.0
1,1,,0.0,1.0
1,1,,0.0,1.0
1,1,,0.0,1.0
1,1,,0.0,1.0
1,1,,0.0,1.0
1,1,,0.0,1.0
1,1,,0.0,1.0
1,1,,0.0,1.0
1,1,,0.0,1.0
1,1,,0.0,1.0
1,1,,0.0,1.0
1,1,,0.0,1.0
1,1,,0.0,1.0
1,1,,0.0,1.0
1,1,,0.0,1.0
1,1,,0.0,1.0
1,1,,0.0,1.0
0,0,,1.0,0.0
1,1,,0.0,1.0
1,1,,0.0,1.0
1,1,,0.0,1.0
1,1,,0.0,1.0
1,1,,0.0,1.0
1,1,,0.0,1.0
1,1,,0.0,1.0
1,1,,0.0,1.0
1,1,,0.0,1.0
1,1,,0.0,1.0
1,1,,0.0,1.0
1,1,,0.0,1.0
1,1,,0.0,1.0
1,1,,0.0,1.0
0,0,,1.0,0.0
1,1,,0.0,1.0
1,1,,0.0,1.0
1,1,,0.0,1.0
1,1,,0.0,1.0
1,1,,0.0,1.0
1,1,,0.0,1.0
0,0,,1.0,0.0
1,1,,0.0,1.0
1,1,,0.0,1.0
1,1,,0.0,1.0
1,1,,0.0,1.0
1,1,,0.0,1.0
1,1,,0.0,1.0
1,1,,0.0,1.0
1,1,,0.0,1.0
1,1,,0.0,1.0
1,1,,0.0,1.0
1,1,,0.0,1.0
1,1,,0.0,1.0
1,1,,0.0,1.0
0,0,,1.0,0.0
1,1,,0.0,1.0
1,1,,0.0,1.0
1,1,,0.0,1.0
1,1,,0.0,1.0
1,1,,0.0,1.0
1,1,,0.0,1.0
1,1,,0.0,1.0
1,1,,0.0,1.0
1,1,,0.0,1.0
1,1,,0.0,1.0
1,1,,0.0,1.0
1,1,,0.0,1.0
0,0,,0.995,0.005
1,1,,0.0,1.0
1,1,,0.0,1.0
1,1,,0.0,1.0
1,1,,0.0,1.0
1,1,,0.0,1.0
1,1,,0.0,1.0
1,1,,0.0,1.0
1,1,,0.0,1.0
1,1,,0.0,1.0
1,1,,0.0,1.0
1,1,,0.0,1.0
1,1,,0.0,1.0
1,1,,0.0,1.0
1,1,,0.0,1.0
1,1,,0.0,1.0
1,1,,0.0,1.0
1,1,,0.0,1.0
1,1,,0.0,1.0
1,1,,0.0,1.0
1,1,,0.0,1.0
1,1,,0.0,1.0
1,1,,0.0,1.0
1,1,,0.0,1.0
1,1,,0.0,1.0
1,1,,0.0,1.0
1,1,,0.0,1.0
1,1,,0.0,1.0
1,1,,0.0,1.0
1,1,,0.0,1.0
1,1,,0.0,1.0
1,1,,0.0,1.0
1,1,,0.0,1.0
1,1,,0.0,1.0
1,1,,0.0,1.0
1,1,,0.0,1.0
1,1,,0.0,1.0
0,0,,1.0,0.0
0,0,,1.0,0.0
1,1,,0.0,1.0
1,1,,0.0,1.0
