EigenWorms,rstc,TEST,4,MILLISECONDS,Generated by run_classification_experiment on 07/29/2024, 10:17:55. Encoder dictionary: {'1': 0, '2': 1, '3': 2, '4': 3, '5': 4}
{'batch_size': 100, 'contract_max_n_shapelet_samples': inf, 'estimator': None, 'max_shapelet_length': None, 'max_shapelets': None, 'n_jobs': 1, 'n_shapelet_samples': 10000, 'random_state': 4, 'shapelet_quality': 'F_STAT', 'time_limit_in_minutes': 0, 'transform_limit_in_minutes': 0}
0.8473282442748091,118273902,6610701,-1,192827392,5,N/A,-1,-1
0,0,,0.905,0.005,0.03,0.05,0.01
0,0,,0.895,0.105,0.0,0.0,0.0
0,0,,0.73,0.27,0.0,0.0,0.0
0,1,,0.385,0.615,0.0,0.0,0.0
0,0,,0.705,0.01,0.025,0.19,0.07
0,1,,0.495,0.5,0.0,0.0,0.005
0,0,,0.52,0.02,0.09,0.21,0.16
0,0,,0.895,0.015,0.03,0.06,0.0
0,0,,0.99,0.01,0.0,0.0,0.0
0,3,,0.265,0.005,0.135,0.305,0.29
0,0,,0.65,0.045,0.065,0.185,0.055
0,0,,0.92,0.08,0.0,0.0,0.0
0,0,,0.97,0.03,0.0,0.0,0.0
0,0,,0.75,0.245,0.005,0.0,0.0
0,0,,0.925,0.04,0.015,0.01,0.01
0,0,,0.835,0.155,0.005,0.005,0.0
0,0,,0.63,0.02,0.1,0.215,0.035
0,0,,0.87,0.115,0.0,0.015,0.0
0,0,,0.855,0.135,0.0,0.01,0.0
0,0,,0.525,0.47,0.005,0.0,0.0
0,1,,0.415,0.585,0.0,0.0,0.0
0,0,,0.93,0.06,0.0,0.01,0.0
0,3,,0.33,0.0,0.105,0.37,0.195
0,0,,0.57,0.145,0.145,0.095,0.045
0,0,,0.76,0.225,0.0,0.005,0.01
0,0,,0.85,0.145,0.005,0.0,0.0
0,1,,0.26,0.735,0.0,0.005,0.0
0,1,,0.305,0.69,0.005,0.0,0.0
0,0,,0.98,0.015,0.0,0.005,0.0
0,0,,0.92,0.0,0.02,0.045,0.015
0,0,,0.505,0.065,0.165,0.185,0.08
0,0,,0.965,0.025,0.0,0.01,0.0
0,0,,0.52,0.0,0.055,0.295,0.13
0,0,,0.45,0.015,0.255,0.17,0.11
0,0,,0.935,0.05,0.01,0.005,0.0
0,0,,0.68,0.04,0.085,0.145,0.05
0,0,,0.955,0.035,0.005,0.005,0.0
0,0,,0.67,0.315,0.01,0.005,0.0
0,0,,0.92,0.04,0.015,0.025,0.0
0,0,,0.47,0.02,0.27,0.145,0.095
0,0,,0.54,0.005,0.15,0.22,0.085
0,0,,0.96,0.035,0.0,0.005,0.0
0,0,,0.895,0.045,0.01,0.05,0.0
0,0,,0.855,0.055,0.025,0.045,0.02
0,0,,0.76,0.155,0.01,0.055,0.02
0,0,,0.81,0.16,0.03,0.0,0.0
0,0,,0.755,0.075,0.025,0.1,0.045
0,0,,0.865,0.075,0.005,0.025,0.03
0,0,,0.95,0.045,0.0,0.005,0.0
0,0,,0.865,0.03,0.04,0.06,0.005
0,0,,0.84,0.15,0.005,0.0,0.005
0,0,,0.39,0.0,0.18,0.3,0.13
0,3,,0.245,0.0,0.065,0.395,0.295
0,0,,0.57,0.0,0.08,0.24,0.11
0,0,,0.64,0.04,0.055,0.205,0.06
1,1,,0.04,0.955,0.005,0.0,0.0
1,1,,0.02,0.97,0.01,0.0,0.0
1,1,,0.11,0.88,0.01,0.0,0.0
1,1,,0.15,0.845,0.005,0.0,0.0
1,0,,0.48,0.475,0.035,0.005,0.005
1,1,,0.0,1.0,0.0,0.0,0.0
1,0,,0.48,0.475,0.035,0.005,0.005
1,1,,0.035,0.965,0.0,0.0,0.0
1,1,,0.05,0.87,0.075,0.0,0.005
1,0,,0.595,0.125,0.09,0.15,0.04
1,0,,0.63,0.34,0.025,0.005,0.0
1,1,,0.03,0.965,0.0,0.0,0.005
1,1,,0.035,0.96,0.0,0.0,0.005
1,1,,0.035,0.965,0.0,0.0,0.0
1,1,,0.0,1.0,0.0,0.0,0.0
1,1,,0.07,0.905,0.02,0.005,0.0
1,1,,0.015,0.985,0.0,0.0,0.0
1,1,,0.05,0.87,0.075,0.0,0.005
1,1,,0.0,1.0,0.0,0.0,0.0
1,1,,0.02,0.97,0.01,0.0,0.0
1,1,,0.0,1.0,0.0,0.0,0.0
1,1,,0.025,0.975,0.0,0.0,0.0
2,2,,0.35,0.02,0.555,0.045,0.03
2,2,,0.0,0.0,1.0,0.0,0.0
2,2,,0.255,0.09,0.605,0.005,0.045
2,2,,0.33,0.01,0.38,0.13,0.15
2,2,,0.155,0.03,0.775,0.025,0.015
2,2,,0.15,0.115,0.71,0.015,0.01
2,2,,0.325,0.01,0.555,0.055,0.055
2,2,,0.0,0.0,1.0,0.0,0.0
2,2,,0.25,0.01,0.65,0.035,0.055
2,2,,0.32,0.095,0.505,0.065,0.015
2,2,,0.23,0.01,0.685,0.04,0.035
2,2,,0.195,0.0,0.475,0.155,0.175
2,2,,0.18,0.015,0.76,0.025,0.02
2,2,,0.29,0.005,0.525,0.105,0.075
2,2,,0.355,0.01,0.545,0.045,0.045
2,2,,0.205,0.02,0.685,0.045,0.045
2,2,,0.21,0.025,0.68,0.035,0.05
2,2,,0.075,0.01,0.895,0.01,0.01
3,3,,0.205,0.0,0.015,0.6,0.18
3,3,,0.105,0.0,0.025,0.46,0.41
3,3,,0.0,0.0,0.0,1.0,0.0
3,3,,0.24,0.005,0.18,0.32,0.255
3,3,,0.12,0.0,0.035,0.5,0.345
3,3,,0.0,0.0,0.0,1.0,0.0
3,3,,0.185,0.015,0.13,0.34,0.33
3,3,,0.255,0.0,0.085,0.33,0.33
3,3,,0.16,0.005,0.015,0.57,0.25
3,3,,0.15,0.0,0.04,0.575,0.235
3,3,,0.185,0.005,0.075,0.465,0.27
3,3,,0.0,0.0,0.0,1.0,0.0
3,3,,0.145,0.0,0.08,0.525,0.25
3,4,,0.12,0.0,0.08,0.345,0.455
3,3,,0.115,0.0,0.035,0.49,0.36
3,3,,0.185,0.015,0.13,0.34,0.33
3,3,,0.0,0.0,0.0,1.0,0.0
3,3,,0.205,0.0,0.015,0.6,0.18
3,3,,0.255,0.03,0.04,0.455,0.22
3,3,,0.0,0.0,0.0,1.0,0.0
3,3,,0.0,0.0,0.0,1.0,0.0
3,3,,0.17,0.01,0.035,0.51,0.275
3,3,,0.25,0.01,0.025,0.635,0.08
4,3,,0.175,0.0,0.02,0.645,0.16
4,4,,0.02,0.005,0.005,0.05,0.92
4,4,,0.045,0.005,0.02,0.04,0.89
4,3,,0.235,0.0,0.07,0.37,0.325
4,3,,0.115,0.0,0.025,0.43,0.43
4,3,,0.155,0.0,0.045,0.465,0.335
4,4,,0.12,0.01,0.04,0.175,0.655
4,4,,0.155,0.055,0.04,0.37,0.38
4,3,,0.245,0.0,0.085,0.365,0.305
4,4,,0.0,0.0,0.0,0.0,1.0
4,3,,0.17,0.005,0.05,0.505,0.27
4,3,,0.21,0.005,0.025,0.45,0.31
4,4,,0.175,0.01,0.035,0.19,0.59
