InlineSkate,rstc,TEST,1,MILLISECONDS,Generated by run_classification_experiment on 07/24/2024, 12:21:32. Encoder dictionary: {'1': 0, '2': 1, '3': 2, '4': 3, '5': 4, '6': 5, '7': 6}
{'batch_size': 100, 'contract_max_n_shapelet_samples': inf, 'estimator': None, 'max_shapelet_length': None, 'max_shapelets': None, 'n_jobs': 1, 'n_shapelet_samples': 10000, 'random_state': 1, 'shapelet_quality': 'F_STAT', 'time_limit_in_minutes': 0, 'transform_limit_in_minutes': 0}
0.44,499442,47686,-1,57516032,7,N/A,-1,-1
0,3,,0.105,0.16,0.13,0.445,0.075,0.035,0.05
0,1,,0.095,0.345,0.26,0.2,0.055,0.03,0.015
0,1,,0.32,0.325,0.155,0.16,0.02,0.01,0.01
0,2,,0.15,0.19,0.375,0.115,0.125,0.04,0.005
0,0,,0.555,0.305,0.06,0.035,0.03,0.015,0.0
0,0,,0.6,0.325,0.04,0.0,0.035,0.0,0.0
0,0,,0.435,0.33,0.16,0.015,0.04,0.005,0.015
0,1,,0.25,0.47,0.155,0.11,0.005,0.01,0.0
0,2,,0.21,0.13,0.38,0.13,0.11,0.02,0.02
0,2,,0.17,0.2,0.34,0.145,0.095,0.045,0.005
0,0,,0.585,0.325,0.045,0.015,0.02,0.0,0.01
0,0,,0.565,0.275,0.105,0.02,0.02,0.015,0.0
0,2,,0.115,0.245,0.345,0.12,0.11,0.03,0.035
0,3,,0.105,0.16,0.13,0.445,0.075,0.035,0.05
0,3,,0.115,0.115,0.275,0.28,0.14,0.04,0.035
0,2,,0.12,0.12,0.265,0.175,0.165,0.135,0.02
0,2,,0.17,0.13,0.52,0.035,0.065,0.055,0.025
0,2,,0.19,0.2,0.275,0.145,0.13,0.055,0.005
0,1,,0.31,0.325,0.19,0.105,0.045,0.005,0.02
0,0,,0.72,0.155,0.06,0.045,0.015,0.0,0.005
0,2,,0.115,0.19,0.32,0.15,0.135,0.08,0.01
0,1,,0.32,0.39,0.12,0.12,0.025,0.015,0.01
0,3,,0.105,0.145,0.18,0.29,0.115,0.115,0.05
0,2,,0.21,0.135,0.305,0.065,0.155,0.08,0.05
0,2,,0.1,0.15,0.285,0.215,0.12,0.08,0.05
0,1,,0.24,0.325,0.275,0.04,0.055,0.06,0.005
0,2,,0.15,0.16,0.345,0.195,0.06,0.04,0.05
0,1,,0.27,0.515,0.09,0.095,0.015,0.015,0.0
0,0,,0.435,0.405,0.085,0.03,0.025,0.015,0.005
0,0,,0.535,0.265,0.115,0.035,0.01,0.03,0.01
0,3,,0.18,0.16,0.16,0.28,0.14,0.03,0.05
0,0,,0.385,0.345,0.195,0.03,0.015,0.03,0.0
0,0,,0.355,0.085,0.26,0.03,0.15,0.09,0.03
0,0,,0.37,0.12,0.325,0.015,0.055,0.09,0.025
0,2,,0.175,0.125,0.305,0.16,0.165,0.035,0.035
0,2,,0.13,0.11,0.35,0.18,0.14,0.06,0.03
0,2,,0.16,0.105,0.285,0.2,0.13,0.09,0.03
0,0,,0.435,0.33,0.16,0.015,0.04,0.005,0.015
0,0,,0.575,0.295,0.065,0.035,0.01,0.005,0.015
0,0,,0.245,0.105,0.235,0.22,0.11,0.025,0.06
0,0,,0.665,0.17,0.085,0.025,0.05,0.005,0.0
0,2,,0.125,0.175,0.375,0.2,0.115,0.005,0.005
0,2,,0.29,0.105,0.31,0.025,0.13,0.1,0.04
0,0,,0.535,0.305,0.09,0.04,0.025,0.005,0.0
0,0,,0.49,0.21,0.12,0.095,0.045,0.02,0.02
0,2,,0.125,0.175,0.375,0.2,0.115,0.005,0.005
0,0,,0.555,0.305,0.06,0.035,0.03,0.015,0.0
0,0,,0.33,0.12,0.255,0.065,0.1,0.065,0.065
0,3,,0.105,0.14,0.235,0.29,0.12,0.03,0.08
0,0,,0.45,0.34,0.12,0.025,0.045,0.01,0.01
0,1,,0.275,0.33,0.185,0.17,0.025,0.01,0.005
0,0,,0.5,0.26,0.12,0.045,0.05,0.02,0.005
0,1,,0.38,0.47,0.115,0.005,0.02,0.005,0.005
1,3,,0.03,0.18,0.185,0.26,0.205,0.085,0.055
1,3,,0.06,0.055,0.12,0.415,0.095,0.035,0.22
1,3,,0.025,0.145,0.16,0.515,0.1,0.04,0.015
1,2,,0.055,0.2,0.46,0.15,0.06,0.06,0.015
1,2,,0.12,0.265,0.27,0.115,0.185,0.03,0.015
1,2,,0.035,0.21,0.28,0.275,0.095,0.09,0.015
1,2,,0.02,0.27,0.365,0.175,0.13,0.02,0.02
1,1,,0.25,0.37,0.11,0.075,0.135,0.045,0.015
1,1,,0.24,0.4,0.15,0.07,0.085,0.03,0.025
1,5,,0.03,0.095,0.155,0.23,0.185,0.275,0.03
1,2,,0.015,0.19,0.295,0.19,0.16,0.1,0.05
1,3,,0.03,0.03,0.175,0.305,0.225,0.075,0.16
1,1,,0.31,0.545,0.07,0.01,0.045,0.015,0.005
1,0,,0.42,0.405,0.11,0.025,0.015,0.015,0.01
1,3,,0.035,0.12,0.205,0.505,0.085,0.02,0.03
1,1,,0.24,0.4,0.15,0.07,0.085,0.03,0.025
1,1,,0.085,0.305,0.255,0.215,0.06,0.075,0.005
1,2,,0.06,0.26,0.34,0.19,0.08,0.06,0.01
1,3,,0.02,0.085,0.15,0.335,0.22,0.115,0.075
1,2,,0.035,0.27,0.34,0.22,0.085,0.045,0.005
1,1,,0.255,0.275,0.23,0.085,0.095,0.045,0.015
1,1,,0.065,0.27,0.26,0.16,0.14,0.075,0.03
1,2,,0.05,0.18,0.255,0.165,0.175,0.07,0.105
1,2,,0.05,0.235,0.38,0.245,0.06,0.025,0.005
1,0,,0.26,0.24,0.245,0.065,0.08,0.045,0.065
1,3,,0.1,0.14,0.13,0.425,0.125,0.045,0.035
1,1,,0.165,0.315,0.27,0.055,0.05,0.135,0.01
1,3,,0.025,0.125,0.175,0.445,0.125,0.035,0.07
1,2,,0.035,0.165,0.28,0.255,0.17,0.065,0.03
1,2,,0.155,0.095,0.39,0.08,0.135,0.115,0.03
1,3,,0.035,0.07,0.245,0.365,0.175,0.05,0.06
1,3,,0.105,0.19,0.115,0.24,0.15,0.145,0.055
1,2,,0.13,0.25,0.37,0.2,0.04,0.005,0.005
1,2,,0.095,0.255,0.34,0.195,0.07,0.03,0.015
1,2,,0.08,0.26,0.445,0.135,0.055,0.02,0.005
1,3,,0.035,0.18,0.215,0.31,0.165,0.08,0.015
1,2,,0.09,0.21,0.315,0.17,0.155,0.055,0.005
1,3,,0.04,0.085,0.225,0.455,0.11,0.035,0.05
1,1,,0.06,0.415,0.315,0.14,0.055,0.01,0.005
1,2,,0.055,0.195,0.49,0.205,0.04,0.015,0.0
1,3,,0.05,0.09,0.085,0.535,0.08,0.07,0.09
1,2,,0.125,0.14,0.44,0.035,0.135,0.105,0.02
1,2,,0.08,0.26,0.445,0.135,0.055,0.02,0.005
1,2,,0.045,0.235,0.265,0.22,0.135,0.06,0.04
1,2,,0.055,0.155,0.43,0.24,0.075,0.04,0.005
1,2,,0.195,0.1,0.52,0.05,0.045,0.05,0.04
1,2,,0.065,0.315,0.41,0.15,0.05,0.005,0.005
1,3,,0.09,0.18,0.155,0.36,0.09,0.055,0.07
1,3,,0.06,0.055,0.12,0.415,0.095,0.035,0.22
1,5,,0.135,0.195,0.195,0.065,0.075,0.33,0.005
1,3,,0.05,0.09,0.085,0.535,0.08,0.07,0.09
1,1,,0.07,0.325,0.245,0.145,0.075,0.135,0.005
1,2,,0.15,0.27,0.295,0.185,0.075,0.025,0.0
1,3,,0.05,0.075,0.09,0.465,0.115,0.02,0.185
1,1,,0.18,0.375,0.185,0.055,0.11,0.045,0.05
1,2,,0.01,0.17,0.29,0.275,0.18,0.05,0.025
1,3,,0.08,0.115,0.22,0.24,0.205,0.09,0.05
1,0,,0.31,0.3,0.22,0.075,0.04,0.04,0.015
1,2,,0.08,0.2,0.395,0.19,0.095,0.03,0.01
1,2,,0.005,0.175,0.37,0.21,0.15,0.05,0.04
1,2,,0.07,0.245,0.32,0.18,0.11,0.06,0.015
1,1,,0.12,0.255,0.19,0.145,0.14,0.125,0.025
1,3,,0.09,0.2,0.25,0.32,0.07,0.06,0.01
1,1,,0.255,0.4,0.2,0.095,0.03,0.01,0.01
1,2,,0.035,0.185,0.425,0.245,0.06,0.025,0.025
1,1,,0.08,0.49,0.205,0.07,0.07,0.05,0.035
1,3,,0.035,0.125,0.19,0.325,0.13,0.165,0.03
1,2,,0.035,0.18,0.37,0.215,0.125,0.05,0.025
1,2,,0.085,0.23,0.405,0.155,0.075,0.05,0.0
1,2,,0.065,0.21,0.37,0.2,0.1,0.05,0.005
1,3,,0.02,0.095,0.2,0.345,0.18,0.05,0.11
1,3,,0.03,0.165,0.18,0.375,0.105,0.11,0.035
1,0,,0.375,0.14,0.275,0.105,0.025,0.015,0.065
1,2,,0.05,0.235,0.38,0.245,0.06,0.025,0.005
1,0,,0.425,0.275,0.15,0.05,0.03,0.045,0.025
1,1,,0.25,0.47,0.04,0.075,0.1,0.05,0.015
1,1,,0.115,0.395,0.28,0.03,0.12,0.04,0.02
1,3,,0.03,0.03,0.175,0.305,0.225,0.075,0.16
1,1,,0.09,0.3,0.19,0.165,0.11,0.085,0.06
1,4,,0.09,0.115,0.16,0.26,0.27,0.035,0.07
1,2,,0.115,0.25,0.41,0.125,0.075,0.02,0.005
1,3,,0.05,0.08,0.195,0.355,0.26,0.05,0.01
1,1,,0.11,0.305,0.125,0.08,0.175,0.125,0.08
1,1,,0.08,0.33,0.17,0.13,0.14,0.11,0.04
1,0,,0.395,0.31,0.21,0.02,0.04,0.02,0.005
1,1,,0.185,0.4,0.09,0.115,0.1,0.07,0.04
2,2,,0.02,0.175,0.35,0.26,0.08,0.1,0.015
2,3,,0.01,0.03,0.105,0.29,0.27,0.215,0.08
2,4,,0.035,0.135,0.17,0.155,0.18,0.145,0.18
2,2,,0.075,0.175,0.45,0.075,0.04,0.175,0.01
2,2,,0.19,0.225,0.24,0.22,0.08,0.025,0.02
2,4,,0.03,0.08,0.255,0.105,0.29,0.185,0.055
2,3,,0.06,0.22,0.195,0.345,0.055,0.085,0.04
2,2,,0.05,0.1,0.28,0.23,0.26,0.065,0.015
2,3,,0.03,0.08,0.185,0.37,0.185,0.07,0.08
2,2,,0.04,0.255,0.48,0.06,0.06,0.07,0.035
2,3,,0.045,0.045,0.245,0.385,0.16,0.06,0.06
2,2,,0.055,0.215,0.395,0.185,0.09,0.03,0.03
2,2,,0.175,0.105,0.355,0.06,0.115,0.16,0.03
2,2,,0.105,0.165,0.285,0.05,0.265,0.105,0.025
2,2,,0.065,0.205,0.385,0.12,0.145,0.06,0.02
2,4,,0.055,0.095,0.27,0.1,0.29,0.14,0.05
2,2,,0.11,0.195,0.365,0.125,0.07,0.1,0.035
2,3,,0.02,0.025,0.155,0.43,0.13,0.085,0.155
2,3,,0.07,0.05,0.14,0.52,0.135,0.07,0.015
2,2,,0.02,0.175,0.35,0.26,0.08,0.1,0.015
2,5,,0.03,0.025,0.15,0.285,0.15,0.29,0.07
2,3,,0.03,0.065,0.11,0.515,0.16,0.04,0.08
2,2,,0.04,0.175,0.225,0.17,0.175,0.165,0.05
2,3,,0.065,0.1,0.24,0.33,0.15,0.045,0.07
2,2,,0.085,0.14,0.445,0.16,0.075,0.055,0.04
2,3,,0.02,0.05,0.275,0.345,0.15,0.15,0.01
2,4,,0.02,0.015,0.1,0.15,0.325,0.285,0.105
2,2,,0.105,0.25,0.345,0.115,0.125,0.035,0.025
2,5,,0.145,0.205,0.25,0.06,0.05,0.27,0.02
2,3,,0.02,0.14,0.16,0.285,0.195,0.11,0.09
2,4,,0.01,0.035,0.08,0.13,0.33,0.185,0.23
2,3,,0.05,0.095,0.145,0.525,0.115,0.035,0.035
2,3,,0.055,0.115,0.24,0.385,0.11,0.05,0.045
2,2,,0.095,0.065,0.28,0.165,0.195,0.125,0.075
2,1,,0.135,0.34,0.265,0.055,0.085,0.105,0.015
2,2,,0.105,0.26,0.415,0.065,0.04,0.095,0.02
2,2,,0.07,0.155,0.31,0.23,0.15,0.07,0.015
2,3,,0.11,0.12,0.18,0.37,0.155,0.03,0.035
2,3,,0.075,0.11,0.13,0.465,0.12,0.01,0.09
2,2,,0.2,0.11,0.435,0.045,0.1,0.08,0.03
2,3,,0.005,0.045,0.045,0.68,0.155,0.03,0.04
2,2,,0.08,0.155,0.335,0.31,0.055,0.045,0.02
2,3,,0.03,0.085,0.13,0.51,0.105,0.065,0.075
2,2,,0.005,0.23,0.39,0.21,0.09,0.065,0.01
2,3,,0.06,0.18,0.26,0.295,0.125,0.035,0.045
2,2,,0.055,0.17,0.44,0.16,0.12,0.015,0.04
2,2,,0.09,0.135,0.285,0.23,0.18,0.045,0.035
2,2,,0.055,0.12,0.295,0.245,0.05,0.19,0.045
2,2,,0.025,0.09,0.395,0.05,0.06,0.37,0.01
2,2,,0.095,0.245,0.315,0.22,0.075,0.045,0.005
2,3,,0.015,0.08,0.24,0.33,0.245,0.055,0.035
2,3,,0.05,0.125,0.18,0.475,0.1,0.035,0.035
2,2,,0.065,0.11,0.36,0.08,0.255,0.09,0.04
2,3,,0.01,0.03,0.09,0.405,0.21,0.12,0.135
2,2,,0.0,0.0,1.0,0.0,0.0,0.0,0.0
2,2,,0.04,0.12,0.33,0.115,0.23,0.135,0.03
2,2,,0.185,0.28,0.365,0.04,0.075,0.02,0.035
2,3,,0.05,0.02,0.195,0.525,0.11,0.075,0.025
2,3,,0.035,0.18,0.285,0.305,0.045,0.125,0.025
2,3,,0.11,0.135,0.13,0.38,0.185,0.035,0.025
2,3,,0.01,0.05,0.2,0.45,0.11,0.115,0.065
2,3,,0.05,0.125,0.18,0.475,0.1,0.035,0.035
2,4,,0.015,0.105,0.2,0.245,0.255,0.15,0.03
2,2,,0.08,0.2,0.395,0.205,0.06,0.03,0.03
2,3,,0.02,0.1,0.295,0.32,0.145,0.055,0.065
2,2,,0.07,0.155,0.31,0.23,0.15,0.07,0.015
2,3,,0.005,0.04,0.095,0.475,0.22,0.075,0.09
2,3,,0.01,0.05,0.15,0.39,0.23,0.065,0.105
2,2,,0.115,0.22,0.41,0.045,0.13,0.045,0.035
2,5,,0.02,0.04,0.235,0.065,0.2,0.39,0.05
2,2,,0.265,0.16,0.345,0.04,0.045,0.12,0.025
2,3,,0.045,0.065,0.11,0.285,0.24,0.11,0.145
2,4,,0.025,0.055,0.185,0.12,0.29,0.205,0.12
2,2,,0.065,0.17,0.335,0.21,0.13,0.055,0.035
2,2,,0.055,0.12,0.23,0.125,0.19,0.15,0.13
2,2,,0.055,0.24,0.36,0.24,0.065,0.03,0.01
2,3,,0.02,0.075,0.125,0.54,0.09,0.11,0.04
2,1,,0.055,0.295,0.235,0.23,0.065,0.11,0.01
2,2,,0.09,0.24,0.295,0.205,0.085,0.02,0.065
2,2,,0.12,0.175,0.255,0.185,0.1,0.105,0.06
2,2,,0.0,0.0,1.0,0.0,0.0,0.0,0.0
2,1,,0.145,0.405,0.15,0.155,0.08,0.02,0.045
2,3,,0.04,0.07,0.26,0.305,0.185,0.045,0.095
2,4,,0.055,0.095,0.27,0.1,0.29,0.14,0.05
2,2,,0.12,0.22,0.295,0.185,0.07,0.09,0.02
3,2,,0.055,0.21,0.305,0.235,0.085,0.08,0.03
3,3,,0.035,0.03,0.09,0.3,0.18,0.275,0.09
3,3,,0.025,0.13,0.255,0.31,0.125,0.13,0.025
3,6,,0.0,0.015,0.09,0.13,0.2,0.215,0.35
3,3,,0.005,0.06,0.17,0.51,0.125,0.065,0.065
3,3,,0.005,0.1,0.145,0.32,0.24,0.105,0.085
3,5,,0.015,0.02,0.02,0.2,0.26,0.365,0.12
3,2,,0.1,0.12,0.285,0.12,0.21,0.105,0.06
3,3,,0.035,0.08,0.17,0.23,0.165,0.225,0.095
3,3,,0.065,0.075,0.155,0.405,0.175,0.09,0.035
3,3,,0.03,0.13,0.235,0.33,0.18,0.08,0.015
3,3,,0.07,0.06,0.05,0.555,0.14,0.04,0.085
3,4,,0.01,0.05,0.17,0.19,0.3,0.17,0.11
3,3,,0.055,0.115,0.095,0.455,0.13,0.025,0.125
3,3,,0.005,0.04,0.09,0.25,0.195,0.22,0.2
3,3,,0.01,0.03,0.035,0.315,0.205,0.19,0.215
3,4,,0.025,0.015,0.055,0.145,0.33,0.28,0.15
3,3,,0.045,0.195,0.15,0.26,0.17,0.115,0.065
3,3,,0.015,0.06,0.235,0.445,0.14,0.07,0.035
3,4,,0.045,0.11,0.135,0.185,0.335,0.1,0.09
3,3,,0.02,0.165,0.14,0.425,0.155,0.05,0.045
3,3,,0.02,0.05,0.07,0.595,0.125,0.015,0.125
3,5,,0.025,0.065,0.245,0.095,0.11,0.415,0.045
3,4,,0.045,0.12,0.215,0.16,0.23,0.185,0.045
3,3,,0.055,0.065,0.07,0.51,0.135,0.02,0.145
3,3,,0.205,0.2,0.185,0.28,0.085,0.025,0.02
3,4,,0.04,0.045,0.13,0.155,0.25,0.205,0.175
3,3,,0.0,0.0,0.0,1.0,0.0,0.0,0.0
3,3,,0.035,0.075,0.07,0.405,0.085,0.055,0.275
3,3,,0.03,0.055,0.09,0.51,0.16,0.025,0.13
3,3,,0.025,0.105,0.155,0.265,0.24,0.1,0.11
3,3,,0.005,0.04,0.075,0.345,0.19,0.045,0.3
3,3,,0.01,0.015,0.025,0.625,0.155,0.065,0.105
3,2,,0.09,0.205,0.32,0.18,0.145,0.03,0.03
3,4,,0.005,0.06,0.135,0.235,0.32,0.13,0.115
3,2,,0.035,0.13,0.34,0.135,0.21,0.085,0.065
3,4,,0.02,0.015,0.055,0.11,0.445,0.245,0.11
3,2,,0.045,0.105,0.29,0.275,0.16,0.065,0.06
3,3,,0.035,0.03,0.125,0.565,0.155,0.005,0.085
3,3,,0.01,0.04,0.1,0.345,0.235,0.11,0.16
3,3,,0.075,0.05,0.12,0.42,0.195,0.09,0.05
3,3,,0.03,0.06,0.165,0.32,0.085,0.29,0.05
3,6,,0.015,0.055,0.085,0.215,0.14,0.23,0.26
3,2,,0.055,0.055,0.285,0.115,0.185,0.255,0.05
3,3,,0.03,0.04,0.105,0.43,0.235,0.125,0.035
3,5,,0.015,0.01,0.07,0.22,0.255,0.265,0.165
3,3,,0.05,0.195,0.23,0.38,0.065,0.07,0.01
3,3,,0.045,0.115,0.115,0.35,0.185,0.18,0.01
3,4,,0.02,0.02,0.105,0.11,0.305,0.225,0.215
3,3,,0.025,0.015,0.09,0.45,0.26,0.07,0.09
3,4,,0.02,0.165,0.085,0.16,0.315,0.195,0.06
3,6,,0.01,0.075,0.07,0.255,0.18,0.15,0.26
3,3,,0.005,0.035,0.11,0.435,0.24,0.075,0.1
3,4,,0.03,0.11,0.19,0.14,0.29,0.105,0.135
3,3,,0.015,0.085,0.255,0.305,0.15,0.115,0.075
3,3,,0.095,0.13,0.245,0.31,0.15,0.035,0.035
3,2,,0.05,0.16,0.24,0.175,0.185,0.115,0.075
3,4,,0.015,0.08,0.22,0.105,0.29,0.14,0.15
3,3,,0.055,0.115,0.145,0.3,0.18,0.115,0.09
3,3,,0.01,0.035,0.105,0.4,0.185,0.15,0.115
3,2,,0.075,0.095,0.295,0.115,0.25,0.115,0.055
3,2,,0.06,0.13,0.34,0.205,0.11,0.12,0.035
3,3,,0.0,0.025,0.065,0.66,0.14,0.04,0.07
3,4,,0.05,0.065,0.155,0.16,0.305,0.14,0.125
3,4,,0.005,0.105,0.245,0.125,0.26,0.17,0.09
3,4,,0.02,0.095,0.15,0.21,0.27,0.205,0.05
3,3,,0.025,0.015,0.09,0.45,0.26,0.07,0.09
3,5,,0.025,0.04,0.2,0.22,0.1,0.29,0.125
3,4,,0.005,0.105,0.245,0.125,0.26,0.17,0.09
3,3,,0.01,0.04,0.115,0.43,0.24,0.075,0.09
3,3,,0.03,0.045,0.095,0.39,0.235,0.16,0.045
3,5,,0.015,0.09,0.1,0.13,0.225,0.32,0.12
3,3,,0.055,0.065,0.07,0.51,0.135,0.02,0.145
3,4,,0.04,0.13,0.225,0.115,0.305,0.085,0.1
3,3,,0.015,0.03,0.115,0.27,0.25,0.095,0.225
3,4,,0.035,0.055,0.155,0.15,0.235,0.19,0.18
3,5,,0.01,0.03,0.05,0.21,0.195,0.325,0.18
3,3,,0.04,0.03,0.07,0.34,0.21,0.17,0.14
3,3,,0.025,0.065,0.22,0.37,0.135,0.095,0.09
3,4,,0.01,0.025,0.1,0.135,0.335,0.19,0.205
3,3,,0.06,0.085,0.195,0.405,0.11,0.1,0.045
3,3,,0.015,0.055,0.265,0.395,0.15,0.09,0.03
3,3,,0.01,0.065,0.08,0.555,0.185,0.02,0.085
3,3,,0.035,0.13,0.25,0.465,0.05,0.04,0.03
3,5,,0.015,0.02,0.02,0.2,0.26,0.365,0.12
3,3,,0.0,0.0,0.0,1.0,0.0,0.0,0.0
3,2,,0.145,0.205,0.235,0.205,0.12,0.06,0.03
3,3,,0.02,0.095,0.155,0.28,0.2,0.23,0.02
3,5,,0.03,0.035,0.095,0.07,0.23,0.335,0.205
3,4,,0.02,0.065,0.15,0.17,0.265,0.235,0.095
4,4,,0.0,0.0,0.02,0.085,0.54,0.2,0.155
4,3,,0.03,0.055,0.21,0.245,0.23,0.14,0.09
4,6,,0.015,0.05,0.045,0.305,0.085,0.115,0.385
4,6,,0.035,0.02,0.11,0.2,0.065,0.215,0.355
4,4,,0.01,0.095,0.18,0.17,0.295,0.185,0.065
4,6,,0.015,0.035,0.14,0.19,0.25,0.105,0.265
4,5,,0.035,0.125,0.255,0.1,0.075,0.33,0.08
4,3,,0.03,0.115,0.09,0.415,0.125,0.03,0.195
4,4,,0.065,0.085,0.205,0.1,0.28,0.09,0.175
4,4,,0.025,0.09,0.14,0.065,0.485,0.15,0.045
4,3,,0.035,0.11,0.235,0.32,0.185,0.095,0.02
4,4,,0.025,0.04,0.105,0.125,0.295,0.185,0.225
4,5,,0.03,0.015,0.13,0.245,0.145,0.295,0.14
4,4,,0.005,0.0,0.04,0.055,0.45,0.25,0.2
4,4,,0.015,0.04,0.135,0.18,0.315,0.215,0.1
4,3,,0.005,0.045,0.095,0.48,0.07,0.015,0.29
4,5,,0.025,0.125,0.205,0.11,0.205,0.21,0.12
4,4,,0.065,0.1,0.22,0.03,0.41,0.13,0.045
4,2,,0.05,0.255,0.31,0.14,0.075,0.14,0.03
4,4,,0.035,0.035,0.03,0.075,0.355,0.225,0.245
4,4,,0.01,0.02,0.01,0.06,0.505,0.26,0.135
4,2,,0.115,0.125,0.255,0.205,0.135,0.105,0.06
4,3,,0.015,0.05,0.07,0.535,0.22,0.045,0.065
4,3,,0.01,0.015,0.065,0.32,0.19,0.155,0.245
4,4,,0.0,0.0,0.01,0.1,0.555,0.225,0.11
4,2,,0.09,0.15,0.355,0.14,0.135,0.09,0.04
4,4,,0.0,0.0,0.015,0.075,0.41,0.31,0.19
4,3,,0.035,0.08,0.11,0.395,0.27,0.09,0.02
4,5,,0.025,0.045,0.13,0.175,0.225,0.245,0.155
4,4,,0.005,0.005,0.015,0.065,0.585,0.15,0.175
4,3,,0.115,0.145,0.125,0.265,0.185,0.125,0.04
4,6,,0.035,0.065,0.05,0.22,0.15,0.185,0.295
4,6,,0.005,0.03,0.085,0.29,0.105,0.14,0.345
4,3,,0.03,0.055,0.11,0.24,0.195,0.22,0.15
4,3,,0.02,0.02,0.12,0.28,0.255,0.185,0.12
4,4,,0.0,0.005,0.02,0.06,0.49,0.3,0.125
4,4,,0.025,0.08,0.23,0.15,0.33,0.11,0.075
4,4,,0.025,0.04,0.12,0.225,0.25,0.185,0.155
4,4,,0.03,0.05,0.065,0.2,0.335,0.2,0.12
4,5,,0.025,0.045,0.13,0.175,0.225,0.245,0.155
4,4,,0.005,0.0,0.01,0.08,0.41,0.345,0.15
4,3,,0.02,0.045,0.135,0.28,0.14,0.27,0.11
4,4,,0.035,0.145,0.135,0.05,0.285,0.27,0.08
4,4,,0.0,0.01,0.02,0.045,0.515,0.245,0.165
4,5,,0.01,0.105,0.17,0.225,0.155,0.285,0.05
4,4,,0.01,0.06,0.055,0.06,0.355,0.305,0.155
4,2,,0.11,0.16,0.345,0.19,0.115,0.06,0.02
4,3,,0.025,0.035,0.145,0.535,0.15,0.03,0.08
4,6,,0.055,0.08,0.09,0.085,0.22,0.19,0.28
4,4,,0.005,0.015,0.03,0.135,0.395,0.165,0.255
4,4,,0.01,0.035,0.075,0.08,0.34,0.175,0.285
4,5,,0.025,0.075,0.22,0.05,0.12,0.475,0.035
4,4,,0.02,0.06,0.115,0.035,0.48,0.195,0.095
4,3,,0.03,0.055,0.14,0.24,0.22,0.075,0.24
4,3,,0.005,0.11,0.2,0.26,0.26,0.095,0.07
4,3,,0.01,0.03,0.105,0.265,0.225,0.21,0.155
4,5,,0.025,0.025,0.06,0.16,0.16,0.415,0.155
4,1,,0.25,0.295,0.225,0.06,0.055,0.08,0.035
4,4,,0.035,0.13,0.12,0.12,0.27,0.215,0.11
4,4,,0.03,0.05,0.065,0.2,0.335,0.2,0.12
4,4,,0.025,0.08,0.125,0.09,0.33,0.225,0.125
4,4,,0.0,0.0,0.04,0.05,0.54,0.235,0.135
4,4,,0.015,0.02,0.075,0.175,0.43,0.18,0.105
4,5,,0.03,0.1,0.225,0.16,0.17,0.24,0.075
4,3,,0.02,0.02,0.075,0.595,0.12,0.035,0.135
4,3,,0.015,0.055,0.06,0.33,0.2,0.125,0.215
4,3,,0.025,0.095,0.09,0.37,0.17,0.22,0.03
4,5,,0.0,0.095,0.13,0.105,0.135,0.44,0.095
4,1,,0.065,0.27,0.235,0.135,0.05,0.2,0.045
4,2,,0.03,0.135,0.355,0.1,0.18,0.17,0.03
4,2,,0.1,0.095,0.365,0.04,0.31,0.07,0.02
4,3,,0.015,0.025,0.025,0.52,0.115,0.04,0.26
4,4,,0.01,0.02,0.04,0.08,0.445,0.26,0.145
4,6,,0.005,0.04,0.12,0.245,0.175,0.145,0.27
4,5,,0.03,0.015,0.09,0.27,0.2,0.275,0.12
4,4,,0.005,0.03,0.045,0.07,0.47,0.33,0.05
4,3,,0.035,0.08,0.11,0.395,0.27,0.09,0.02
4,3,,0.045,0.085,0.13,0.38,0.185,0.15,0.025
4,2,,0.085,0.165,0.33,0.215,0.14,0.045,0.02
4,2,,0.04,0.045,0.235,0.195,0.18,0.185,0.12
4,4,,0.08,0.095,0.11,0.23,0.27,0.17,0.045
4,4,,0.025,0.065,0.19,0.155,0.295,0.105,0.165
4,4,,0.02,0.055,0.115,0.255,0.26,0.145,0.15
4,3,,0.02,0.02,0.075,0.595,0.12,0.035,0.135
4,4,,0.02,0.03,0.11,0.165,0.31,0.21,0.155
4,3,,0.015,0.025,0.07,0.55,0.085,0.02,0.235
4,3,,0.01,0.085,0.06,0.3,0.25,0.215,0.08
4,4,,0.0,0.02,0.025,0.06,0.545,0.17,0.18
4,5,,0.05,0.055,0.125,0.235,0.2,0.295,0.04
4,4,,0.005,0.0,0.04,0.11,0.34,0.295,0.21
4,3,,0.055,0.075,0.16,0.315,0.18,0.095,0.12
4,4,,0.005,0.035,0.05,0.085,0.41,0.275,0.14
4,4,,0.005,0.0,0.015,0.045,0.55,0.285,0.1
4,4,,0.02,0.055,0.18,0.22,0.24,0.205,0.08
4,3,,0.01,0.115,0.2,0.265,0.23,0.145,0.035
4,2,,0.025,0.13,0.38,0.27,0.105,0.075,0.015
4,3,,0.015,0.09,0.095,0.475,0.135,0.06,0.13
4,4,,0.03,0.045,0.115,0.09,0.35,0.23,0.14
4,3,,0.03,0.03,0.065,0.52,0.17,0.11,0.075
4,4,,0.075,0.065,0.3,0.055,0.36,0.125,0.02
4,5,,0.03,0.01,0.145,0.215,0.16,0.285,0.155
5,3,,0.04,0.08,0.105,0.275,0.24,0.22,0.04
5,3,,0.01,0.03,0.05,0.39,0.225,0.105,0.19
5,4,,0.025,0.085,0.18,0.205,0.22,0.13,0.155
5,5,,0.02,0.015,0.02,0.05,0.145,0.66,0.09
5,5,,0.015,0.065,0.055,0.195,0.18,0.425,0.065
5,5,,0.015,0.015,0.01,0.04,0.095,0.81,0.015
5,5,,0.0,0.005,0.025,0.045,0.115,0.77,0.04
5,6,,0.005,0.01,0.035,0.07,0.175,0.18,0.525
5,3,,0.015,0.035,0.065,0.54,0.13,0.045,0.17
5,5,,0.0,0.025,0.035,0.07,0.17,0.615,0.085
5,6,,0.015,0.015,0.025,0.13,0.205,0.2,0.41
5,6,,0.01,0.015,0.06,0.165,0.24,0.175,0.335
5,5,,0.05,0.06,0.21,0.09,0.085,0.495,0.01
5,5,,0.0,0.025,0.015,0.04,0.09,0.79,0.04
5,2,,0.035,0.09,0.325,0.09,0.11,0.32,0.03
5,6,,0.025,0.035,0.07,0.105,0.245,0.13,0.39
5,6,,0.005,0.015,0.025,0.11,0.165,0.245,0.435
5,2,,0.06,0.175,0.285,0.15,0.125,0.115,0.09
5,3,,0.015,0.09,0.105,0.32,0.22,0.165,0.085
5,3,,0.015,0.02,0.105,0.62,0.115,0.035,0.09
5,2,,0.105,0.09,0.385,0.14,0.14,0.05,0.09
5,3,,0.015,0.035,0.065,0.54,0.13,0.045,0.17
5,6,,0.01,0.02,0.095,0.115,0.175,0.225,0.36
5,3,,0.025,0.065,0.125,0.33,0.22,0.215,0.02
5,5,,0.0,0.005,0.02,0.075,0.205,0.67,0.025
5,6,,0.0,0.005,0.015,0.145,0.245,0.145,0.445
5,5,,0.0,0.0,0.0,0.0,0.0,1.0,0.0
5,2,,0.06,0.12,0.29,0.185,0.115,0.15,0.08
5,5,,0.03,0.055,0.15,0.145,0.155,0.405,0.06
5,5,,0.0,0.005,0.005,0.06,0.16,0.705,0.065
5,6,,0.01,0.065,0.185,0.14,0.185,0.125,0.29
5,5,,0.015,0.025,0.055,0.25,0.225,0.375,0.055
5,5,,0.01,0.04,0.045,0.145,0.17,0.53,0.06
5,4,,0.03,0.11,0.13,0.27,0.31,0.145,0.005
5,5,,0.01,0.01,0.07,0.15,0.195,0.295,0.27
5,6,,0.01,0.015,0.05,0.1,0.195,0.22,0.41
5,6,,0.01,0.015,0.01,0.105,0.18,0.24,0.44
5,6,,0.02,0.025,0.05,0.17,0.175,0.15,0.41
5,6,,0.02,0.02,0.045,0.1,0.24,0.225,0.35
5,2,,0.065,0.155,0.315,0.075,0.185,0.14,0.065
5,6,,0.005,0.0,0.015,0.09,0.14,0.21,0.54
5,5,,0.005,0.005,0.02,0.06,0.135,0.68,0.095
5,3,,0.04,0.125,0.145,0.305,0.105,0.275,0.005
5,4,,0.04,0.11,0.14,0.19,0.205,0.165,0.15
5,6,,0.005,0.01,0.04,0.11,0.155,0.115,0.565
5,5,,0.005,0.025,0.015,0.04,0.1,0.75,0.065
5,4,,0.045,0.045,0.165,0.17,0.27,0.25,0.055
5,5,,0.005,0.01,0.02,0.065,0.095,0.775,0.03
5,5,,0.03,0.035,0.07,0.13,0.21,0.47,0.055
5,5,,0.015,0.0,0.045,0.065,0.27,0.41,0.195
5,6,,0.01,0.01,0.045,0.155,0.165,0.195,0.42
5,5,,0.015,0.02,0.055,0.13,0.305,0.34,0.135
5,5,,0.01,0.015,0.015,0.045,0.105,0.74,0.07
5,6,,0.015,0.02,0.1,0.115,0.205,0.135,0.41
5,5,,0.005,0.005,0.015,0.1,0.245,0.565,0.065
5,5,,0.02,0.03,0.075,0.145,0.2,0.385,0.145
5,5,,0.06,0.055,0.14,0.195,0.14,0.355,0.055
5,5,,0.005,0.025,0.02,0.06,0.09,0.74,0.06
5,5,,0.01,0.01,0.025,0.06,0.115,0.715,0.065
5,5,,0.01,0.06,0.045,0.185,0.185,0.43,0.085
5,6,,0.005,0.015,0.025,0.11,0.165,0.245,0.435
5,3,,0.02,0.025,0.09,0.34,0.165,0.125,0.235
5,6,,0.01,0.05,0.055,0.15,0.075,0.23,0.43
5,4,,0.015,0.015,0.125,0.135,0.275,0.26,0.175
5,5,,0.015,0.005,0.04,0.095,0.21,0.465,0.17
5,5,,0.07,0.08,0.185,0.12,0.16,0.295,0.09
5,5,,0.01,0.01,0.07,0.15,0.195,0.295,0.27
5,3,,0.03,0.08,0.125,0.325,0.115,0.305,0.02
5,5,,0.0,0.0,0.01,0.045,0.16,0.73,0.055
5,4,,0.01,0.02,0.075,0.16,0.265,0.25,0.22
5,5,,0.0,0.025,0.015,0.04,0.09,0.79,0.04
5,6,,0.015,0.01,0.025,0.05,0.1,0.115,0.685
5,5,,0.04,0.075,0.24,0.09,0.05,0.49,0.015
5,5,,0.0,0.0,0.005,0.055,0.275,0.42,0.245
5,4,,0.01,0.075,0.07,0.17,0.38,0.165,0.13
5,3,,0.015,0.025,0.1,0.46,0.135,0.035,0.23
5,3,,0.015,0.04,0.07,0.44,0.16,0.18,0.095
5,5,,0.035,0.11,0.27,0.065,0.135,0.365,0.02
5,5,,0.02,0.07,0.1,0.17,0.255,0.32,0.065
5,3,,0.045,0.065,0.175,0.325,0.13,0.245,0.015
5,3,,0.02,0.025,0.08,0.545,0.135,0.06,0.135
5,3,,0.04,0.075,0.11,0.315,0.27,0.12,0.07
5,6,,0.0,0.0,0.025,0.125,0.225,0.305,0.32
5,6,,0.025,0.05,0.075,0.205,0.08,0.09,0.475
6,6,,0.02,0.03,0.12,0.13,0.13,0.185,0.385
6,6,,0.005,0.005,0.015,0.055,0.15,0.165,0.605
6,6,,0.015,0.035,0.09,0.165,0.2,0.23,0.265
6,2,,0.025,0.065,0.29,0.07,0.17,0.225,0.155
6,3,,0.025,0.055,0.14,0.46,0.18,0.05,0.09
6,4,,0.02,0.04,0.09,0.155,0.275,0.19,0.23
6,2,,0.025,0.125,0.32,0.15,0.155,0.075,0.15
6,6,,0.01,0.03,0.055,0.095,0.13,0.135,0.545
6,6,,0.04,0.015,0.07,0.125,0.19,0.21,0.35
6,4,,0.02,0.01,0.045,0.15,0.31,0.25,0.215
6,6,,0.015,0.05,0.145,0.095,0.1,0.25,0.345
6,4,,0.02,0.05,0.11,0.135,0.285,0.165,0.235
6,6,,0.01,0.02,0.07,0.175,0.135,0.105,0.485
6,2,,0.065,0.13,0.3,0.14,0.19,0.095,0.08
6,6,,0.005,0.02,0.02,0.075,0.115,0.17,0.595
6,6,,0.005,0.03,0.01,0.225,0.1,0.07,0.56
6,6,,0.01,0.01,0.03,0.045,0.19,0.23,0.485
6,2,,0.05,0.185,0.21,0.14,0.135,0.125,0.155
6,3,,0.07,0.04,0.155,0.345,0.24,0.045,0.105
6,6,,0.0,0.015,0.015,0.11,0.21,0.275,0.375
6,5,,0.01,0.015,0.11,0.215,0.2,0.225,0.225
6,6,,0.0,0.0,0.02,0.15,0.1,0.115,0.615
6,6,,0.005,0.015,0.015,0.075,0.18,0.235,0.475
6,6,,0.02,0.03,0.045,0.105,0.15,0.175,0.475
6,6,,0.005,0.01,0.02,0.12,0.185,0.29,0.37
6,2,,0.025,0.065,0.29,0.07,0.17,0.225,0.155
6,2,,0.06,0.105,0.22,0.195,0.145,0.165,0.11
6,6,,0.0,0.0,0.0,0.0,0.0,0.0,1.0
6,6,,0.025,0.01,0.095,0.18,0.13,0.085,0.475
6,6,,0.0,0.005,0.03,0.095,0.265,0.205,0.4
6,6,,0.005,0.025,0.11,0.185,0.235,0.105,0.335
6,6,,0.01,0.015,0.075,0.145,0.195,0.23,0.33
6,2,,0.105,0.205,0.24,0.095,0.155,0.055,0.145
6,6,,0.015,0.015,0.035,0.1,0.135,0.195,0.505
6,6,,0.01,0.025,0.035,0.16,0.215,0.215,0.34
6,6,,0.01,0.03,0.06,0.085,0.195,0.14,0.48
6,6,,0.01,0.03,0.055,0.16,0.265,0.115,0.365
6,5,,0.015,0.005,0.095,0.185,0.125,0.32,0.255
6,2,,0.055,0.105,0.285,0.09,0.18,0.11,0.175
6,6,,0.015,0.03,0.04,0.165,0.19,0.255,0.305
6,5,,0.01,0.0,0.025,0.105,0.25,0.365,0.245
6,6,,0.03,0.025,0.065,0.115,0.2,0.205,0.36
6,6,,0.025,0.045,0.09,0.245,0.135,0.12,0.34
6,6,,0.005,0.02,0.055,0.125,0.11,0.2,0.485
6,6,,0.025,0.01,0.125,0.215,0.18,0.145,0.3
6,6,,0.01,0.035,0.115,0.22,0.075,0.12,0.425
6,6,,0.035,0.055,0.11,0.12,0.225,0.115,0.34
6,6,,0.03,0.025,0.065,0.115,0.2,0.205,0.36
6,5,,0.025,0.025,0.05,0.115,0.165,0.345,0.275
6,6,,0.005,0.055,0.18,0.155,0.22,0.16,0.225
6,3,,0.035,0.1,0.125,0.205,0.17,0.17,0.195
