Wafer,STC,TEST,4,MILLISECONDS,Generated by run_classification_experiment on 08/14/2024, 11:40:37. Encoder dictionary: {'-1': 0, '1': 1}
{'batch_size': 100, 'contract_max_n_shapelet_samples': inf, 'estimator': None, 'max_shapelet_length': None, 'max_shapelets': None, 'n_jobs': 1, 'n_shapelet_samples': 15000, 'random_state': 4, 'shapelet_quality': 'INFO_GAIN', 'time_limit_in_minutes': 0, 'transform_limit_in_minutes': 0}
1.0,977863,147022,-1,95141888,2,N/A,-1,-1
0,0,,1.0,0.0
0,0,,1.0,0.0
0,0,,1.0,0.0
0,0,,1.0,0.0
0,0,,1.0,0.0
0,0,,1.0,0.0
0,0,,1.0,0.0
0,0,,0.985,0.015
0,0,,0.945,0.055
0,0,,0.995,0.005
0,0,,1.0,0.0
0,0,,1.0,0.0
0,0,,1.0,0.0
0,0,,1.0,0.0
0,0,,1.0,0.0
0,0,,1.0,0.0
0,0,,1.0,0.0
0,0,,1.0,0.0
0,0,,1.0,0.0
0,0,,0.84,0.16
0,0,,1.0,0.0
0,0,,1.0,0.0
0,0,,1.0,0.0
0,0,,1.0,0.0
0,0,,1.0,0.0
0,0,,1.0,0.0
0,0,,1.0,0.0
0,0,,1.0,0.0
0,0,,1.0,0.0
0,0,,1.0,0.0
0,0,,1.0,0.0
0,0,,1.0,0.0
0,0,,1.0,0.0
0,0,,1.0,0.0
0,0,,1.0,0.0
0,0,,1.0,0.0
0,0,,1.0,0.0
0,0,,1.0,0.0
0,0,,1.0,0.0
0,0,,1.0,0.0
0,0,,1.0,0.0
0,0,,1.0,0.0
0,0,,1.0,0.0
0,0,,1.0,0.0
0,0,,1.0,0.0
0,0,,1.0,0.0
0,0,,1.0,0.0
0,0,,1.0,0.0
0,0,,0.95,0.05
0,0,,1.0,0.0
0,0,,1.0,0.0
0,0,,0.995,0.005
0,0,,1.0,0.0
0,0,,1.0,0.0
0,0,,1.0,0.0
0,0,,1.0,0.0
0,0,,0.995,0.005
0,0,,1.0,0.0
0,0,,1.0,0.0
0,0,,0.845,0.155
0,0,,1.0,0.0
0,0,,1.0,0.0
0,0,,1.0,0.0
0,0,,1.0,0.0
0,0,,1.0,0.0
0,0,,1.0,0.0
0,0,,1.0,0.0
0,0,,1.0,0.0
0,0,,1.0,0.0
0,0,,1.0,0.0
0,0,,1.0,0.0
0,0,,1.0,0.0
0,0,,1.0,0.0
0,0,,1.0,0.0
0,0,,0.84,0.16
0,0,,1.0,0.0
0,0,,1.0,0.0
0,0,,1.0,0.0
0,0,,1.0,0.0
0,0,,1.0,0.0
0,0,,1.0,0.0
0,0,,1.0,0.0
0,0,,1.0,0.0
0,0,,1.0,0.0
0,0,,1.0,0.0
0,0,,1.0,0.0
0,0,,1.0,0.0
0,0,,1.0,0.0
0,0,,1.0,0.0
0,0,,1.0,0.0
0,0,,1.0,0.0
0,0,,0.795,0.205
0,0,,1.0,0.0
0,0,,0.84,0.16
0,0,,1.0,0.0
0,0,,1.0,0.0
0,0,,1.0,0.0
0,0,,0.935,0.065
0,0,,1.0,0.0
0,0,,1.0,0.0
0,0,,1.0,0.0
0,0,,1.0,0.0
0,0,,1.0,0.0
0,0,,1.0,0.0
0,0,,1.0,0.0
0,0,,1.0,0.0
0,0,,1.0,0.0
0,0,,1.0,0.0
0,0,,1.0,0.0
0,0,,1.0,0.0
0,0,,1.0,0.0
0,0,,1.0,0.0
0,0,,0.995,0.005
0,0,,1.0,0.0
0,0,,0.995,0.005
0,0,,1.0,0.0
0,0,,1.0,0.0
0,0,,1.0,0.0
0,0,,1.0,0.0
0,0,,0.955,0.045
0,0,,1.0,0.0
0,0,,1.0,0.0
0,0,,1.0,0.0
0,0,,1.0,0.0
0,0,,1.0,0.0
0,0,,1.0,0.0
0,0,,1.0,0.0
0,0,,1.0,0.0
0,0,,1.0,0.0
0,0,,1.0,0.0
0,0,,1.0,0.0
0,0,,1.0,0.0
0,0,,1.0,0.0
0,0,,0.995,0.005
0,0,,0.83,0.17
0,0,,1.0,0.0
0,0,,1.0,0.0
0,0,,1.0,0.0
0,0,,1.0,0.0
0,0,,1.0,0.0
0,0,,1.0,0.0
0,0,,0.995,0.005
0,0,,1.0,0.0
0,0,,1.0,0.0
0,0,,1.0,0.0
0,0,,0.92,0.08
0,0,,1.0,0.0
0,0,,0.84,0.16
0,0,,1.0,0.0
0,0,,1.0,0.0
0,0,,1.0,0.0
0,0,,1.0,0.0
0,0,,1.0,0.0
0,0,,1.0,0.0
0,0,,1.0,0.0
0,0,,1.0,0.0
0,0,,1.0,0.0
0,0,,1.0,0.0
0,0,,1.0,0.0
0,0,,1.0,0.0
0,0,,1.0,0.0
0,0,,0.94,0.06
0,0,,1.0,0.0
0,0,,1.0,0.0
0,0,,1.0,0.0
0,0,,1.0,0.0
0,0,,1.0,0.0
0,0,,1.0,0.0
0,0,,0.825,0.175
0,0,,1.0,0.0
0,0,,1.0,0.0
0,0,,1.0,0.0
0,0,,1.0,0.0
0,0,,1.0,0.0
0,0,,1.0,0.0
0,0,,1.0,0.0
0,0,,1.0,0.0
0,0,,1.0,0.0
0,0,,1.0,0.0
0,0,,1.0,0.0
0,0,,1.0,0.0
0,0,,0.985,0.015
0,0,,1.0,0.0
0,0,,1.0,0.0
0,0,,1.0,0.0
0,0,,1.0,0.0
0,0,,0.95,0.05
0,0,,1.0,0.0
0,0,,1.0,0.0
0,0,,1.0,0.0
0,0,,1.0,0.0
0,0,,1.0,0.0
0,0,,0.995,0.005
0,0,,0.95,0.05
0,0,,1.0,0.0
0,0,,1.0,0.0
0,0,,1.0,0.0
0,0,,1.0,0.0
0,0,,1.0,0.0
0,0,,1.0,0.0
0,0,,1.0,0.0
0,0,,1.0,0.0
0,0,,1.0,0.0
0,0,,1.0,0.0
0,0,,1.0,0.0
0,0,,1.0,0.0
0,0,,1.0,0.0
0,0,,1.0,0.0
0,0,,1.0,0.0
0,0,,1.0,0.0
0,0,,1.0,0.0
0,0,,0.955,0.045
0,0,,1.0,0.0
0,0,,0.835,0.165
0,0,,1.0,0.0
0,0,,1.0,0.0
0,0,,1.0,0.0
0,0,,0.995,0.005
0,0,,1.0,0.0
0,0,,1.0,0.0
0,0,,1.0,0.0
0,0,,1.0,0.0
0,0,,1.0,0.0
0,0,,1.0,0.0
0,0,,1.0,0.0
0,0,,0.835,0.165
0,0,,1.0,0.0
0,0,,1.0,0.0
0,0,,1.0,0.0
0,0,,1.0,0.0
0,0,,1.0,0.0
0,0,,1.0,0.0
0,0,,1.0,0.0
0,0,,1.0,0.0
0,0,,1.0,0.0
0,0,,1.0,0.0
0,0,,1.0,0.0
0,0,,0.965,0.035
0,0,,1.0,0.0
0,0,,1.0,0.0
0,0,,1.0,0.0
0,0,,1.0,0.0
0,0,,1.0,0.0
0,0,,1.0,0.0
0,0,,1.0,0.0
0,0,,1.0,0.0
0,0,,1.0,0.0
0,0,,1.0,0.0
0,0,,1.0,0.0
0,0,,1.0,0.0
0,0,,1.0,0.0
0,0,,1.0,0.0
0,0,,1.0,0.0
0,0,,1.0,0.0
0,0,,1.0,0.0
0,0,,1.0,0.0
0,0,,1.0,0.0
0,0,,1.0,0.0
0,0,,1.0,0.0
0,0,,1.0,0.0
0,0,,1.0,0.0
0,0,,1.0,0.0
0,0,,0.8,0.2
0,0,,1.0,0.0
0,0,,1.0,0.0
0,0,,1.0,0.0
0,0,,1.0,0.0
0,0,,1.0,0.0
0,0,,1.0,0.0
0,0,,0.835,0.165
0,0,,1.0,0.0
0,0,,1.0,0.0
0,0,,1.0,0.0
0,0,,1.0,0.0
0,0,,1.0,0.0
0,0,,1.0,0.0
0,0,,0.835,0.165
0,0,,1.0,0.0
0,0,,1.0,0.0
0,0,,1.0,0.0
0,0,,1.0,0.0
0,0,,1.0,0.0
0,0,,1.0,0.0
0,0,,1.0,0.0
0,0,,1.0,0.0
0,0,,1.0,0.0
0,0,,1.0,0.0
0,0,,1.0,0.0
0,0,,1.0,0.0
0,0,,1.0,0.0
0,0,,1.0,0.0
0,0,,1.0,0.0
0,0,,1.0,0.0
0,0,,1.0,0.0
0,0,,1.0,0.0
0,0,,1.0,0.0
0,0,,1.0,0.0
0,0,,1.0,0.0
0,0,,1.0,0.0
0,0,,1.0,0.0
0,0,,1.0,0.0
0,0,,1.0,0.0
0,0,,0.85,0.15
0,0,,1.0,0.0
0,0,,1.0,0.0
0,0,,0.99,0.01
0,0,,1.0,0.0
0,0,,1.0,0.0
0,0,,1.0,0.0
0,0,,1.0,0.0
0,0,,1.0,0.0
0,0,,1.0,0.0
0,0,,1.0,0.0
0,0,,1.0,0.0
0,0,,1.0,0.0
0,0,,1.0,0.0
0,0,,1.0,0.0
0,0,,1.0,0.0
0,0,,1.0,0.0
0,0,,1.0,0.0
0,0,,1.0,0.0
0,0,,0.995,0.005
0,0,,1.0,0.0
0,0,,1.0,0.0
0,0,,1.0,0.0
0,0,,1.0,0.0
0,0,,0.915,0.085
0,0,,1.0,0.0
0,0,,1.0,0.0
0,0,,1.0,0.0
0,0,,1.0,0.0
0,0,,0.965,0.035
0,0,,1.0,0.0
0,0,,0.955,0.045
0,0,,1.0,0.0
0,0,,1.0,0.0
0,0,,1.0,0.0
0,0,,1.0,0.0
0,0,,1.0,0.0
0,0,,1.0,0.0
0,0,,1.0,0.0
0,0,,1.0,0.0
0,0,,0.995,0.005
0,0,,1.0,0.0
0,0,,1.0,0.0
0,0,,1.0,0.0
0,0,,1.0,0.0
0,0,,1.0,0.0
0,0,,1.0,0.0
0,0,,1.0,0.0
0,0,,1.0,0.0
0,0,,0.995,0.005
0,0,,1.0,0.0
0,0,,1.0,0.0
0,0,,1.0,0.0
0,0,,1.0,0.0
0,0,,1.0,0.0
0,0,,1.0,0.0
0,0,,1.0,0.0
0,0,,1.0,0.0
0,0,,1.0,0.0
0,0,,1.0,0.0
0,0,,1.0,0.0
0,0,,1.0,0.0
0,0,,1.0,0.0
0,0,,1.0,0.0
0,0,,1.0,0.0
0,0,,1.0,0.0
0,0,,1.0,0.0
0,0,,1.0,0.0
0,0,,1.0,0.0
0,0,,1.0,0.0
0,0,,1.0,0.0
0,0,,1.0,0.0
0,0,,1.0,0.0
0,0,,1.0,0.0
0,0,,1.0,0.0
0,0,,1.0,0.0
0,0,,1.0,0.0
0,0,,1.0,0.0
0,0,,1.0,0.0
0,0,,0.995,0.005
0,0,,1.0,0.0
0,0,,1.0,0.0
0,0,,1.0,0.0
0,0,,1.0,0.0
0,0,,1.0,0.0
0,0,,1.0,0.0
0,0,,1.0,0.0
0,0,,1.0,0.0
0,0,,1.0,0.0
0,0,,1.0,0.0
0,0,,1.0,0.0
0,0,,1.0,0.0
0,0,,1.0,0.0
0,0,,0.845,0.155
0,0,,1.0,0.0
0,0,,1.0,0.0
0,0,,1.0,0.0
0,0,,1.0,0.0
0,0,,1.0,0.0
0,0,,1.0,0.0
0,0,,1.0,0.0
0,0,,1.0,0.0
0,0,,1.0,0.0
0,0,,1.0,0.0
0,0,,1.0,0.0
0,0,,0.795,0.205
0,0,,1.0,0.0
0,0,,1.0,0.0
0,0,,1.0,0.0
0,0,,1.0,0.0
0,0,,1.0,0.0
0,0,,0.84,0.16
0,0,,1.0,0.0
0,0,,1.0,0.0
0,0,,1.0,0.0
0,0,,1.0,0.0
0,0,,1.0,0.0
0,0,,1.0,0.0
0,0,,1.0,0.0
0,0,,1.0,0.0
0,0,,1.0,0.0
0,0,,0.995,0.005
0,0,,0.95,0.05
0,0,,1.0,0.0
0,0,,1.0,0.0
0,0,,1.0,0.0
0,0,,1.0,0.0
0,0,,1.0,0.0
0,0,,1.0,0.0
0,0,,1.0,0.0
0,0,,1.0,0.0
0,0,,0.99,0.01
0,0,,1.0,0.0
0,0,,1.0,0.0
0,0,,1.0,0.0
0,0,,1.0,0.0
0,0,,0.99,0.01
0,0,,1.0,0.0
0,0,,1.0,0.0
0,0,,1.0,0.0
0,0,,1.0,0.0
0,0,,1.0,0.0
0,0,,1.0,0.0
0,0,,1.0,0.0
0,0,,1.0,0.0
0,0,,1.0,0.0
0,0,,1.0,0.0
0,0,,0.995,0.005
0,0,,1.0,0.0
0,0,,1.0,0.0
0,0,,1.0,0.0
0,0,,1.0,0.0
0,0,,0.97,0.03
0,0,,1.0,0.0
0,0,,1.0,0.0
0,0,,1.0,0.0
0,0,,1.0,0.0
0,0,,1.0,0.0
0,0,,1.0,0.0
0,0,,1.0,0.0
0,0,,1.0,0.0
0,0,,1.0,0.0
0,0,,1.0,0.0
0,0,,1.0,0.0
0,0,,1.0,0.0
0,0,,1.0,0.0
0,0,,1.0,0.0
0,0,,0.84,0.16
0,0,,1.0,0.0
0,0,,1.0,0.0
0,0,,1.0,0.0
0,0,,1.0,0.0
0,0,,1.0,0.0
0,0,,1.0,0.0
0,0,,1.0,0.0
0,0,,0.995,0.005
0,0,,1.0,0.0
0,0,,1.0,0.0
0,0,,1.0,0.0
0,0,,1.0,0.0
0,0,,1.0,0.0
0,0,,1.0,0.0
0,0,,1.0,0.0
0,0,,1.0,0.0
0,0,,1.0,0.0
0,0,,1.0,0.0
0,0,,1.0,0.0
0,0,,1.0,0.0
0,0,,0.84,0.16
0,0,,1.0,0.0
0,0,,1.0,0.0
0,0,,1.0,0.0
0,0,,1.0,0.0
0,0,,1.0,0.0
0,0,,1.0,0.0
0,0,,1.0,0.0
0,0,,1.0,0.0
0,0,,1.0,0.0
0,0,,1.0,0.0
0,0,,1.0,0.0
0,0,,1.0,0.0
0,0,,1.0,0.0
0,0,,1.0,0.0
0,0,,1.0,0.0
0,0,,1.0,0.0
0,0,,0.98,0.02
0,0,,1.0,0.0
0,0,,1.0,0.0
0,0,,1.0,0.0
0,0,,1.0,0.0
0,0,,1.0,0.0
0,0,,0.84,0.16
0,0,,1.0,0.0
0,0,,0.84,0.16
0,0,,1.0,0.0
0,0,,0.855,0.145
0,0,,1.0,0.0
0,0,,1.0,0.0
0,0,,1.0,0.0
0,0,,1.0,0.0
0,0,,1.0,0.0
0,0,,1.0,0.0
0,0,,1.0,0.0
0,0,,1.0,0.0
0,0,,1.0,0.0
0,0,,1.0,0.0
0,0,,1.0,0.0
0,0,,1.0,0.0
0,0,,1.0,0.0
0,0,,1.0,0.0
0,0,,0.84,0.16
0,0,,1.0,0.0
0,0,,1.0,0.0
0,0,,1.0,0.0
0,0,,0.84,0.16
0,0,,1.0,0.0
0,0,,1.0,0.0
0,0,,1.0,0.0
0,0,,1.0,0.0
0,0,,1.0,0.0
0,0,,1.0,0.0
0,0,,0.985,0.015
0,0,,1.0,0.0
0,0,,1.0,0.0
0,0,,1.0,0.0
0,0,,1.0,0.0
0,0,,0.865,0.135
0,0,,1.0,0.0
0,0,,1.0,0.0
0,0,,1.0,0.0
0,0,,1.0,0.0
0,0,,1.0,0.0
0,0,,1.0,0.0
0,0,,1.0,0.0
0,0,,1.0,0.0
0,0,,0.955,0.045
0,0,,1.0,0.0
0,0,,1.0,0.0
0,0,,1.0,0.0
0,0,,1.0,0.0
0,0,,1.0,0.0
0,0,,1.0,0.0
0,0,,1.0,0.0
0,0,,1.0,0.0
0,0,,1.0,0.0
0,0,,0.795,0.205
0,0,,1.0,0.0
0,0,,1.0,0.0
0,0,,0.845,0.155
0,0,,1.0,0.0
0,0,,0.975,0.025
0,0,,1.0,0.0
0,0,,1.0,0.0
0,0,,1.0,0.0
0,0,,1.0,0.0
0,0,,0.96,0.04
0,0,,1.0,0.0
0,0,,1.0,0.0
0,0,,1.0,0.0
0,0,,1.0,0.0
0,0,,1.0,0.0
0,0,,0.83,0.17
0,0,,1.0,0.0
0,0,,1.0,0.0
0,0,,1.0,0.0
0,0,,1.0,0.0
0,0,,1.0,0.0
0,0,,1.0,0.0
0,0,,1.0,0.0
0,0,,1.0,0.0
0,0,,0.84,0.16
0,0,,1.0,0.0
0,0,,0.795,0.205
0,0,,1.0,0.0
0,0,,1.0,0.0
0,0,,0.985,0.015
0,0,,1.0,0.0
0,0,,1.0,0.0
0,0,,1.0,0.0
0,0,,1.0,0.0
0,0,,1.0,0.0
0,0,,1.0,0.0
0,0,,1.0,0.0
0,0,,1.0,0.0
0,0,,1.0,0.0
0,0,,1.0,0.0
0,0,,1.0,0.0
0,0,,1.0,0.0
0,0,,1.0,0.0
0,0,,1.0,0.0
0,0,,1.0,0.0
0,0,,1.0,0.0
0,0,,1.0,0.0
0,0,,1.0,0.0
0,0,,1.0,0.0
0,0,,1.0,0.0
0,0,,1.0,0.0
0,0,,1.0,0.0
0,0,,0.995,0.005
0,0,,0.985,0.015
0,0,,1.0,0.0
0,0,,0.95,0.05
0,0,,1.0,0.0
0,0,,1.0,0.0
0,0,,1.0,0.0
0,0,,1.0,0.0
0,0,,1.0,0.0
0,0,,1.0,0.0
0,0,,1.0,0.0
0,0,,1.0,0.0
0,0,,1.0,0.0
0,0,,1.0,0.0
0,0,,1.0,0.0
0,0,,1.0,0.0
0,0,,1.0,0.0
0,0,,1.0,0.0
0,0,,1.0,0.0
0,0,,1.0,0.0
0,0,,1.0,0.0
0,0,,1.0,0.0
0,0,,0.95,0.05
0,0,,0.895,0.105
0,0,,0.995,0.005
0,0,,1.0,0.0
0,0,,1.0,0.0
0,0,,1.0,0.0
0,0,,1.0,0.0
0,0,,1.0,0.0
0,0,,1.0,0.0
0,0,,1.0,0.0
0,0,,0.995,0.005
0,0,,1.0,0.0
0,0,,1.0,0.0
0,0,,1.0,0.0
0,0,,1.0,0.0
0,0,,0.995,0.005
0,0,,1.0,0.0
0,0,,1.0,0.0
0,0,,1.0,0.0
0,0,,1.0,0.0
0,0,,1.0,0.0
0,0,,1.0,0.0
0,0,,1.0,0.0
1,1,,0.0,1.0
1,1,,0.0,1.0
1,1,,0.0,1.0
1,1,,0.0,1.0
1,1,,0.0,1.0
1,1,,0.0,1.0
1,1,,0.0,1.0
1,1,,0.0,1.0
1,1,,0.0,1.0
1,1,,0.0,1.0
1,1,,0.0,1.0
1,1,,0.0,1.0
1,1,,0.0,1.0
1,1,,0.0,1.0
1,1,,0.0,1.0
1,1,,0.0,1.0
1,1,,0.0,1.0
1,1,,0.0,1.0
1,1,,0.0,1.0
1,1,,0.0,1.0
1,1,,0.0,1.0
1,1,,0.0,1.0
1,1,,0.0,1.0
1,1,,0.0,1.0
1,1,,0.0,1.0
1,1,,0.0,1.0
1,1,,0.0,1.0
1,1,,0.0,1.0
1,1,,0.0,1.0
1,1,,0.0,1.0
1,1,,0.0,1.0
1,1,,0.0,1.0
1,1,,0.0,1.0
1,1,,0.0,1.0
1,1,,0.0,1.0
1,1,,0.0,1.0
1,1,,0.0,1.0
1,1,,0.0,1.0
1,1,,0.0,1.0
1,1,,0.0,1.0
1,1,,0.0,1.0
1,1,,0.0,1.0
1,1,,0.0,1.0
1,1,,0.0,1.0
1,1,,0.0,1.0
1,1,,0.0,1.0
1,1,,0.0,1.0
1,1,,0.0,1.0
1,1,,0.0,1.0
1,1,,0.0,1.0
1,1,,0.0,1.0
1,1,,0.0,1.0
1,1,,0.0,1.0
1,1,,0.0,1.0
1,1,,0.0,1.0
1,1,,0.0,1.0
1,1,,0.0,1.0
1,1,,0.0,1.0
1,1,,0.0,1.0
1,1,,0.0,1.0
1,1,,0.0,1.0
1,1,,0.0,1.0
1,1,,0.0,1.0
1,1,,0.0,1.0
1,1,,0.0,1.0
1,1,,0.0,1.0
1,1,,0.0,1.0
1,1,,0.0,1.0
1,1,,0.0,1.0
1,1,,0.0,1.0
1,1,,0.0,1.0
1,1,,0.0,1.0
1,1,,0.0,1.0
1,1,,0.0,1.0
1,1,,0.0,1.0
1,1,,0.0,1.0
1,1,,0.0,1.0
1,1,,0.0,1.0
1,1,,0.0,1.0
1,1,,0.0,1.0
1,1,,0.0,1.0
1,1,,0.0,1.0
1,1,,0.0,1.0
1,1,,0.0,1.0
1,1,,0.0,1.0
1,1,,0.0,1.0
1,1,,0.0,1.0
1,1,,0.0,1.0
1,1,,0.0,1.0
1,1,,0.0,1.0
1,1,,0.0,1.0
1,1,,0.0,1.0
1,1,,0.0,1.0
1,1,,0.0,1.0
1,1,,0.0,1.0
1,1,,0.0,1.0
1,1,,0.0,1.0
1,1,,0.0,1.0
1,1,,0.0,1.0
1,1,,0.0,1.0
1,1,,0.0,1.0
1,1,,0.0,1.0
1,1,,0.0,1.0
1,1,,0.0,1.0
1,1,,0.0,1.0
1,1,,0.0,1.0
1,1,,0.0,1.0
1,1,,0.0,1.0
1,1,,0.0,1.0
1,1,,0.0,1.0
1,1,,0.0,1.0
1,1,,0.0,1.0
1,1,,0.0,1.0
1,1,,0.0,1.0
1,1,,0.0,1.0
1,1,,0.0,1.0
1,1,,0.0,1.0
1,1,,0.0,1.0
1,1,,0.0,1.0
1,1,,0.0,1.0
1,1,,0.0,1.0
1,1,,0.0,1.0
1,1,,0.0,1.0
1,1,,0.0,1.0
1,1,,0.0,1.0
1,1,,0.0,1.0
1,1,,0.0,1.0
1,1,,0.0,1.0
1,1,,0.0,1.0
1,1,,0.0,1.0
1,1,,0.0,1.0
1,1,,0.0,1.0
1,1,,0.0,1.0
1,1,,0.0,1.0
1,1,,0.0,1.0
1,1,,0.0,1.0
1,1,,0.0,1.0
1,1,,0.0,1.0
1,1,,0.0,1.0
1,1,,0.0,1.0
1,1,,0.0,1.0
1,1,,0.0,1.0
1,1,,0.0,1.0
1,1,,0.0,1.0
1,1,,0.0,1.0
1,1,,0.0,1.0
1,1,,0.0,1.0
1,1,,0.0,1.0
1,1,,0.0,1.0
1,1,,0.0,1.0
1,1,,0.0,1.0
1,1,,0.0,1.0
1,1,,0.0,1.0
1,1,,0.0,1.0
1,1,,0.0,1.0
1,1,,0.0,1.0
1,1,,0.0,1.0
1,1,,0.0,1.0
1,1,,0.0,1.0
1,1,,0.0,1.0
1,1,,0.0,1.0
1,1,,0.0,1.0
1,1,,0.0,1.0
1,1,,0.0,1.0
1,1,,0.0,1.0
1,1,,0.0,1.0
1,1,,0.0,1.0
1,1,,0.0,1.0
1,1,,0.0,1.0
1,1,,0.0,1.0
1,1,,0.0,1.0
1,1,,0.0,1.0
1,1,,0.0,1.0
1,1,,0.0,1.0
1,1,,0.0,1.0
1,1,,0.0,1.0
1,1,,0.0,1.0
1,1,,0.0,1.0
1,1,,0.0,1.0
1,1,,0.0,1.0
1,1,,0.0,1.0
1,1,,0.0,1.0
1,1,,0.0,1.0
1,1,,0.0,1.0
1,1,,0.0,1.0
1,1,,0.0,1.0
1,1,,0.0,1.0
1,1,,0.0,1.0
1,1,,0.0,1.0
1,1,,0.0,1.0
1,1,,0.0,1.0
1,1,,0.0,1.0
1,1,,0.0,1.0
1,1,,0.0,1.0
1,1,,0.0,1.0
1,1,,0.0,1.0
1,1,,0.0,1.0
1,1,,0.0,1.0
1,1,,0.0,1.0
1,1,,0.0,1.0
1,1,,0.0,1.0
1,1,,0.0,1.0
1,1,,0.0,1.0
1,1,,0.045,0.955
1,1,,0.0,1.0
1,1,,0.0,1.0
1,1,,0.0,1.0
1,1,,0.0,1.0
1,1,,0.0,1.0
1,1,,0.0,1.0
1,1,,0.0,1.0
1,1,,0.0,1.0
1,1,,0.0,1.0
1,1,,0.0,1.0
1,1,,0.0,1.0
1,1,,0.0,1.0
1,1,,0.0,1.0
1,1,,0.0,1.0
1,1,,0.0,1.0
1,1,,0.0,1.0
1,1,,0.0,1.0
1,1,,0.0,1.0
1,1,,0.0,1.0
1,1,,0.0,1.0
1,1,,0.0,1.0
1,1,,0.0,1.0
1,1,,0.005,0.995
1,1,,0.0,1.0
1,1,,0.0,1.0
1,1,,0.0,1.0
1,1,,0.0,1.0
1,1,,0.0,1.0
1,1,,0.0,1.0
1,1,,0.0,1.0
1,1,,0.0,1.0
1,1,,0.0,1.0
1,1,,0.0,1.0
1,1,,0.0,1.0
1,1,,0.0,1.0
1,1,,0.0,1.0
1,1,,0.0,1.0
1,1,,0.0,1.0
1,1,,0.0,1.0
1,1,,0.0,1.0
1,1,,0.0,1.0
1,1,,0.0,1.0
1,1,,0.0,1.0
1,1,,0.0,1.0
1,1,,0.0,1.0
1,1,,0.0,1.0
1,1,,0.0,1.0
1,1,,0.0,1.0
1,1,,0.0,1.0
1,1,,0.0,1.0
1,1,,0.0,1.0
1,1,,0.0,1.0
1,1,,0.0,1.0
1,1,,0.0,1.0
1,1,,0.0,1.0
1,1,,0.0,1.0
1,1,,0.0,1.0
1,1,,0.0,1.0
1,1,,0.0,1.0
1,1,,0.0,1.0
1,1,,0.0,1.0
1,1,,0.0,1.0
1,1,,0.0,1.0
1,1,,0.0,1.0
1,1,,0.0,1.0
1,1,,0.0,1.0
1,1,,0.0,1.0
1,1,,0.0,1.0
1,1,,0.0,1.0
1,1,,0.0,1.0
1,1,,0.0,1.0
1,1,,0.0,1.0
1,1,,0.0,1.0
1,1,,0.0,1.0
1,1,,0.0,1.0
1,1,,0.0,1.0
1,1,,0.0,1.0
1,1,,0.0,1.0
1,1,,0.0,1.0
1,1,,0.0,1.0
1,1,,0.0,1.0
1,1,,0.0,1.0
1,1,,0.0,1.0
1,1,,0.0,1.0
1,1,,0.0,1.0
1,1,,0.0,1.0
1,1,,0.0,1.0
1,1,,0.0,1.0
1,1,,0.0,1.0
1,1,,0.0,1.0
1,1,,0.0,1.0
1,1,,0.0,1.0
1,1,,0.0,1.0
1,1,,0.0,1.0
1,1,,0.0,1.0
1,1,,0.0,1.0
1,1,,0.0,1.0
1,1,,0.0,1.0
1,1,,0.0,1.0
1,1,,0.0,1.0
1,1,,0.0,1.0
1,1,,0.0,1.0
1,1,,0.0,1.0
1,1,,0.0,1.0
1,1,,0.0,1.0
1,1,,0.0,1.0
1,1,,0.0,1.0
1,1,,0.0,1.0
1,1,,0.0,1.0
1,1,,0.0,1.0
1,1,,0.0,1.0
1,1,,0.0,1.0
1,1,,0.0,1.0
1,1,,0.0,1.0
1,1,,0.0,1.0
1,1,,0.0,1.0
1,1,,0.0,1.0
1,1,,0.0,1.0
1,1,,0.0,1.0
1,1,,0.0,1.0
1,1,,0.0,1.0
1,1,,0.0,1.0
1,1,,0.0,1.0
1,1,,0.0,1.0
1,1,,0.0,1.0
1,1,,0.0,1.0
1,1,,0.0,1.0
1,1,,0.0,1.0
1,1,,0.0,1.0
1,1,,0.0,1.0
1,1,,0.0,1.0
1,1,,0.0,1.0
1,1,,0.0,1.0
1,1,,0.0,1.0
1,1,,0.0,1.0
1,1,,0.0,1.0
1,1,,0.0,1.0
1,1,,0.0,1.0
1,1,,0.0,1.0
1,1,,0.0,1.0
1,1,,0.0,1.0
1,1,,0.0,1.0
1,1,,0.0,1.0
1,1,,0.0,1.0
1,1,,0.0,1.0
1,1,,0.0,1.0
1,1,,0.0,1.0
1,1,,0.0,1.0
1,1,,0.0,1.0
1,1,,0.0,1.0
1,1,,0.0,1.0
1,1,,0.0,1.0
1,1,,0.0,1.0
1,1,,0.0,1.0
1,1,,0.0,1.0
1,1,,0.0,1.0
1,1,,0.0,1.0
1,1,,0.0,1.0
1,1,,0.0,1.0
1,1,,0.0,1.0
1,1,,0.0,1.0
1,1,,0.0,1.0
1,1,,0.0,1.0
1,1,,0.0,1.0
1,1,,0.0,1.0
1,1,,0.0,1.0
1,1,,0.0,1.0
1,1,,0.0,1.0
1,1,,0.0,1.0
1,1,,0.0,1.0
1,1,,0.0,1.0
1,1,,0.0,1.0
1,1,,0.0,1.0
1,1,,0.0,1.0
1,1,,0.0,1.0
1,1,,0.0,1.0
1,1,,0.0,1.0
1,1,,0.0,1.0
1,1,,0.0,1.0
1,1,,0.0,1.0
1,1,,0.0,1.0
1,1,,0.0,1.0
1,1,,0.0,1.0
1,1,,0.0,1.0
1,1,,0.0,1.0
1,1,,0.0,1.0
1,1,,0.0,1.0
1,1,,0.0,1.0
1,1,,0.0,1.0
1,1,,0.0,1.0
1,1,,0.0,1.0
1,1,,0.0,1.0
1,1,,0.0,1.0
1,1,,0.0,1.0
1,1,,0.0,1.0
1,1,,0.0,1.0
1,1,,0.045,0.955
1,1,,0.0,1.0
1,1,,0.0,1.0
1,1,,0.0,1.0
1,1,,0.0,1.0
1,1,,0.0,1.0
1,1,,0.0,1.0
1,1,,0.0,1.0
1,1,,0.0,1.0
1,1,,0.0,1.0
1,1,,0.0,1.0
1,1,,0.0,1.0
1,1,,0.0,1.0
1,1,,0.0,1.0
1,1,,0.0,1.0
1,1,,0.0,1.0
1,1,,0.0,1.0
1,1,,0.0,1.0
1,1,,0.0,1.0
1,1,,0.0,1.0
1,1,,0.0,1.0
1,1,,0.0,1.0
1,1,,0.0,1.0
1,1,,0.0,1.0
1,1,,0.0,1.0
1,1,,0.0,1.0
1,1,,0.0,1.0
1,1,,0.0,1.0
1,1,,0.0,1.0
1,1,,0.0,1.0
1,1,,0.0,1.0
1,1,,0.0,1.0
1,1,,0.0,1.0
1,1,,0.0,1.0
1,1,,0.0,1.0
1,1,,0.0,1.0
1,1,,0.0,1.0
1,1,,0.0,1.0
1,1,,0.0,1.0
1,1,,0.0,1.0
1,1,,0.0,1.0
1,1,,0.0,1.0
1,1,,0.0,1.0
1,1,,0.0,1.0
1,1,,0.0,1.0
1,1,,0.0,1.0
1,1,,0.0,1.0
1,1,,0.0,1.0
1,1,,0.0,1.0
1,1,,0.0,1.0
1,1,,0.0,1.0
1,1,,0.0,1.0
1,1,,0.0,1.0
1,1,,0.0,1.0
1,1,,0.0,1.0
1,1,,0.0,1.0
1,1,,0.0,1.0
1,1,,0.0,1.0
1,1,,0.0,1.0
1,1,,0.0,1.0
1,1,,0.0,1.0
1,1,,0.0,1.0
1,1,,0.0,1.0
1,1,,0.0,1.0
1,1,,0.0,1.0
1,1,,0.0,1.0
1,1,,0.0,1.0
1,1,,0.0,1.0
1,1,,0.0,1.0
1,1,,0.0,1.0
1,1,,0.0,1.0
1,1,,0.0,1.0
1,1,,0.005,0.995
1,1,,0.0,1.0
1,1,,0.0,1.0
1,1,,0.0,1.0
1,1,,0.0,1.0
1,1,,0.0,1.0
1,1,,0.0,1.0
1,1,,0.0,1.0
1,1,,0.0,1.0
1,1,,0.0,1.0
1,1,,0.0,1.0
1,1,,0.0,1.0
1,1,,0.0,1.0
1,1,,0.0,1.0
1,1,,0.0,1.0
1,1,,0.0,1.0
1,1,,0.0,1.0
1,1,,0.0,1.0
1,1,,0.0,1.0
1,1,,0.0,1.0
1,1,,0.0,1.0
1,1,,0.0,1.0
1,1,,0.0,1.0
1,1,,0.0,1.0
1,1,,0.0,1.0
1,1,,0.0,1.0
1,1,,0.0,1.0
1,1,,0.0,1.0
1,1,,0.0,1.0
1,1,,0.0,1.0
1,1,,0.0,1.0
1,1,,0.0,1.0
1,1,,0.0,1.0
1,1,,0.0,1.0
1,1,,0.0,1.0
1,1,,0.0,1.0
1,1,,0.0,1.0
1,1,,0.0,1.0
1,1,,0.0,1.0
1,1,,0.0,1.0
1,1,,0.0,1.0
1,1,,0.0,1.0
1,1,,0.0,1.0
1,1,,0.0,1.0
1,1,,0.0,1.0
1,1,,0.0,1.0
1,1,,0.0,1.0
1,1,,0.0,1.0
1,1,,0.0,1.0
1,1,,0.0,1.0
1,1,,0.0,1.0
1,1,,0.0,1.0
1,1,,0.0,1.0
1,1,,0.0,1.0
1,1,,0.0,1.0
1,1,,0.0,1.0
1,1,,0.0,1.0
1,1,,0.0,1.0
1,1,,0.0,1.0
1,1,,0.0,1.0
1,1,,0.0,1.0
1,1,,0.0,1.0
1,1,,0.0,1.0
1,1,,0.0,1.0
1,1,,0.0,1.0
1,1,,0.0,1.0
1,1,,0.0,1.0
1,1,,0.0,1.0
1,1,,0.0,1.0
1,1,,0.0,1.0
1,1,,0.0,1.0
1,1,,0.0,1.0
1,1,,0.0,1.0
1,1,,0.0,1.0
1,1,,0.0,1.0
1,1,,0.0,1.0
1,1,,0.0,1.0
1,1,,0.0,1.0
1,1,,0.0,1.0
1,1,,0.0,1.0
1,1,,0.0,1.0
1,1,,0.0,1.0
1,1,,0.0,1.0
1,1,,0.0,1.0
1,1,,0.0,1.0
1,1,,0.0,1.0
1,1,,0.0,1.0
1,1,,0.0,1.0
1,1,,0.0,1.0
1,1,,0.0,1.0
1,1,,0.0,1.0
1,1,,0.0,1.0
1,1,,0.0,1.0
1,1,,0.0,1.0
1,1,,0.0,1.0
1,1,,0.0,1.0
1,1,,0.0,1.0
1,1,,0.0,1.0
1,1,,0.0,1.0
1,1,,0.0,1.0
1,1,,0.0,1.0
1,1,,0.0,1.0
1,1,,0.0,1.0
1,1,,0.0,1.0
1,1,,0.0,1.0
1,1,,0.0,1.0
1,1,,0.0,1.0
1,1,,0.0,1.0
1,1,,0.0,1.0
1,1,,0.0,1.0
1,1,,0.0,1.0
1,1,,0.0,1.0
1,1,,0.0,1.0
1,1,,0.0,1.0
1,1,,0.0,1.0
1,1,,0.0,1.0
1,1,,0.0,1.0
1,1,,0.0,1.0
1,1,,0.0,1.0
1,1,,0.0,1.0
1,1,,0.0,1.0
1,1,,0.0,1.0
1,1,,0.0,1.0
1,1,,0.0,1.0
1,1,,0.0,1.0
1,1,,0.0,1.0
1,1,,0.0,1.0
1,1,,0.0,1.0
1,1,,0.0,1.0
1,1,,0.0,1.0
1,1,,0.0,1.0
1,1,,0.0,1.0
1,1,,0.0,1.0
1,1,,0.0,1.0
1,1,,0.0,1.0
1,1,,0.0,1.0
1,1,,0.0,1.0
1,1,,0.0,1.0
1,1,,0.0,1.0
1,1,,0.0,1.0
1,1,,0.0,1.0
1,1,,0.0,1.0
1,1,,0.0,1.0
1,1,,0.0,1.0
1,1,,0.0,1.0
1,1,,0.0,1.0
1,1,,0.0,1.0
1,1,,0.0,1.0
1,1,,0.0,1.0
1,1,,0.0,1.0
1,1,,0.0,1.0
1,1,,0.0,1.0
1,1,,0.0,1.0
1,1,,0.0,1.0
1,1,,0.0,1.0
1,1,,0.0,1.0
1,1,,0.0,1.0
1,1,,0.0,1.0
1,1,,0.0,1.0
1,1,,0.0,1.0
1,1,,0.0,1.0
1,1,,0.0,1.0
1,1,,0.0,1.0
1,1,,0.0,1.0
1,1,,0.0,1.0
1,1,,0.0,1.0
1,1,,0.0,1.0
1,1,,0.0,1.0
1,1,,0.0,1.0
1,1,,0.0,1.0
1,1,,0.0,1.0
1,1,,0.0,1.0
1,1,,0.0,1.0
1,1,,0.0,1.0
1,1,,0.0,1.0
1,1,,0.0,1.0
1,1,,0.0,1.0
1,1,,0.0,1.0
1,1,,0.0,1.0
1,1,,0.0,1.0
1,1,,0.0,1.0
1,1,,0.0,1.0
1,1,,0.0,1.0
1,1,,0.0,1.0
1,1,,0.0,1.0
1,1,,0.0,1.0
1,1,,0.0,1.0
1,1,,0.0,1.0
1,1,,0.0,1.0
1,1,,0.0,1.0
1,1,,0.0,1.0
1,1,,0.0,1.0
1,1,,0.0,1.0
1,1,,0.0,1.0
1,1,,0.0,1.0
1,1,,0.0,1.0
1,1,,0.0,1.0
1,1,,0.0,1.0
1,1,,0.0,1.0
1,1,,0.0,1.0
1,1,,0.0,1.0
1,1,,0.0,1.0
1,1,,0.0,1.0
1,1,,0.0,1.0
1,1,,0.0,1.0
1,1,,0.0,1.0
1,1,,0.0,1.0
1,1,,0.0,1.0
1,1,,0.0,1.0
1,1,,0.0,1.0
1,1,,0.0,1.0
1,1,,0.0,1.0
1,1,,0.0,1.0
1,1,,0.0,1.0
1,1,,0.0,1.0
1,1,,0.0,1.0
1,1,,0.0,1.0
1,1,,0.0,1.0
1,1,,0.0,1.0
1,1,,0.0,1.0
1,1,,0.0,1.0
1,1,,0.0,1.0
1,1,,0.0,1.0
1,1,,0.0,1.0
1,1,,0.0,1.0
1,1,,0.0,1.0
1,1,,0.0,1.0
1,1,,0.0,1.0
1,1,,0.0,1.0
1,1,,0.0,1.0
1,1,,0.0,1.0
1,1,,0.0,1.0
1,1,,0.0,1.0
1,1,,0.0,1.0
1,1,,0.0,1.0
1,1,,0.0,1.0
1,1,,0.0,1.0
1,1,,0.0,1.0
1,1,,0.0,1.0
1,1,,0.0,1.0
1,1,,0.0,1.0
1,1,,0.0,1.0
1,1,,0.0,1.0
1,1,,0.0,1.0
1,1,,0.0,1.0
1,1,,0.0,1.0
1,1,,0.0,1.0
1,1,,0.0,1.0
1,1,,0.0,1.0
1,1,,0.0,1.0
1,1,,0.0,1.0
1,1,,0.0,1.0
1,1,,0.0,1.0
1,1,,0.0,1.0
1,1,,0.0,1.0
1,1,,0.0,1.0
1,1,,0.0,1.0
1,1,,0.0,1.0
1,1,,0.0,1.0
1,1,,0.0,1.0
1,1,,0.0,1.0
1,1,,0.0,1.0
1,1,,0.0,1.0
1,1,,0.0,1.0
1,1,,0.0,1.0
1,1,,0.0,1.0
1,1,,0.0,1.0
1,1,,0.0,1.0
1,1,,0.0,1.0
1,1,,0.0,1.0
1,1,,0.0,1.0
1,1,,0.0,1.0
1,1,,0.0,1.0
1,1,,0.0,1.0
1,1,,0.0,1.0
1,1,,0.0,1.0
1,1,,0.0,1.0
1,1,,0.0,1.0
1,1,,0.0,1.0
1,1,,0.0,1.0
1,1,,0.0,1.0
1,1,,0.0,1.0
1,1,,0.0,1.0
1,1,,0.0,1.0
1,1,,0.0,1.0
1,1,,0.0,1.0
1,1,,0.0,1.0
1,1,,0.0,1.0
1,1,,0.0,1.0
1,1,,0.0,1.0
1,1,,0.0,1.0
1,1,,0.0,1.0
1,1,,0.0,1.0
1,1,,0.0,1.0
1,1,,0.0,1.0
1,1,,0.0,1.0
1,1,,0.0,1.0
1,1,,0.0,1.0
1,1,,0.0,1.0
1,1,,0.0,1.0
1,1,,0.0,1.0
1,1,,0.0,1.0
1,1,,0.0,1.0
1,1,,0.0,1.0
1,1,,0.0,1.0
1,1,,0.0,1.0
1,1,,0.0,1.0
1,1,,0.0,1.0
1,1,,0.0,1.0
1,1,,0.0,1.0
1,1,,0.0,1.0
1,1,,0.0,1.0
1,1,,0.0,1.0
1,1,,0.0,1.0
1,1,,0.0,1.0
1,1,,0.0,1.0
1,1,,0.0,1.0
1,1,,0.0,1.0
1,1,,0.0,1.0
1,1,,0.0,1.0
1,1,,0.0,1.0
1,1,,0.0,1.0
1,1,,0.0,1.0
1,1,,0.0,1.0
1,1,,0.0,1.0
1,1,,0.0,1.0
1,1,,0.0,1.0
1,1,,0.0,1.0
1,1,,0.0,1.0
1,1,,0.0,1.0
1,1,,0.0,1.0
1,1,,0.0,1.0
1,1,,0.0,1.0
1,1,,0.0,1.0
1,1,,0.0,1.0
1,1,,0.0,1.0
1,1,,0.0,1.0
1,1,,0.0,1.0
1,1,,0.0,1.0
1,1,,0.0,1.0
1,1,,0.0,1.0
1,1,,0.0,1.0
1,1,,0.0,1.0
1,1,,0.0,1.0
1,1,,0.0,1.0
1,1,,0.0,1.0
1,1,,0.0,1.0
1,1,,0.0,1.0
1,1,,0.0,1.0
1,1,,0.0,1.0
1,1,,0.0,1.0
1,1,,0.0,1.0
1,1,,0.0,1.0
1,1,,0.0,1.0
1,1,,0.0,1.0
1,1,,0.0,1.0
1,1,,0.0,1.0
1,1,,0.0,1.0
1,1,,0.0,1.0
1,1,,0.0,1.0
1,1,,0.0,1.0
1,1,,0.0,1.0
1,1,,0.0,1.0
1,1,,0.0,1.0
1,1,,0.0,1.0
1,1,,0.0,1.0
1,1,,0.0,1.0
1,1,,0.0,1.0
1,1,,0.0,1.0
1,1,,0.0,1.0
1,1,,0.0,1.0
1,1,,0.0,1.0
1,1,,0.0,1.0
1,1,,0.0,1.0
1,1,,0.0,1.0
1,1,,0.0,1.0
1,1,,0.0,1.0
1,1,,0.0,1.0
1,1,,0.0,1.0
1,1,,0.0,1.0
1,1,,0.0,1.0
1,1,,0.0,1.0
1,1,,0.0,1.0
1,1,,0.0,1.0
1,1,,0.0,1.0
1,1,,0.0,1.0
1,1,,0.0,1.0
1,1,,0.0,1.0
1,1,,0.0,1.0
1,1,,0.0,1.0
1,1,,0.0,1.0
1,1,,0.0,1.0
1,1,,0.0,1.0
1,1,,0.0,1.0
1,1,,0.0,1.0
1,1,,0.0,1.0
1,1,,0.0,1.0
1,1,,0.0,1.0
1,1,,0.0,1.0
1,1,,0.0,1.0
1,1,,0.0,1.0
1,1,,0.0,1.0
1,1,,0.0,1.0
1,1,,0.0,1.0
1,1,,0.0,1.0
1,1,,0.0,1.0
1,1,,0.0,1.0
1,1,,0.0,1.0
1,1,,0.0,1.0
1,1,,0.0,1.0
1,1,,0.0,1.0
1,1,,0.0,1.0
1,1,,0.0,1.0
1,1,,0.0,1.0
1,1,,0.0,1.0
1,1,,0.0,1.0
1,1,,0.0,1.0
1,1,,0.0,1.0
1,1,,0.0,1.0
1,1,,0.0,1.0
1,1,,0.0,1.0
1,1,,0.0,1.0
1,1,,0.0,1.0
1,1,,0.0,1.0
1,1,,0.0,1.0
1,1,,0.0,1.0
1,1,,0.0,1.0
1,1,,0.0,1.0
1,1,,0.0,1.0
1,1,,0.0,1.0
1,1,,0.0,1.0
1,1,,0.0,1.0
1,1,,0.0,1.0
1,1,,0.0,1.0
1,1,,0.0,1.0
1,1,,0.0,1.0
1,1,,0.0,1.0
1,1,,0.0,1.0
1,1,,0.0,1.0
1,1,,0.0,1.0
1,1,,0.0,1.0
1,1,,0.0,1.0
1,1,,0.0,1.0
1,1,,0.0,1.0
1,1,,0.0,1.0
1,1,,0.0,1.0
1,1,,0.0,1.0
1,1,,0.0,1.0
1,1,,0.0,1.0
1,1,,0.0,1.0
1,1,,0.0,1.0
1,1,,0.0,1.0
1,1,,0.0,1.0
1,1,,0.0,1.0
1,1,,0.0,1.0
1,1,,0.0,1.0
1,1,,0.0,1.0
1,1,,0.0,1.0
1,1,,0.0,1.0
1,1,,0.0,1.0
1,1,,0.0,1.0
1,1,,0.0,1.0
1,1,,0.0,1.0
1,1,,0.0,1.0
1,1,,0.0,1.0
1,1,,0.0,1.0
1,1,,0.0,1.0
1,1,,0.0,1.0
1,1,,0.0,1.0
1,1,,0.0,1.0
1,1,,0.0,1.0
1,1,,0.0,1.0
1,1,,0.0,1.0
1,1,,0.0,1.0
1,1,,0.0,1.0
1,1,,0.0,1.0
1,1,,0.0,1.0
1,1,,0.0,1.0
1,1,,0.0,1.0
1,1,,0.0,1.0
1,1,,0.0,1.0
1,1,,0.0,1.0
1,1,,0.0,1.0
1,1,,0.0,1.0
1,1,,0.0,1.0
1,1,,0.0,1.0
1,1,,0.0,1.0
1,1,,0.0,1.0
1,1,,0.0,1.0
1,1,,0.0,1.0
1,1,,0.0,1.0
1,1,,0.0,1.0
1,1,,0.0,1.0
1,1,,0.0,1.0
1,1,,0.0,1.0
1,1,,0.0,1.0
1,1,,0.0,1.0
1,1,,0.0,1.0
1,1,,0.0,1.0
1,1,,0.0,1.0
1,1,,0.0,1.0
1,1,,0.0,1.0
1,1,,0.0,1.0
1,1,,0.0,1.0
1,1,,0.0,1.0
1,1,,0.0,1.0
1,1,,0.0,1.0
1,1,,0.0,1.0
1,1,,0.0,1.0
1,1,,0.0,1.0
1,1,,0.0,1.0
1,1,,0.0,1.0
1,1,,0.0,1.0
1,1,,0.0,1.0
1,1,,0.0,1.0
1,1,,0.0,1.0
1,1,,0.0,1.0
1,1,,0.0,1.0
1,1,,0.0,1.0
1,1,,0.0,1.0
1,1,,0.0,1.0
1,1,,0.0,1.0
1,1,,0.0,1.0
1,1,,0.0,1.0
1,1,,0.0,1.0
1,1,,0.0,1.0
1,1,,0.0,1.0
1,1,,0.0,1.0
1,1,,0.0,1.0
1,1,,0.0,1.0
1,1,,0.0,1.0
1,1,,0.0,1.0
1,1,,0.0,1.0
1,1,,0.0,1.0
1,1,,0.0,1.0
1,1,,0.0,1.0
1,1,,0.0,1.0
1,1,,0.0,1.0
1,1,,0.0,1.0
1,1,,0.0,1.0
1,1,,0.0,1.0
1,1,,0.0,1.0
1,1,,0.0,1.0
1,1,,0.0,1.0
1,1,,0.0,1.0
1,1,,0.0,1.0
1,1,,0.0,1.0
1,1,,0.0,1.0
1,1,,0.0,1.0
1,1,,0.0,1.0
1,1,,0.0,1.0
1,1,,0.0,1.0
1,1,,0.0,1.0
1,1,,0.0,1.0
1,1,,0.0,1.0
1,1,,0.0,1.0
1,1,,0.0,1.0
1,1,,0.0,1.0
1,1,,0.0,1.0
1,1,,0.0,1.0
1,1,,0.0,1.0
1,1,,0.0,1.0
1,1,,0.0,1.0
1,1,,0.0,1.0
1,1,,0.0,1.0
1,1,,0.0,1.0
1,1,,0.0,1.0
1,1,,0.0,1.0
1,1,,0.0,1.0
1,1,,0.0,1.0
1,1,,0.0,1.0
1,1,,0.0,1.0
1,1,,0.0,1.0
1,1,,0.0,1.0
1,1,,0.0,1.0
1,1,,0.0,1.0
1,1,,0.0,1.0
1,1,,0.0,1.0
1,1,,0.0,1.0
1,1,,0.0,1.0
1,1,,0.0,1.0
1,1,,0.0,1.0
1,1,,0.0,1.0
1,1,,0.0,1.0
1,1,,0.0,1.0
1,1,,0.0,1.0
1,1,,0.0,1.0
1,1,,0.0,1.0
1,1,,0.0,1.0
1,1,,0.0,1.0
1,1,,0.0,1.0
1,1,,0.0,1.0
1,1,,0.0,1.0
1,1,,0.0,1.0
1,1,,0.0,1.0
1,1,,0.0,1.0
1,1,,0.0,1.0
1,1,,0.0,1.0
1,1,,0.0,1.0
1,1,,0.0,1.0
1,1,,0.0,1.0
1,1,,0.0,1.0
1,1,,0.0,1.0
1,1,,0.0,1.0
1,1,,0.0,1.0
1,1,,0.0,1.0
1,1,,0.0,1.0
1,1,,0.0,1.0
1,1,,0.0,1.0
1,1,,0.0,1.0
1,1,,0.0,1.0
1,1,,0.0,1.0
1,1,,0.0,1.0
1,1,,0.0,1.0
1,1,,0.0,1.0
1,1,,0.0,1.0
1,1,,0.0,1.0
1,1,,0.0,1.0
1,1,,0.0,1.0
1,1,,0.0,1.0
1,1,,0.0,1.0
1,1,,0.0,1.0
1,1,,0.0,1.0
1,1,,0.0,1.0
1,1,,0.0,1.0
1,1,,0.0,1.0
1,1,,0.0,1.0
1,1,,0.0,1.0
1,1,,0.0,1.0
1,1,,0.0,1.0
1,1,,0.0,1.0
1,1,,0.0,1.0
1,1,,0.0,1.0
1,1,,0.0,1.0
1,1,,0.0,1.0
1,1,,0.0,1.0
1,1,,0.0,1.0
1,1,,0.0,1.0
1,1,,0.0,1.0
1,1,,0.0,1.0
1,1,,0.0,1.0
1,1,,0.0,1.0
1,1,,0.0,1.0
1,1,,0.0,1.0
1,1,,0.0,1.0
1,1,,0.0,1.0
1,1,,0.0,1.0
1,1,,0.0,1.0
1,1,,0.0,1.0
1,1,,0.0,1.0
1,1,,0.0,1.0
1,1,,0.0,1.0
1,1,,0.0,1.0
1,1,,0.0,1.0
1,1,,0.0,1.0
1,1,,0.0,1.0
1,1,,0.0,1.0
1,1,,0.0,1.0
1,1,,0.0,1.0
1,1,,0.0,1.0
1,1,,0.0,1.0
1,1,,0.03,0.97
1,1,,0.0,1.0
1,1,,0.0,1.0
1,1,,0.0,1.0
1,1,,0.0,1.0
1,1,,0.0,1.0
1,1,,0.0,1.0
1,1,,0.0,1.0
1,1,,0.0,1.0
1,1,,0.0,1.0
1,1,,0.0,1.0
1,1,,0.0,1.0
1,1,,0.0,1.0
1,1,,0.0,1.0
1,1,,0.0,1.0
1,1,,0.0,1.0
1,1,,0.0,1.0
1,1,,0.0,1.0
1,1,,0.0,1.0
1,1,,0.0,1.0
1,1,,0.0,1.0
1,1,,0.0,1.0
1,1,,0.0,1.0
1,1,,0.0,1.0
1,1,,0.0,1.0
1,1,,0.0,1.0
1,1,,0.0,1.0
1,1,,0.0,1.0
1,1,,0.0,1.0
1,1,,0.0,1.0
1,1,,0.0,1.0
1,1,,0.0,1.0
1,1,,0.0,1.0
1,1,,0.0,1.0
1,1,,0.0,1.0
1,1,,0.0,1.0
1,1,,0.0,1.0
1,1,,0.005,0.995
1,1,,0.0,1.0
1,1,,0.0,1.0
1,1,,0.0,1.0
1,1,,0.0,1.0
1,1,,0.0,1.0
1,1,,0.0,1.0
1,1,,0.0,1.0
1,1,,0.0,1.0
1,1,,0.0,1.0
1,1,,0.0,1.0
1,1,,0.0,1.0
1,1,,0.0,1.0
1,1,,0.0,1.0
1,1,,0.0,1.0
1,1,,0.0,1.0
1,1,,0.0,1.0
1,1,,0.0,1.0
1,1,,0.0,1.0
1,1,,0.0,1.0
1,1,,0.0,1.0
1,1,,0.0,1.0
1,1,,0.0,1.0
1,1,,0.0,1.0
1,1,,0.0,1.0
1,1,,0.0,1.0
1,1,,0.0,1.0
1,1,,0.0,1.0
1,1,,0.0,1.0
1,1,,0.0,1.0
1,1,,0.0,1.0
1,1,,0.0,1.0
1,1,,0.0,1.0
1,1,,0.0,1.0
1,1,,0.0,1.0
1,1,,0.0,1.0
1,1,,0.0,1.0
1,1,,0.0,1.0
1,1,,0.0,1.0
1,1,,0.0,1.0
1,1,,0.0,1.0
1,1,,0.0,1.0
1,1,,0.0,1.0
1,1,,0.0,1.0
1,1,,0.0,1.0
1,1,,0.0,1.0
1,1,,0.0,1.0
1,1,,0.0,1.0
1,1,,0.0,1.0
1,1,,0.0,1.0
1,1,,0.0,1.0
1,1,,0.0,1.0
1,1,,0.0,1.0
1,1,,0.0,1.0
1,1,,0.0,1.0
1,1,,0.0,1.0
1,1,,0.01,0.99
1,1,,0.0,1.0
1,1,,0.0,1.0
1,1,,0.0,1.0
1,1,,0.0,1.0
1,1,,0.0,1.0
1,1,,0.0,1.0
1,1,,0.0,1.0
1,1,,0.0,1.0
1,1,,0.0,1.0
1,1,,0.0,1.0
1,1,,0.0,1.0
1,1,,0.0,1.0
1,1,,0.0,1.0
1,1,,0.0,1.0
1,1,,0.0,1.0
1,1,,0.005,0.995
1,1,,0.0,1.0
1,1,,0.0,1.0
1,1,,0.0,1.0
1,1,,0.01,0.99
1,1,,0.0,1.0
1,1,,0.0,1.0
1,1,,0.0,1.0
1,1,,0.0,1.0
1,1,,0.0,1.0
1,1,,0.0,1.0
1,1,,0.0,1.0
1,1,,0.0,1.0
1,1,,0.005,0.995
1,1,,0.0,1.0
1,1,,0.0,1.0
1,1,,0.0,1.0
1,1,,0.0,1.0
1,1,,0.0,1.0
1,1,,0.0,1.0
1,1,,0.0,1.0
1,1,,0.0,1.0
1,1,,0.0,1.0
1,1,,0.0,1.0
1,1,,0.0,1.0
1,1,,0.0,1.0
1,1,,0.0,1.0
1,1,,0.0,1.0
1,1,,0.0,1.0
1,1,,0.0,1.0
1,1,,0.0,1.0
1,1,,0.0,1.0
1,1,,0.0,1.0
1,1,,0.0,1.0
1,1,,0.0,1.0
1,1,,0.0,1.0
1,1,,0.0,1.0
1,1,,0.0,1.0
1,1,,0.0,1.0
1,1,,0.0,1.0
1,1,,0.0,1.0
1,1,,0.0,1.0
1,1,,0.0,1.0
1,1,,0.0,1.0
1,1,,0.0,1.0
1,1,,0.0,1.0
1,1,,0.0,1.0
1,1,,0.0,1.0
1,1,,0.0,1.0
1,1,,0.0,1.0
1,1,,0.0,1.0
1,1,,0.0,1.0
1,1,,0.0,1.0
1,1,,0.0,1.0
1,1,,0.0,1.0
1,1,,0.0,1.0
1,1,,0.0,1.0
1,1,,0.0,1.0
1,1,,0.0,1.0
1,1,,0.0,1.0
1,1,,0.0,1.0
1,1,,0.0,1.0
1,1,,0.0,1.0
1,1,,0.0,1.0
1,1,,0.0,1.0
1,1,,0.035,0.965
1,1,,0.0,1.0
1,1,,0.0,1.0
1,1,,0.0,1.0
1,1,,0.0,1.0
1,1,,0.0,1.0
1,1,,0.0,1.0
1,1,,0.0,1.0
1,1,,0.0,1.0
1,1,,0.0,1.0
1,1,,0.0,1.0
1,1,,0.0,1.0
1,1,,0.0,1.0
1,1,,0.0,1.0
1,1,,0.0,1.0
1,1,,0.0,1.0
1,1,,0.0,1.0
1,1,,0.0,1.0
1,1,,0.0,1.0
1,1,,0.0,1.0
1,1,,0.0,1.0
1,1,,0.0,1.0
1,1,,0.0,1.0
1,1,,0.0,1.0
1,1,,0.0,1.0
1,1,,0.0,1.0
1,1,,0.0,1.0
1,1,,0.0,1.0
1,1,,0.0,1.0
1,1,,0.0,1.0
1,1,,0.0,1.0
1,1,,0.0,1.0
1,1,,0.0,1.0
1,1,,0.0,1.0
1,1,,0.0,1.0
1,1,,0.0,1.0
1,1,,0.0,1.0
1,1,,0.0,1.0
1,1,,0.0,1.0
1,1,,0.0,1.0
1,1,,0.0,1.0
1,1,,0.0,1.0
1,1,,0.0,1.0
1,1,,0.0,1.0
1,1,,0.0,1.0
1,1,,0.0,1.0
1,1,,0.0,1.0
1,1,,0.0,1.0
1,1,,0.0,1.0
1,1,,0.0,1.0
1,1,,0.0,1.0
1,1,,0.0,1.0
1,1,,0.0,1.0
1,1,,0.0,1.0
1,1,,0.0,1.0
1,1,,0.0,1.0
1,1,,0.0,1.0
1,1,,0.0,1.0
1,1,,0.0,1.0
1,1,,0.0,1.0
1,1,,0.0,1.0
1,1,,0.0,1.0
1,1,,0.0,1.0
1,1,,0.0,1.0
1,1,,0.0,1.0
1,1,,0.0,1.0
1,1,,0.0,1.0
1,1,,0.0,1.0
1,1,,0.0,1.0
1,1,,0.0,1.0
1,1,,0.0,1.0
1,1,,0.0,1.0
1,1,,0.0,1.0
1,1,,0.0,1.0
1,1,,0.0,1.0
1,1,,0.0,1.0
1,1,,0.0,1.0
1,1,,0.0,1.0
1,1,,0.0,1.0
1,1,,0.0,1.0
1,1,,0.0,1.0
1,1,,0.0,1.0
1,1,,0.0,1.0
1,1,,0.0,1.0
1,1,,0.0,1.0
1,1,,0.0,1.0
1,1,,0.0,1.0
1,1,,0.0,1.0
1,1,,0.0,1.0
1,1,,0.0,1.0
1,1,,0.0,1.0
1,1,,0.0,1.0
1,1,,0.0,1.0
1,1,,0.0,1.0
1,1,,0.0,1.0
1,1,,0.0,1.0
1,1,,0.0,1.0
1,1,,0.0,1.0
1,1,,0.0,1.0
1,1,,0.0,1.0
1,1,,0.0,1.0
1,1,,0.0,1.0
1,1,,0.0,1.0
1,1,,0.0,1.0
1,1,,0.0,1.0
1,1,,0.0,1.0
1,1,,0.0,1.0
1,1,,0.0,1.0
1,1,,0.0,1.0
1,1,,0.0,1.0
1,1,,0.0,1.0
1,1,,0.0,1.0
1,1,,0.0,1.0
1,1,,0.0,1.0
1,1,,0.0,1.0
1,1,,0.0,1.0
1,1,,0.0,1.0
1,1,,0.0,1.0
1,1,,0.0,1.0
1,1,,0.0,1.0
1,1,,0.0,1.0
1,1,,0.0,1.0
1,1,,0.0,1.0
1,1,,0.0,1.0
1,1,,0.0,1.0
1,1,,0.0,1.0
1,1,,0.0,1.0
1,1,,0.0,1.0
1,1,,0.0,1.0
1,1,,0.0,1.0
1,1,,0.0,1.0
1,1,,0.0,1.0
1,1,,0.0,1.0
1,1,,0.0,1.0
1,1,,0.0,1.0
1,1,,0.0,1.0
1,1,,0.0,1.0
1,1,,0.0,1.0
1,1,,0.0,1.0
1,1,,0.0,1.0
1,1,,0.0,1.0
1,1,,0.0,1.0
1,1,,0.0,1.0
1,1,,0.0,1.0
1,1,,0.0,1.0
1,1,,0.0,1.0
1,1,,0.0,1.0
1,1,,0.0,1.0
1,1,,0.0,1.0
1,1,,0.0,1.0
1,1,,0.0,1.0
1,1,,0.0,1.0
1,1,,0.0,1.0
1,1,,0.0,1.0
1,1,,0.0,1.0
1,1,,0.0,1.0
1,1,,0.0,1.0
1,1,,0.0,1.0
1,1,,0.0,1.0
1,1,,0.0,1.0
1,1,,0.0,1.0
1,1,,0.0,1.0
1,1,,0.0,1.0
1,1,,0.0,1.0
1,1,,0.0,1.0
1,1,,0.0,1.0
1,1,,0.0,1.0
1,1,,0.0,1.0
1,1,,0.0,1.0
1,1,,0.0,1.0
1,1,,0.0,1.0
1,1,,0.0,1.0
1,1,,0.0,1.0
1,1,,0.0,1.0
1,1,,0.0,1.0
1,1,,0.0,1.0
1,1,,0.0,1.0
1,1,,0.0,1.0
1,1,,0.0,1.0
1,1,,0.0,1.0
1,1,,0.0,1.0
1,1,,0.0,1.0
1,1,,0.0,1.0
1,1,,0.0,1.0
1,1,,0.0,1.0
1,1,,0.0,1.0
1,1,,0.0,1.0
1,1,,0.0,1.0
1,1,,0.0,1.0
1,1,,0.0,1.0
1,1,,0.0,1.0
1,1,,0.0,1.0
1,1,,0.0,1.0
1,1,,0.0,1.0
1,1,,0.0,1.0
1,1,,0.0,1.0
1,1,,0.0,1.0
1,1,,0.0,1.0
1,1,,0.0,1.0
1,1,,0.0,1.0
1,1,,0.0,1.0
1,1,,0.0,1.0
1,1,,0.0,1.0
1,1,,0.0,1.0
1,1,,0.0,1.0
1,1,,0.0,1.0
1,1,,0.0,1.0
1,1,,0.0,1.0
1,1,,0.0,1.0
1,1,,0.0,1.0
1,1,,0.0,1.0
1,1,,0.0,1.0
1,1,,0.0,1.0
1,1,,0.0,1.0
1,1,,0.0,1.0
1,1,,0.0,1.0
1,1,,0.0,1.0
1,1,,0.0,1.0
1,1,,0.0,1.0
1,1,,0.0,1.0
1,1,,0.0,1.0
1,1,,0.0,1.0
1,1,,0.0,1.0
1,1,,0.0,1.0
1,1,,0.0,1.0
1,1,,0.0,1.0
1,1,,0.0,1.0
1,1,,0.0,1.0
1,1,,0.0,1.0
1,1,,0.0,1.0
1,1,,0.0,1.0
1,1,,0.0,1.0
1,1,,0.0,1.0
1,1,,0.0,1.0
1,1,,0.0,1.0
1,1,,0.0,1.0
1,1,,0.0,1.0
1,1,,0.0,1.0
1,1,,0.0,1.0
1,1,,0.0,1.0
1,1,,0.0,1.0
1,1,,0.0,1.0
1,1,,0.0,1.0
1,1,,0.0,1.0
1,1,,0.0,1.0
1,1,,0.0,1.0
1,1,,0.0,1.0
1,1,,0.0,1.0
1,1,,0.0,1.0
1,1,,0.0,1.0
1,1,,0.0,1.0
1,1,,0.0,1.0
1,1,,0.0,1.0
1,1,,0.0,1.0
1,1,,0.0,1.0
1,1,,0.0,1.0
1,1,,0.0,1.0
1,1,,0.0,1.0
1,1,,0.0,1.0
1,1,,0.0,1.0
1,1,,0.0,1.0
1,1,,0.0,1.0
1,1,,0.0,1.0
1,1,,0.0,1.0
1,1,,0.0,1.0
1,1,,0.0,1.0
1,1,,0.0,1.0
1,1,,0.0,1.0
1,1,,0.0,1.0
1,1,,0.0,1.0
1,1,,0.0,1.0
1,1,,0.0,1.0
1,1,,0.0,1.0
1,1,,0.0,1.0
1,1,,0.0,1.0
1,1,,0.0,1.0
1,1,,0.0,1.0
1,1,,0.0,1.0
1,1,,0.0,1.0
1,1,,0.0,1.0
1,1,,0.0,1.0
1,1,,0.0,1.0
1,1,,0.0,1.0
1,1,,0.0,1.0
1,1,,0.0,1.0
1,1,,0.0,1.0
1,1,,0.0,1.0
1,1,,0.0,1.0
1,1,,0.0,1.0
1,1,,0.0,1.0
1,1,,0.0,1.0
1,1,,0.0,1.0
1,1,,0.0,1.0
1,1,,0.0,1.0
1,1,,0.0,1.0
1,1,,0.0,1.0
1,1,,0.0,1.0
1,1,,0.0,1.0
1,1,,0.0,1.0
1,1,,0.0,1.0
1,1,,0.0,1.0
1,1,,0.0,1.0
1,1,,0.0,1.0
1,1,,0.0,1.0
1,1,,0.0,1.0
1,1,,0.0,1.0
1,1,,0.0,1.0
1,1,,0.0,1.0
1,1,,0.0,1.0
1,1,,0.0,1.0
1,1,,0.0,1.0
1,1,,0.0,1.0
1,1,,0.0,1.0
1,1,,0.0,1.0
1,1,,0.0,1.0
1,1,,0.0,1.0
1,1,,0.0,1.0
1,1,,0.0,1.0
1,1,,0.0,1.0
1,1,,0.0,1.0
1,1,,0.0,1.0
1,1,,0.0,1.0
1,1,,0.0,1.0
1,1,,0.0,1.0
1,1,,0.0,1.0
1,1,,0.0,1.0
1,1,,0.0,1.0
1,1,,0.0,1.0
1,1,,0.0,1.0
1,1,,0.0,1.0
1,1,,0.0,1.0
1,1,,0.0,1.0
1,1,,0.0,1.0
1,1,,0.005,0.995
1,1,,0.0,1.0
1,1,,0.0,1.0
1,1,,0.0,1.0
1,1,,0.0,1.0
1,1,,0.0,1.0
1,1,,0.0,1.0
1,1,,0.0,1.0
1,1,,0.0,1.0
1,1,,0.0,1.0
1,1,,0.0,1.0
1,1,,0.0,1.0
1,1,,0.0,1.0
1,1,,0.0,1.0
1,1,,0.0,1.0
1,1,,0.0,1.0
1,1,,0.0,1.0
1,1,,0.0,1.0
1,1,,0.0,1.0
1,1,,0.0,1.0
1,1,,0.0,1.0
1,1,,0.0,1.0
1,1,,0.0,1.0
1,1,,0.0,1.0
1,1,,0.0,1.0
1,1,,0.0,1.0
1,1,,0.0,1.0
1,1,,0.0,1.0
1,1,,0.0,1.0
1,1,,0.0,1.0
1,1,,0.0,1.0
1,1,,0.0,1.0
1,1,,0.0,1.0
1,1,,0.0,1.0
1,1,,0.0,1.0
1,1,,0.0,1.0
1,1,,0.0,1.0
1,1,,0.0,1.0
1,1,,0.0,1.0
1,1,,0.0,1.0
1,1,,0.0,1.0
1,1,,0.0,1.0
1,1,,0.0,1.0
1,1,,0.0,1.0
1,1,,0.0,1.0
1,1,,0.0,1.0
1,1,,0.0,1.0
1,1,,0.0,1.0
1,1,,0.0,1.0
1,1,,0.0,1.0
1,1,,0.0,1.0
1,1,,0.0,1.0
1,1,,0.0,1.0
1,1,,0.0,1.0
1,1,,0.0,1.0
1,1,,0.0,1.0
1,1,,0.0,1.0
1,1,,0.0,1.0
1,1,,0.0,1.0
1,1,,0.045,0.955
1,1,,0.0,1.0
1,1,,0.0,1.0
1,1,,0.0,1.0
1,1,,0.0,1.0
1,1,,0.0,1.0
1,1,,0.0,1.0
1,1,,0.0,1.0
1,1,,0.0,1.0
1,1,,0.0,1.0
1,1,,0.0,1.0
1,1,,0.0,1.0
1,1,,0.0,1.0
1,1,,0.0,1.0
1,1,,0.0,1.0
1,1,,0.0,1.0
1,1,,0.0,1.0
1,1,,0.0,1.0
1,1,,0.0,1.0
1,1,,0.0,1.0
1,1,,0.0,1.0
1,1,,0.0,1.0
1,1,,0.0,1.0
1,1,,0.0,1.0
1,1,,0.0,1.0
1,1,,0.0,1.0
1,1,,0.0,1.0
1,1,,0.0,1.0
1,1,,0.0,1.0
1,1,,0.0,1.0
1,1,,0.0,1.0
1,1,,0.0,1.0
1,1,,0.0,1.0
1,1,,0.0,1.0
1,1,,0.0,1.0
1,1,,0.0,1.0
1,1,,0.0,1.0
1,1,,0.0,1.0
1,1,,0.0,1.0
1,1,,0.0,1.0
1,1,,0.0,1.0
1,1,,0.0,1.0
1,1,,0.0,1.0
1,1,,0.0,1.0
1,1,,0.0,1.0
1,1,,0.0,1.0
1,1,,0.0,1.0
1,1,,0.0,1.0
1,1,,0.0,1.0
1,1,,0.0,1.0
1,1,,0.0,1.0
1,1,,0.0,1.0
1,1,,0.0,1.0
1,1,,0.0,1.0
1,1,,0.0,1.0
1,1,,0.0,1.0
1,1,,0.0,1.0
1,1,,0.0,1.0
1,1,,0.0,1.0
1,1,,0.0,1.0
1,1,,0.0,1.0
1,1,,0.0,1.0
1,1,,0.0,1.0
1,1,,0.0,1.0
1,1,,0.0,1.0
1,1,,0.0,1.0
1,1,,0.0,1.0
1,1,,0.0,1.0
1,1,,0.0,1.0
1,1,,0.0,1.0
1,1,,0.0,1.0
1,1,,0.0,1.0
1,1,,0.0,1.0
1,1,,0.0,1.0
1,1,,0.0,1.0
1,1,,0.0,1.0
1,1,,0.0,1.0
1,1,,0.0,1.0
1,1,,0.0,1.0
1,1,,0.0,1.0
1,1,,0.0,1.0
1,1,,0.0,1.0
1,1,,0.0,1.0
1,1,,0.0,1.0
1,1,,0.0,1.0
1,1,,0.0,1.0
1,1,,0.0,1.0
1,1,,0.0,1.0
1,1,,0.0,1.0
1,1,,0.0,1.0
1,1,,0.0,1.0
1,1,,0.0,1.0
1,1,,0.0,1.0
1,1,,0.0,1.0
1,1,,0.0,1.0
1,1,,0.0,1.0
1,1,,0.0,1.0
1,1,,0.0,1.0
1,1,,0.0,1.0
1,1,,0.0,1.0
1,1,,0.0,1.0
1,1,,0.0,1.0
1,1,,0.0,1.0
1,1,,0.0,1.0
1,1,,0.0,1.0
1,1,,0.0,1.0
1,1,,0.0,1.0
1,1,,0.0,1.0
1,1,,0.0,1.0
1,1,,0.0,1.0
1,1,,0.0,1.0
1,1,,0.0,1.0
1,1,,0.0,1.0
1,1,,0.0,1.0
1,1,,0.0,1.0
1,1,,0.0,1.0
1,1,,0.0,1.0
1,1,,0.0,1.0
1,1,,0.0,1.0
1,1,,0.0,1.0
1,1,,0.0,1.0
1,1,,0.0,1.0
1,1,,0.0,1.0
1,1,,0.0,1.0
1,1,,0.0,1.0
1,1,,0.0,1.0
1,1,,0.0,1.0
1,1,,0.0,1.0
1,1,,0.0,1.0
1,1,,0.0,1.0
1,1,,0.0,1.0
1,1,,0.0,1.0
1,1,,0.0,1.0
1,1,,0.0,1.0
1,1,,0.0,1.0
1,1,,0.0,1.0
1,1,,0.0,1.0
1,1,,0.0,1.0
1,1,,0.0,1.0
1,1,,0.0,1.0
1,1,,0.0,1.0
1,1,,0.0,1.0
1,1,,0.0,1.0
1,1,,0.0,1.0
1,1,,0.0,1.0
1,1,,0.0,1.0
1,1,,0.0,1.0
1,1,,0.0,1.0
1,1,,0.0,1.0
1,1,,0.0,1.0
1,1,,0.0,1.0
1,1,,0.0,1.0
1,1,,0.0,1.0
1,1,,0.0,1.0
1,1,,0.0,1.0
1,1,,0.0,1.0
1,1,,0.0,1.0
1,1,,0.0,1.0
1,1,,0.0,1.0
1,1,,0.0,1.0
1,1,,0.0,1.0
1,1,,0.0,1.0
1,1,,0.0,1.0
1,1,,0.0,1.0
1,1,,0.0,1.0
1,1,,0.0,1.0
1,1,,0.0,1.0
1,1,,0.0,1.0
1,1,,0.0,1.0
1,1,,0.0,1.0
1,1,,0.0,1.0
1,1,,0.0,1.0
1,1,,0.0,1.0
1,1,,0.0,1.0
1,1,,0.0,1.0
1,1,,0.0,1.0
1,1,,0.0,1.0
1,1,,0.0,1.0
1,1,,0.0,1.0
1,1,,0.0,1.0
1,1,,0.0,1.0
1,1,,0.0,1.0
1,1,,0.0,1.0
1,1,,0.0,1.0
1,1,,0.0,1.0
1,1,,0.0,1.0
1,1,,0.0,1.0
1,1,,0.0,1.0
1,1,,0.0,1.0
1,1,,0.0,1.0
1,1,,0.0,1.0
1,1,,0.0,1.0
1,1,,0.0,1.0
1,1,,0.0,1.0
1,1,,0.0,1.0
1,1,,0.0,1.0
1,1,,0.0,1.0
1,1,,0.0,1.0
1,1,,0.0,1.0
1,1,,0.0,1.0
1,1,,0.0,1.0
1,1,,0.0,1.0
1,1,,0.0,1.0
1,1,,0.0,1.0
1,1,,0.0,1.0
1,1,,0.0,1.0
1,1,,0.0,1.0
1,1,,0.0,1.0
1,1,,0.0,1.0
1,1,,0.0,1.0
1,1,,0.0,1.0
1,1,,0.0,1.0
1,1,,0.0,1.0
1,1,,0.0,1.0
1,1,,0.0,1.0
1,1,,0.0,1.0
1,1,,0.0,1.0
1,1,,0.0,1.0
1,1,,0.0,1.0
1,1,,0.0,1.0
1,1,,0.0,1.0
1,1,,0.0,1.0
1,1,,0.0,1.0
1,1,,0.0,1.0
1,1,,0.0,1.0
1,1,,0.0,1.0
1,1,,0.0,1.0
1,1,,0.0,1.0
1,1,,0.0,1.0
1,1,,0.0,1.0
1,1,,0.0,1.0
1,1,,0.0,1.0
1,1,,0.0,1.0
1,1,,0.0,1.0
1,1,,0.0,1.0
1,1,,0.0,1.0
1,1,,0.0,1.0
1,1,,0.0,1.0
1,1,,0.0,1.0
1,1,,0.0,1.0
1,1,,0.0,1.0
1,1,,0.0,1.0
1,1,,0.0,1.0
1,1,,0.0,1.0
1,1,,0.0,1.0
1,1,,0.0,1.0
1,1,,0.0,1.0
1,1,,0.0,1.0
1,1,,0.0,1.0
1,1,,0.0,1.0
1,1,,0.0,1.0
1,1,,0.0,1.0
1,1,,0.0,1.0
1,1,,0.0,1.0
1,1,,0.0,1.0
1,1,,0.0,1.0
1,1,,0.0,1.0
1,1,,0.0,1.0
1,1,,0.0,1.0
1,1,,0.015,0.985
1,1,,0.0,1.0
1,1,,0.0,1.0
1,1,,0.0,1.0
1,1,,0.0,1.0
1,1,,0.0,1.0
1,1,,0.0,1.0
1,1,,0.0,1.0
1,1,,0.0,1.0
1,1,,0.0,1.0
1,1,,0.0,1.0
1,1,,0.0,1.0
1,1,,0.0,1.0
1,1,,0.0,1.0
1,1,,0.0,1.0
1,1,,0.0,1.0
1,1,,0.0,1.0
1,1,,0.0,1.0
1,1,,0.0,1.0
1,1,,0.0,1.0
1,1,,0.0,1.0
1,1,,0.0,1.0
1,1,,0.0,1.0
1,1,,0.0,1.0
1,1,,0.0,1.0
1,1,,0.0,1.0
1,1,,0.0,1.0
1,1,,0.0,1.0
1,1,,0.0,1.0
1,1,,0.0,1.0
1,1,,0.0,1.0
1,1,,0.0,1.0
1,1,,0.0,1.0
1,1,,0.0,1.0
1,1,,0.0,1.0
1,1,,0.0,1.0
1,1,,0.0,1.0
1,1,,0.0,1.0
1,1,,0.0,1.0
1,1,,0.0,1.0
1,1,,0.0,1.0
1,1,,0.0,1.0
1,1,,0.0,1.0
1,1,,0.0,1.0
1,1,,0.0,1.0
1,1,,0.0,1.0
1,1,,0.0,1.0
1,1,,0.0,1.0
1,1,,0.0,1.0
1,1,,0.0,1.0
1,1,,0.0,1.0
1,1,,0.0,1.0
1,1,,0.0,1.0
1,1,,0.0,1.0
1,1,,0.0,1.0
1,1,,0.0,1.0
1,1,,0.0,1.0
1,1,,0.0,1.0
1,1,,0.0,1.0
1,1,,0.0,1.0
1,1,,0.0,1.0
1,1,,0.0,1.0
1,1,,0.0,1.0
1,1,,0.0,1.0
1,1,,0.0,1.0
1,1,,0.0,1.0
1,1,,0.0,1.0
1,1,,0.0,1.0
1,1,,0.0,1.0
1,1,,0.0,1.0
1,1,,0.0,1.0
1,1,,0.0,1.0
1,1,,0.0,1.0
1,1,,0.0,1.0
1,1,,0.0,1.0
1,1,,0.0,1.0
1,1,,0.0,1.0
1,1,,0.0,1.0
1,1,,0.0,1.0
1,1,,0.0,1.0
1,1,,0.0,1.0
1,1,,0.0,1.0
1,1,,0.0,1.0
1,1,,0.0,1.0
1,1,,0.0,1.0
1,1,,0.0,1.0
1,1,,0.0,1.0
1,1,,0.0,1.0
1,1,,0.0,1.0
1,1,,0.0,1.0
1,1,,0.0,1.0
1,1,,0.0,1.0
1,1,,0.0,1.0
1,1,,0.0,1.0
1,1,,0.0,1.0
1,1,,0.0,1.0
1,1,,0.0,1.0
1,1,,0.0,1.0
1,1,,0.0,1.0
1,1,,0.0,1.0
1,1,,0.0,1.0
1,1,,0.0,1.0
1,1,,0.0,1.0
1,1,,0.0,1.0
1,1,,0.0,1.0
1,1,,0.0,1.0
1,1,,0.0,1.0
1,1,,0.0,1.0
1,1,,0.0,1.0
1,1,,0.0,1.0
1,1,,0.0,1.0
1,1,,0.0,1.0
1,1,,0.0,1.0
1,1,,0.0,1.0
1,1,,0.0,1.0
1,1,,0.0,1.0
1,1,,0.0,1.0
1,1,,0.0,1.0
1,1,,0.0,1.0
1,1,,0.0,1.0
1,1,,0.0,1.0
1,1,,0.0,1.0
1,1,,0.0,1.0
1,1,,0.0,1.0
1,1,,0.0,1.0
1,1,,0.0,1.0
1,1,,0.0,1.0
1,1,,0.0,1.0
1,1,,0.0,1.0
1,1,,0.0,1.0
1,1,,0.0,1.0
1,1,,0.0,1.0
1,1,,0.0,1.0
1,1,,0.0,1.0
1,1,,0.0,1.0
1,1,,0.0,1.0
1,1,,0.0,1.0
1,1,,0.0,1.0
1,1,,0.0,1.0
1,1,,0.0,1.0
1,1,,0.0,1.0
1,1,,0.0,1.0
1,1,,0.0,1.0
1,1,,0.0,1.0
1,1,,0.0,1.0
1,1,,0.0,1.0
1,1,,0.0,1.0
1,1,,0.0,1.0
1,1,,0.0,1.0
1,1,,0.0,1.0
1,1,,0.0,1.0
1,1,,0.0,1.0
1,1,,0.0,1.0
1,1,,0.0,1.0
1,1,,0.0,1.0
1,1,,0.0,1.0
1,1,,0.0,1.0
1,1,,0.0,1.0
1,1,,0.0,1.0
1,1,,0.0,1.0
1,1,,0.0,1.0
1,1,,0.0,1.0
1,1,,0.0,1.0
1,1,,0.0,1.0
1,1,,0.0,1.0
1,1,,0.0,1.0
1,1,,0.0,1.0
1,1,,0.0,1.0
1,1,,0.0,1.0
1,1,,0.0,1.0
1,1,,0.0,1.0
1,1,,0.0,1.0
1,1,,0.0,1.0
1,1,,0.0,1.0
1,1,,0.0,1.0
1,1,,0.0,1.0
1,1,,0.0,1.0
1,1,,0.0,1.0
1,1,,0.0,1.0
1,1,,0.0,1.0
1,1,,0.0,1.0
1,1,,0.0,1.0
1,1,,0.0,1.0
1,1,,0.0,1.0
1,1,,0.0,1.0
1,1,,0.0,1.0
1,1,,0.0,1.0
1,1,,0.0,1.0
1,1,,0.0,1.0
1,1,,0.0,1.0
1,1,,0.0,1.0
1,1,,0.0,1.0
1,1,,0.0,1.0
1,1,,0.0,1.0
1,1,,0.0,1.0
1,1,,0.0,1.0
1,1,,0.0,1.0
1,1,,0.0,1.0
1,1,,0.0,1.0
1,1,,0.0,1.0
1,1,,0.0,1.0
1,1,,0.0,1.0
1,1,,0.0,1.0
1,1,,0.0,1.0
1,1,,0.0,1.0
1,1,,0.0,1.0
1,1,,0.0,1.0
1,1,,0.0,1.0
1,1,,0.0,1.0
1,1,,0.045,0.955
1,1,,0.0,1.0
1,1,,0.0,1.0
1,1,,0.0,1.0
1,1,,0.0,1.0
1,1,,0.0,1.0
1,1,,0.0,1.0
1,1,,0.0,1.0
1,1,,0.0,1.0
1,1,,0.0,1.0
1,1,,0.0,1.0
1,1,,0.0,1.0
1,1,,0.0,1.0
1,1,,0.0,1.0
1,1,,0.0,1.0
1,1,,0.0,1.0
1,1,,0.0,1.0
1,1,,0.0,1.0
1,1,,0.0,1.0
1,1,,0.0,1.0
1,1,,0.0,1.0
1,1,,0.0,1.0
1,1,,0.0,1.0
1,1,,0.0,1.0
1,1,,0.0,1.0
1,1,,0.0,1.0
1,1,,0.0,1.0
1,1,,0.0,1.0
1,1,,0.0,1.0
1,1,,0.0,1.0
1,1,,0.0,1.0
1,1,,0.0,1.0
1,1,,0.0,1.0
1,1,,0.0,1.0
1,1,,0.0,1.0
1,1,,0.0,1.0
1,1,,0.0,1.0
1,1,,0.0,1.0
1,1,,0.0,1.0
1,1,,0.0,1.0
1,1,,0.0,1.0
1,1,,0.0,1.0
1,1,,0.0,1.0
1,1,,0.0,1.0
1,1,,0.0,1.0
1,1,,0.0,1.0
1,1,,0.0,1.0
1,1,,0.0,1.0
1,1,,0.0,1.0
1,1,,0.0,1.0
1,1,,0.0,1.0
1,1,,0.0,1.0
1,1,,0.0,1.0
1,1,,0.0,1.0
1,1,,0.0,1.0
1,1,,0.0,1.0
1,1,,0.0,1.0
1,1,,0.0,1.0
1,1,,0.0,1.0
1,1,,0.0,1.0
1,1,,0.0,1.0
1,1,,0.0,1.0
1,1,,0.0,1.0
1,1,,0.0,1.0
1,1,,0.0,1.0
1,1,,0.0,1.0
1,1,,0.0,1.0
1,1,,0.0,1.0
1,1,,0.0,1.0
1,1,,0.0,1.0
1,1,,0.0,1.0
1,1,,0.0,1.0
1,1,,0.0,1.0
1,1,,0.0,1.0
1,1,,0.0,1.0
1,1,,0.0,1.0
1,1,,0.0,1.0
1,1,,0.0,1.0
1,1,,0.0,1.0
1,1,,0.0,1.0
1,1,,0.0,1.0
1,1,,0.0,1.0
1,1,,0.0,1.0
1,1,,0.0,1.0
1,1,,0.0,1.0
1,1,,0.0,1.0
1,1,,0.0,1.0
1,1,,0.0,1.0
1,1,,0.0,1.0
1,1,,0.0,1.0
1,1,,0.0,1.0
1,1,,0.0,1.0
1,1,,0.0,1.0
1,1,,0.0,1.0
1,1,,0.0,1.0
1,1,,0.0,1.0
1,1,,0.0,1.0
1,1,,0.0,1.0
1,1,,0.0,1.0
1,1,,0.0,1.0
1,1,,0.0,1.0
1,1,,0.0,1.0
1,1,,0.0,1.0
1,1,,0.0,1.0
1,1,,0.0,1.0
1,1,,0.0,1.0
1,1,,0.0,1.0
1,1,,0.0,1.0
1,1,,0.0,1.0
1,1,,0.0,1.0
1,1,,0.0,1.0
1,1,,0.0,1.0
1,1,,0.0,1.0
1,1,,0.0,1.0
1,1,,0.0,1.0
1,1,,0.0,1.0
1,1,,0.0,1.0
1,1,,0.0,1.0
1,1,,0.0,1.0
1,1,,0.0,1.0
1,1,,0.0,1.0
1,1,,0.0,1.0
1,1,,0.0,1.0
1,1,,0.0,1.0
1,1,,0.0,1.0
1,1,,0.0,1.0
1,1,,0.0,1.0
1,1,,0.0,1.0
1,1,,0.0,1.0
1,1,,0.0,1.0
1,1,,0.0,1.0
1,1,,0.0,1.0
1,1,,0.0,1.0
1,1,,0.0,1.0
1,1,,0.0,1.0
1,1,,0.0,1.0
1,1,,0.0,1.0
1,1,,0.0,1.0
1,1,,0.0,1.0
1,1,,0.0,1.0
1,1,,0.0,1.0
1,1,,0.0,1.0
1,1,,0.0,1.0
1,1,,0.0,1.0
1,1,,0.0,1.0
1,1,,0.0,1.0
1,1,,0.0,1.0
1,1,,0.0,1.0
1,1,,0.0,1.0
1,1,,0.0,1.0
1,1,,0.0,1.0
1,1,,0.0,1.0
1,1,,0.0,1.0
1,1,,0.0,1.0
1,1,,0.0,1.0
1,1,,0.0,1.0
1,1,,0.0,1.0
1,1,,0.0,1.0
1,1,,0.0,1.0
1,1,,0.0,1.0
1,1,,0.0,1.0
1,1,,0.0,1.0
1,1,,0.0,1.0
1,1,,0.0,1.0
1,1,,0.0,1.0
1,1,,0.0,1.0
1,1,,0.0,1.0
1,1,,0.0,1.0
1,1,,0.0,1.0
1,1,,0.0,1.0
1,1,,0.0,1.0
1,1,,0.0,1.0
1,1,,0.0,1.0
1,1,,0.0,1.0
1,1,,0.0,1.0
1,1,,0.0,1.0
1,1,,0.0,1.0
1,1,,0.0,1.0
1,1,,0.0,1.0
1,1,,0.0,1.0
1,1,,0.0,1.0
1,1,,0.0,1.0
1,1,,0.0,1.0
1,1,,0.0,1.0
1,1,,0.0,1.0
1,1,,0.0,1.0
1,1,,0.0,1.0
1,1,,0.0,1.0
1,1,,0.0,1.0
1,1,,0.0,1.0
1,1,,0.0,1.0
1,1,,0.0,1.0
1,1,,0.0,1.0
1,1,,0.0,1.0
1,1,,0.0,1.0
1,1,,0.0,1.0
1,1,,0.0,1.0
1,1,,0.0,1.0
1,1,,0.0,1.0
1,1,,0.0,1.0
1,1,,0.0,1.0
1,1,,0.0,1.0
1,1,,0.0,1.0
1,1,,0.0,1.0
1,1,,0.0,1.0
1,1,,0.0,1.0
1,1,,0.0,1.0
1,1,,0.0,1.0
1,1,,0.0,1.0
1,1,,0.0,1.0
1,1,,0.0,1.0
1,1,,0.0,1.0
1,1,,0.0,1.0
1,1,,0.0,1.0
1,1,,0.0,1.0
1,1,,0.0,1.0
1,1,,0.0,1.0
1,1,,0.0,1.0
1,1,,0.0,1.0
1,1,,0.0,1.0
1,1,,0.0,1.0
1,1,,0.0,1.0
1,1,,0.0,1.0
1,1,,0.0,1.0
1,1,,0.0,1.0
1,1,,0.0,1.0
1,1,,0.0,1.0
1,1,,0.0,1.0
1,1,,0.0,1.0
1,1,,0.0,1.0
1,1,,0.0,1.0
1,1,,0.0,1.0
1,1,,0.0,1.0
1,1,,0.0,1.0
1,1,,0.0,1.0
1,1,,0.0,1.0
1,1,,0.0,1.0
1,1,,0.0,1.0
1,1,,0.0,1.0
1,1,,0.0,1.0
1,1,,0.0,1.0
1,1,,0.0,1.0
1,1,,0.0,1.0
1,1,,0.0,1.0
1,1,,0.0,1.0
1,1,,0.0,1.0
1,1,,0.0,1.0
1,1,,0.0,1.0
1,1,,0.0,1.0
1,1,,0.0,1.0
1,1,,0.0,1.0
1,1,,0.0,1.0
1,1,,0.0,1.0
1,1,,0.0,1.0
1,1,,0.0,1.0
1,1,,0.0,1.0
1,1,,0.0,1.0
1,1,,0.0,1.0
1,1,,0.0,1.0
1,1,,0.0,1.0
1,1,,0.0,1.0
1,1,,0.0,1.0
1,1,,0.0,1.0
1,1,,0.0,1.0
1,1,,0.0,1.0
1,1,,0.0,1.0
1,1,,0.0,1.0
1,1,,0.0,1.0
1,1,,0.0,1.0
1,1,,0.0,1.0
1,1,,0.0,1.0
1,1,,0.0,1.0
1,1,,0.0,1.0
1,1,,0.0,1.0
1,1,,0.0,1.0
1,1,,0.0,1.0
1,1,,0.0,1.0
1,1,,0.0,1.0
1,1,,0.0,1.0
1,1,,0.0,1.0
1,1,,0.0,1.0
1,1,,0.0,1.0
1,1,,0.0,1.0
1,1,,0.0,1.0
1,1,,0.0,1.0
1,1,,0.0,1.0
1,1,,0.0,1.0
1,1,,0.0,1.0
1,1,,0.0,1.0
1,1,,0.0,1.0
1,1,,0.0,1.0
1,1,,0.0,1.0
1,1,,0.0,1.0
1,1,,0.0,1.0
1,1,,0.0,1.0
1,1,,0.0,1.0
1,1,,0.0,1.0
1,1,,0.0,1.0
1,1,,0.0,1.0
1,1,,0.0,1.0
1,1,,0.0,1.0
1,1,,0.0,1.0
1,1,,0.0,1.0
1,1,,0.0,1.0
1,1,,0.0,1.0
1,1,,0.0,1.0
1,1,,0.0,1.0
1,1,,0.0,1.0
1,1,,0.0,1.0
1,1,,0.0,1.0
1,1,,0.0,1.0
1,1,,0.0,1.0
1,1,,0.0,1.0
1,1,,0.0,1.0
1,1,,0.0,1.0
1,1,,0.0,1.0
1,1,,0.0,1.0
1,1,,0.0,1.0
1,1,,0.0,1.0
1,1,,0.0,1.0
1,1,,0.0,1.0
1,1,,0.0,1.0
1,1,,0.0,1.0
1,1,,0.0,1.0
1,1,,0.0,1.0
1,1,,0.0,1.0
1,1,,0.0,1.0
1,1,,0.0,1.0
1,1,,0.0,1.0
1,1,,0.0,1.0
1,1,,0.0,1.0
1,1,,0.0,1.0
1,1,,0.0,1.0
1,1,,0.0,1.0
1,1,,0.0,1.0
1,1,,0.0,1.0
1,1,,0.0,1.0
1,1,,0.0,1.0
1,1,,0.0,1.0
1,1,,0.0,1.0
1,1,,0.0,1.0
1,1,,0.0,1.0
1,1,,0.0,1.0
1,1,,0.0,1.0
1,1,,0.0,1.0
1,1,,0.0,1.0
1,1,,0.0,1.0
1,1,,0.0,1.0
1,1,,0.0,1.0
1,1,,0.0,1.0
1,1,,0.0,1.0
1,1,,0.0,1.0
1,1,,0.0,1.0
1,1,,0.0,1.0
1,1,,0.0,1.0
1,1,,0.0,1.0
1,1,,0.0,1.0
1,1,,0.0,1.0
1,1,,0.0,1.0
1,1,,0.0,1.0
1,1,,0.0,1.0
1,1,,0.0,1.0
1,1,,0.0,1.0
1,1,,0.0,1.0
1,1,,0.0,1.0
1,1,,0.0,1.0
1,1,,0.0,1.0
1,1,,0.0,1.0
1,1,,0.0,1.0
1,1,,0.0,1.0
1,1,,0.0,1.0
1,1,,0.0,1.0
1,1,,0.0,1.0
1,1,,0.0,1.0
1,1,,0.0,1.0
1,1,,0.0,1.0
1,1,,0.0,1.0
1,1,,0.0,1.0
1,1,,0.0,1.0
1,1,,0.0,1.0
1,1,,0.0,1.0
1,1,,0.0,1.0
1,1,,0.0,1.0
1,1,,0.0,1.0
1,1,,0.0,1.0
1,1,,0.0,1.0
1,1,,0.0,1.0
1,1,,0.0,1.0
1,1,,0.0,1.0
1,1,,0.0,1.0
1,1,,0.0,1.0
1,1,,0.0,1.0
1,1,,0.0,1.0
1,1,,0.0,1.0
1,1,,0.0,1.0
1,1,,0.0,1.0
1,1,,0.0,1.0
1,1,,0.0,1.0
1,1,,0.0,1.0
1,1,,0.0,1.0
1,1,,0.0,1.0
1,1,,0.0,1.0
1,1,,0.0,1.0
1,1,,0.0,1.0
1,1,,0.0,1.0
1,1,,0.0,1.0
1,1,,0.0,1.0
1,1,,0.0,1.0
1,1,,0.0,1.0
1,1,,0.0,1.0
1,1,,0.0,1.0
1,1,,0.0,1.0
1,1,,0.0,1.0
1,1,,0.0,1.0
1,1,,0.0,1.0
1,1,,0.0,1.0
1,1,,0.0,1.0
1,1,,0.0,1.0
1,1,,0.0,1.0
1,1,,0.0,1.0
1,1,,0.0,1.0
1,1,,0.0,1.0
1,1,,0.0,1.0
1,1,,0.0,1.0
1,1,,0.0,1.0
1,1,,0.005,0.995
1,1,,0.0,1.0
1,1,,0.0,1.0
1,1,,0.0,1.0
1,1,,0.0,1.0
1,1,,0.0,1.0
1,1,,0.0,1.0
1,1,,0.0,1.0
1,1,,0.0,1.0
1,1,,0.0,1.0
1,1,,0.0,1.0
1,1,,0.0,1.0
1,1,,0.0,1.0
1,1,,0.0,1.0
1,1,,0.0,1.0
1,1,,0.0,1.0
1,1,,0.0,1.0
1,1,,0.0,1.0
1,1,,0.0,1.0
1,1,,0.0,1.0
1,1,,0.0,1.0
1,1,,0.0,1.0
1,1,,0.0,1.0
1,1,,0.0,1.0
1,1,,0.0,1.0
1,1,,0.0,1.0
1,1,,0.0,1.0
1,1,,0.0,1.0
1,1,,0.0,1.0
1,1,,0.0,1.0
1,1,,0.0,1.0
1,1,,0.0,1.0
1,1,,0.0,1.0
1,1,,0.0,1.0
1,1,,0.0,1.0
1,1,,0.0,1.0
1,1,,0.0,1.0
1,1,,0.0,1.0
1,1,,0.0,1.0
1,1,,0.0,1.0
1,1,,0.0,1.0
1,1,,0.0,1.0
1,1,,0.0,1.0
1,1,,0.0,1.0
1,1,,0.0,1.0
1,1,,0.0,1.0
1,1,,0.0,1.0
1,1,,0.0,1.0
1,1,,0.0,1.0
1,1,,0.0,1.0
1,1,,0.0,1.0
1,1,,0.0,1.0
1,1,,0.0,1.0
1,1,,0.0,1.0
1,1,,0.0,1.0
1,1,,0.0,1.0
1,1,,0.0,1.0
1,1,,0.0,1.0
1,1,,0.0,1.0
1,1,,0.0,1.0
1,1,,0.0,1.0
1,1,,0.0,1.0
1,1,,0.0,1.0
1,1,,0.0,1.0
1,1,,0.0,1.0
1,1,,0.0,1.0
1,1,,0.0,1.0
1,1,,0.0,1.0
1,1,,0.0,1.0
1,1,,0.0,1.0
1,1,,0.0,1.0
1,1,,0.0,1.0
1,1,,0.0,1.0
1,1,,0.0,1.0
1,1,,0.0,1.0
1,1,,0.0,1.0
1,1,,0.0,1.0
1,1,,0.0,1.0
1,1,,0.0,1.0
1,1,,0.0,1.0
1,1,,0.0,1.0
1,1,,0.0,1.0
1,1,,0.0,1.0
1,1,,0.0,1.0
1,1,,0.0,1.0
1,1,,0.0,1.0
1,1,,0.0,1.0
1,1,,0.0,1.0
1,1,,0.0,1.0
1,1,,0.0,1.0
1,1,,0.0,1.0
1,1,,0.0,1.0
1,1,,0.0,1.0
1,1,,0.0,1.0
1,1,,0.0,1.0
1,1,,0.0,1.0
1,1,,0.0,1.0
1,1,,0.0,1.0
1,1,,0.0,1.0
1,1,,0.0,1.0
1,1,,0.0,1.0
1,1,,0.0,1.0
1,1,,0.0,1.0
1,1,,0.0,1.0
1,1,,0.0,1.0
1,1,,0.0,1.0
1,1,,0.0,1.0
1,1,,0.0,1.0
1,1,,0.0,1.0
1,1,,0.0,1.0
1,1,,0.0,1.0
1,1,,0.0,1.0
1,1,,0.0,1.0
1,1,,0.0,1.0
1,1,,0.0,1.0
1,1,,0.0,1.0
1,1,,0.0,1.0
1,1,,0.0,1.0
1,1,,0.0,1.0
1,1,,0.0,1.0
1,1,,0.0,1.0
1,1,,0.0,1.0
1,1,,0.0,1.0
1,1,,0.0,1.0
1,1,,0.0,1.0
1,1,,0.0,1.0
1,1,,0.0,1.0
1,1,,0.0,1.0
1,1,,0.0,1.0
1,1,,0.0,1.0
1,1,,0.0,1.0
1,1,,0.0,1.0
1,1,,0.0,1.0
1,1,,0.0,1.0
1,1,,0.0,1.0
1,1,,0.0,1.0
1,1,,0.0,1.0
1,1,,0.0,1.0
1,1,,0.0,1.0
1,1,,0.0,1.0
1,1,,0.0,1.0
1,1,,0.0,1.0
1,1,,0.0,1.0
1,1,,0.0,1.0
1,1,,0.0,1.0
1,1,,0.0,1.0
1,1,,0.0,1.0
1,1,,0.0,1.0
1,1,,0.0,1.0
1,1,,0.0,1.0
1,1,,0.0,1.0
1,1,,0.0,1.0
1,1,,0.0,1.0
1,1,,0.0,1.0
1,1,,0.0,1.0
1,1,,0.0,1.0
1,1,,0.0,1.0
1,1,,0.0,1.0
1,1,,0.0,1.0
1,1,,0.0,1.0
1,1,,0.0,1.0
1,1,,0.0,1.0
1,1,,0.0,1.0
1,1,,0.0,1.0
1,1,,0.0,1.0
1,1,,0.005,0.995
1,1,,0.0,1.0
1,1,,0.0,1.0
1,1,,0.0,1.0
1,1,,0.0,1.0
1,1,,0.0,1.0
1,1,,0.0,1.0
1,1,,0.0,1.0
1,1,,0.0,1.0
1,1,,0.0,1.0
1,1,,0.0,1.0
1,1,,0.0,1.0
1,1,,0.0,1.0
1,1,,0.0,1.0
1,1,,0.0,1.0
1,1,,0.0,1.0
1,1,,0.0,1.0
1,1,,0.0,1.0
1,1,,0.0,1.0
1,1,,0.0,1.0
1,1,,0.0,1.0
1,1,,0.0,1.0
1,1,,0.0,1.0
1,1,,0.0,1.0
1,1,,0.0,1.0
1,1,,0.0,1.0
1,1,,0.0,1.0
1,1,,0.0,1.0
1,1,,0.0,1.0
1,1,,0.0,1.0
1,1,,0.0,1.0
1,1,,0.0,1.0
1,1,,0.0,1.0
1,1,,0.0,1.0
1,1,,0.0,1.0
1,1,,0.0,1.0
1,1,,0.0,1.0
1,1,,0.0,1.0
1,1,,0.0,1.0
1,1,,0.0,1.0
1,1,,0.0,1.0
1,1,,0.0,1.0
1,1,,0.0,1.0
1,1,,0.0,1.0
1,1,,0.0,1.0
1,1,,0.0,1.0
1,1,,0.0,1.0
1,1,,0.0,1.0
1,1,,0.0,1.0
1,1,,0.0,1.0
1,1,,0.0,1.0
1,1,,0.0,1.0
1,1,,0.0,1.0
1,1,,0.0,1.0
1,1,,0.0,1.0
1,1,,0.0,1.0
1,1,,0.0,1.0
1,1,,0.0,1.0
1,1,,0.0,1.0
1,1,,0.0,1.0
1,1,,0.0,1.0
1,1,,0.0,1.0
1,1,,0.0,1.0
1,1,,0.0,1.0
1,1,,0.0,1.0
1,1,,0.0,1.0
1,1,,0.0,1.0
1,1,,0.0,1.0
1,1,,0.0,1.0
1,1,,0.0,1.0
1,1,,0.0,1.0
1,1,,0.0,1.0
1,1,,0.0,1.0
1,1,,0.0,1.0
1,1,,0.0,1.0
1,1,,0.0,1.0
1,1,,0.0,1.0
1,1,,0.0,1.0
1,1,,0.0,1.0
1,1,,0.0,1.0
1,1,,0.0,1.0
1,1,,0.0,1.0
1,1,,0.0,1.0
1,1,,0.0,1.0
1,1,,0.0,1.0
1,1,,0.0,1.0
1,1,,0.0,1.0
1,1,,0.0,1.0
1,1,,0.0,1.0
1,1,,0.0,1.0
1,1,,0.0,1.0
1,1,,0.0,1.0
1,1,,0.0,1.0
1,1,,0.0,1.0
1,1,,0.0,1.0
1,1,,0.0,1.0
1,1,,0.0,1.0
1,1,,0.0,1.0
1,1,,0.0,1.0
1,1,,0.0,1.0
1,1,,0.0,1.0
1,1,,0.0,1.0
1,1,,0.0,1.0
1,1,,0.0,1.0
1,1,,0.0,1.0
1,1,,0.0,1.0
1,1,,0.0,1.0
1,1,,0.0,1.0
1,1,,0.0,1.0
1,1,,0.0,1.0
1,1,,0.0,1.0
1,1,,0.0,1.0
1,1,,0.0,1.0
1,1,,0.0,1.0
1,1,,0.0,1.0
1,1,,0.0,1.0
1,1,,0.0,1.0
1,1,,0.0,1.0
1,1,,0.0,1.0
1,1,,0.0,1.0
1,1,,0.0,1.0
1,1,,0.0,1.0
1,1,,0.0,1.0
1,1,,0.0,1.0
1,1,,0.0,1.0
1,1,,0.0,1.0
1,1,,0.0,1.0
1,1,,0.0,1.0
1,1,,0.0,1.0
1,1,,0.0,1.0
1,1,,0.0,1.0
1,1,,0.0,1.0
1,1,,0.0,1.0
1,1,,0.0,1.0
1,1,,0.0,1.0
1,1,,0.0,1.0
1,1,,0.0,1.0
1,1,,0.0,1.0
1,1,,0.0,1.0
1,1,,0.0,1.0
1,1,,0.0,1.0
1,1,,0.0,1.0
1,1,,0.0,1.0
1,1,,0.0,1.0
1,1,,0.0,1.0
1,1,,0.0,1.0
1,1,,0.0,1.0
1,1,,0.0,1.0
1,1,,0.0,1.0
1,1,,0.0,1.0
1,1,,0.0,1.0
1,1,,0.0,1.0
1,1,,0.0,1.0
1,1,,0.0,1.0
1,1,,0.0,1.0
1,1,,0.0,1.0
1,1,,0.0,1.0
1,1,,0.0,1.0
1,1,,0.0,1.0
1,1,,0.0,1.0
1,1,,0.0,1.0
1,1,,0.0,1.0
1,1,,0.0,1.0
1,1,,0.0,1.0
1,1,,0.0,1.0
1,1,,0.0,1.0
1,1,,0.0,1.0
1,1,,0.0,1.0
1,1,,0.0,1.0
1,1,,0.0,1.0
1,1,,0.0,1.0
1,1,,0.0,1.0
1,1,,0.0,1.0
1,1,,0.0,1.0
1,1,,0.0,1.0
1,1,,0.0,1.0
1,1,,0.0,1.0
1,1,,0.0,1.0
1,1,,0.0,1.0
1,1,,0.0,1.0
1,1,,0.0,1.0
1,1,,0.0,1.0
1,1,,0.0,1.0
1,1,,0.0,1.0
1,1,,0.0,1.0
1,1,,0.0,1.0
1,1,,0.0,1.0
1,1,,0.0,1.0
1,1,,0.0,1.0
1,1,,0.0,1.0
1,1,,0.0,1.0
1,1,,0.0,1.0
1,1,,0.0,1.0
1,1,,0.0,1.0
1,1,,0.0,1.0
1,1,,0.0,1.0
1,1,,0.0,1.0
1,1,,0.0,1.0
1,1,,0.0,1.0
1,1,,0.0,1.0
1,1,,0.0,1.0
1,1,,0.0,1.0
1,1,,0.0,1.0
1,1,,0.0,1.0
1,1,,0.0,1.0
1,1,,0.0,1.0
1,1,,0.0,1.0
1,1,,0.0,1.0
1,1,,0.0,1.0
1,1,,0.0,1.0
1,1,,0.0,1.0
1,1,,0.0,1.0
1,1,,0.0,1.0
1,1,,0.0,1.0
1,1,,0.0,1.0
1,1,,0.0,1.0
1,1,,0.0,1.0
1,1,,0.0,1.0
1,1,,0.0,1.0
1,1,,0.0,1.0
1,1,,0.0,1.0
1,1,,0.0,1.0
1,1,,0.0,1.0
1,1,,0.0,1.0
1,1,,0.0,1.0
1,1,,0.0,1.0
1,1,,0.0,1.0
1,1,,0.0,1.0
1,1,,0.0,1.0
1,1,,0.0,1.0
1,1,,0.0,1.0
1,1,,0.0,1.0
1,1,,0.0,1.0
1,1,,0.0,1.0
1,1,,0.0,1.0
1,1,,0.0,1.0
1,1,,0.0,1.0
1,1,,0.0,1.0
1,1,,0.0,1.0
1,1,,0.0,1.0
1,1,,0.0,1.0
1,1,,0.0,1.0
1,1,,0.0,1.0
1,1,,0.0,1.0
1,1,,0.005,0.995
1,1,,0.0,1.0
1,1,,0.0,1.0
1,1,,0.0,1.0
1,1,,0.0,1.0
1,1,,0.0,1.0
1,1,,0.0,1.0
1,1,,0.0,1.0
1,1,,0.0,1.0
1,1,,0.0,1.0
1,1,,0.0,1.0
1,1,,0.0,1.0
1,1,,0.0,1.0
1,1,,0.0,1.0
1,1,,0.0,1.0
1,1,,0.0,1.0
1,1,,0.0,1.0
1,1,,0.0,1.0
1,1,,0.0,1.0
1,1,,0.0,1.0
1,1,,0.0,1.0
1,1,,0.0,1.0
1,1,,0.0,1.0
1,1,,0.0,1.0
1,1,,0.0,1.0
1,1,,0.0,1.0
1,1,,0.0,1.0
1,1,,0.0,1.0
1,1,,0.0,1.0
1,1,,0.0,1.0
1,1,,0.08,0.92
1,1,,0.0,1.0
1,1,,0.0,1.0
1,1,,0.0,1.0
1,1,,0.0,1.0
1,1,,0.0,1.0
1,1,,0.0,1.0
1,1,,0.0,1.0
1,1,,0.0,1.0
1,1,,0.0,1.0
1,1,,0.0,1.0
1,1,,0.0,1.0
1,1,,0.0,1.0
1,1,,0.0,1.0
1,1,,0.0,1.0
1,1,,0.0,1.0
1,1,,0.0,1.0
1,1,,0.0,1.0
1,1,,0.0,1.0
1,1,,0.0,1.0
1,1,,0.0,1.0
1,1,,0.0,1.0
1,1,,0.0,1.0
1,1,,0.0,1.0
1,1,,0.0,1.0
1,1,,0.0,1.0
1,1,,0.0,1.0
1,1,,0.0,1.0
1,1,,0.0,1.0
1,1,,0.0,1.0
1,1,,0.0,1.0
1,1,,0.0,1.0
1,1,,0.0,1.0
1,1,,0.0,1.0
1,1,,0.0,1.0
1,1,,0.0,1.0
1,1,,0.0,1.0
1,1,,0.0,1.0
1,1,,0.0,1.0
1,1,,0.0,1.0
1,1,,0.0,1.0
1,1,,0.0,1.0
1,1,,0.0,1.0
1,1,,0.0,1.0
1,1,,0.0,1.0
1,1,,0.0,1.0
1,1,,0.0,1.0
1,1,,0.0,1.0
1,1,,0.0,1.0
1,1,,0.0,1.0
1,1,,0.0,1.0
1,1,,0.0,1.0
1,1,,0.0,1.0
1,1,,0.0,1.0
1,1,,0.0,1.0
1,1,,0.0,1.0
1,1,,0.0,1.0
1,1,,0.0,1.0
1,1,,0.0,1.0
1,1,,0.0,1.0
1,1,,0.0,1.0
1,1,,0.0,1.0
1,1,,0.0,1.0
1,1,,0.0,1.0
1,1,,0.0,1.0
1,1,,0.0,1.0
1,1,,0.0,1.0
1,1,,0.0,1.0
1,1,,0.0,1.0
1,1,,0.0,1.0
1,1,,0.0,1.0
1,1,,0.0,1.0
1,1,,0.0,1.0
1,1,,0.0,1.0
1,1,,0.0,1.0
1,1,,0.0,1.0
1,1,,0.0,1.0
1,1,,0.0,1.0
1,1,,0.0,1.0
1,1,,0.0,1.0
1,1,,0.0,1.0
1,1,,0.0,1.0
1,1,,0.0,1.0
1,1,,0.0,1.0
1,1,,0.0,1.0
1,1,,0.0,1.0
1,1,,0.0,1.0
1,1,,0.0,1.0
1,1,,0.0,1.0
1,1,,0.0,1.0
1,1,,0.0,1.0
1,1,,0.0,1.0
1,1,,0.0,1.0
1,1,,0.0,1.0
1,1,,0.0,1.0
1,1,,0.0,1.0
1,1,,0.0,1.0
1,1,,0.0,1.0
1,1,,0.0,1.0
1,1,,0.0,1.0
1,1,,0.0,1.0
1,1,,0.0,1.0
1,1,,0.0,1.0
1,1,,0.0,1.0
1,1,,0.0,1.0
1,1,,0.0,1.0
1,1,,0.0,1.0
1,1,,0.0,1.0
1,1,,0.0,1.0
1,1,,0.0,1.0
1,1,,0.0,1.0
1,1,,0.0,1.0
1,1,,0.0,1.0
1,1,,0.0,1.0
1,1,,0.0,1.0
1,1,,0.0,1.0
1,1,,0.0,1.0
1,1,,0.0,1.0
1,1,,0.0,1.0
1,1,,0.0,1.0
1,1,,0.0,1.0
1,1,,0.0,1.0
1,1,,0.0,1.0
1,1,,0.0,1.0
1,1,,0.0,1.0
1,1,,0.0,1.0
1,1,,0.0,1.0
1,1,,0.0,1.0
1,1,,0.0,1.0
1,1,,0.0,1.0
1,1,,0.0,1.0
1,1,,0.0,1.0
1,1,,0.0,1.0
1,1,,0.0,1.0
1,1,,0.0,1.0
1,1,,0.0,1.0
1,1,,0.0,1.0
1,1,,0.0,1.0
1,1,,0.0,1.0
1,1,,0.0,1.0
1,1,,0.0,1.0
1,1,,0.0,1.0
1,1,,0.0,1.0
1,1,,0.0,1.0
1,1,,0.0,1.0
1,1,,0.0,1.0
1,1,,0.0,1.0
1,1,,0.0,1.0
1,1,,0.0,1.0
1,1,,0.0,1.0
1,1,,0.0,1.0
1,1,,0.0,1.0
1,1,,0.0,1.0
1,1,,0.0,1.0
1,1,,0.0,1.0
1,1,,0.0,1.0
1,1,,0.0,1.0
1,1,,0.0,1.0
1,1,,0.0,1.0
1,1,,0.0,1.0
1,1,,0.0,1.0
1,1,,0.0,1.0
1,1,,0.0,1.0
1,1,,0.0,1.0
1,1,,0.0,1.0
1,1,,0.0,1.0
1,1,,0.0,1.0
1,1,,0.0,1.0
1,1,,0.0,1.0
1,1,,0.0,1.0
1,1,,0.0,1.0
1,1,,0.0,1.0
1,1,,0.0,1.0
1,1,,0.0,1.0
1,1,,0.0,1.0
1,1,,0.0,1.0
1,1,,0.0,1.0
1,1,,0.0,1.0
1,1,,0.0,1.0
1,1,,0.0,1.0
1,1,,0.0,1.0
1,1,,0.0,1.0
1,1,,0.0,1.0
1,1,,0.0,1.0
1,1,,0.0,1.0
1,1,,0.0,1.0
1,1,,0.0,1.0
1,1,,0.0,1.0
1,1,,0.0,1.0
1,1,,0.0,1.0
1,1,,0.0,1.0
1,1,,0.0,1.0
1,1,,0.0,1.0
1,1,,0.0,1.0
1,1,,0.0,1.0
1,1,,0.0,1.0
1,1,,0.0,1.0
1,1,,0.0,1.0
1,1,,0.0,1.0
1,1,,0.0,1.0
1,1,,0.0,1.0
1,1,,0.0,1.0
1,1,,0.0,1.0
1,1,,0.0,1.0
1,1,,0.0,1.0
1,1,,0.0,1.0
1,1,,0.0,1.0
1,1,,0.0,1.0
1,1,,0.0,1.0
1,1,,0.0,1.0
1,1,,0.0,1.0
1,1,,0.0,1.0
1,1,,0.0,1.0
1,1,,0.0,1.0
1,1,,0.0,1.0
1,1,,0.0,1.0
1,1,,0.0,1.0
1,1,,0.0,1.0
1,1,,0.0,1.0
1,1,,0.0,1.0
1,1,,0.0,1.0
1,1,,0.0,1.0
1,1,,0.0,1.0
1,1,,0.0,1.0
1,1,,0.0,1.0
1,1,,0.0,1.0
1,1,,0.0,1.0
1,1,,0.0,1.0
1,1,,0.0,1.0
1,1,,0.0,1.0
1,1,,0.0,1.0
1,1,,0.0,1.0
1,1,,0.0,1.0
1,1,,0.0,1.0
1,1,,0.0,1.0
1,1,,0.0,1.0
1,1,,0.0,1.0
1,1,,0.0,1.0
1,1,,0.0,1.0
1,1,,0.0,1.0
1,1,,0.0,1.0
1,1,,0.0,1.0
1,1,,0.0,1.0
1,1,,0.0,1.0
1,1,,0.0,1.0
1,1,,0.0,1.0
1,1,,0.0,1.0
1,1,,0.0,1.0
1,1,,0.0,1.0
1,1,,0.0,1.0
1,1,,0.0,1.0
1,1,,0.0,1.0
1,1,,0.0,1.0
1,1,,0.0,1.0
1,1,,0.0,1.0
1,1,,0.0,1.0
1,1,,0.0,1.0
1,1,,0.0,1.0
1,1,,0.0,1.0
1,1,,0.0,1.0
1,1,,0.0,1.0
1,1,,0.0,1.0
1,1,,0.0,1.0
1,1,,0.0,1.0
1,1,,0.0,1.0
1,1,,0.0,1.0
1,1,,0.0,1.0
1,1,,0.0,1.0
1,1,,0.0,1.0
1,1,,0.0,1.0
1,1,,0.0,1.0
1,1,,0.0,1.0
1,1,,0.0,1.0
1,1,,0.0,1.0
1,1,,0.0,1.0
1,1,,0.0,1.0
1,1,,0.0,1.0
1,1,,0.0,1.0
1,1,,0.0,1.0
1,1,,0.0,1.0
1,1,,0.0,1.0
1,1,,0.0,1.0
1,1,,0.0,1.0
1,1,,0.0,1.0
1,1,,0.0,1.0
1,1,,0.0,1.0
1,1,,0.0,1.0
1,1,,0.0,1.0
1,1,,0.0,1.0
1,1,,0.0,1.0
1,1,,0.0,1.0
1,1,,0.0,1.0
1,1,,0.0,1.0
1,1,,0.0,1.0
1,1,,0.0,1.0
1,1,,0.0,1.0
1,1,,0.0,1.0
1,1,,0.0,1.0
1,1,,0.0,1.0
1,1,,0.015,0.985
1,1,,0.0,1.0
1,1,,0.0,1.0
1,1,,0.0,1.0
1,1,,0.0,1.0
1,1,,0.0,1.0
1,1,,0.0,1.0
1,1,,0.0,1.0
1,1,,0.0,1.0
1,1,,0.0,1.0
1,1,,0.0,1.0
1,1,,0.0,1.0
1,1,,0.0,1.0
1,1,,0.0,1.0
1,1,,0.0,1.0
1,1,,0.0,1.0
1,1,,0.0,1.0
1,1,,0.0,1.0
1,1,,0.0,1.0
1,1,,0.0,1.0
1,1,,0.0,1.0
1,1,,0.0,1.0
1,1,,0.0,1.0
1,1,,0.0,1.0
1,1,,0.0,1.0
1,1,,0.0,1.0
1,1,,0.0,1.0
1,1,,0.0,1.0
1,1,,0.0,1.0
1,1,,0.0,1.0
1,1,,0.0,1.0
1,1,,0.0,1.0
1,1,,0.0,1.0
1,1,,0.0,1.0
1,1,,0.0,1.0
1,1,,0.0,1.0
1,1,,0.0,1.0
1,1,,0.0,1.0
1,1,,0.0,1.0
1,1,,0.0,1.0
1,1,,0.0,1.0
1,1,,0.0,1.0
1,1,,0.0,1.0
1,1,,0.0,1.0
1,1,,0.0,1.0
1,1,,0.0,1.0
1,1,,0.0,1.0
1,1,,0.0,1.0
1,1,,0.0,1.0
1,1,,0.0,1.0
1,1,,0.0,1.0
1,1,,0.0,1.0
1,1,,0.0,1.0
1,1,,0.0,1.0
1,1,,0.0,1.0
1,1,,0.0,1.0
1,1,,0.0,1.0
1,1,,0.0,1.0
1,1,,0.0,1.0
1,1,,0.0,1.0
1,1,,0.0,1.0
1,1,,0.0,1.0
1,1,,0.0,1.0
1,1,,0.0,1.0
1,1,,0.0,1.0
1,1,,0.0,1.0
1,1,,0.0,1.0
1,1,,0.0,1.0
1,1,,0.0,1.0
1,1,,0.0,1.0
1,1,,0.0,1.0
1,1,,0.0,1.0
1,1,,0.0,1.0
1,1,,0.0,1.0
1,1,,0.0,1.0
1,1,,0.0,1.0
1,1,,0.0,1.0
1,1,,0.0,1.0
1,1,,0.0,1.0
1,1,,0.0,1.0
1,1,,0.0,1.0
1,1,,0.0,1.0
1,1,,0.0,1.0
1,1,,0.0,1.0
1,1,,0.0,1.0
1,1,,0.0,1.0
1,1,,0.0,1.0
1,1,,0.0,1.0
1,1,,0.0,1.0
1,1,,0.0,1.0
1,1,,0.0,1.0
1,1,,0.0,1.0
1,1,,0.0,1.0
1,1,,0.0,1.0
1,1,,0.0,1.0
1,1,,0.0,1.0
1,1,,0.0,1.0
1,1,,0.0,1.0
1,1,,0.0,1.0
1,1,,0.0,1.0
1,1,,0.0,1.0
1,1,,0.0,1.0
1,1,,0.0,1.0
1,1,,0.0,1.0
1,1,,0.0,1.0
1,1,,0.0,1.0
1,1,,0.0,1.0
1,1,,0.0,1.0
1,1,,0.0,1.0
1,1,,0.0,1.0
1,1,,0.0,1.0
1,1,,0.0,1.0
1,1,,0.0,1.0
1,1,,0.0,1.0
1,1,,0.0,1.0
1,1,,0.0,1.0
1,1,,0.0,1.0
1,1,,0.045,0.955
1,1,,0.0,1.0
1,1,,0.0,1.0
1,1,,0.0,1.0
1,1,,0.0,1.0
1,1,,0.0,1.0
1,1,,0.0,1.0
1,1,,0.0,1.0
1,1,,0.0,1.0
1,1,,0.0,1.0
1,1,,0.0,1.0
1,1,,0.0,1.0
1,1,,0.0,1.0
1,1,,0.0,1.0
1,1,,0.0,1.0
1,1,,0.0,1.0
1,1,,0.0,1.0
1,1,,0.0,1.0
1,1,,0.0,1.0
1,1,,0.0,1.0
1,1,,0.0,1.0
1,1,,0.0,1.0
1,1,,0.0,1.0
1,1,,0.0,1.0
1,1,,0.0,1.0
1,1,,0.0,1.0
1,1,,0.0,1.0
1,1,,0.0,1.0
1,1,,0.0,1.0
1,1,,0.0,1.0
1,1,,0.0,1.0
1,1,,0.0,1.0
1,1,,0.0,1.0
1,1,,0.0,1.0
1,1,,0.005,0.995
1,1,,0.0,1.0
1,1,,0.0,1.0
1,1,,0.0,1.0
1,1,,0.0,1.0
1,1,,0.0,1.0
1,1,,0.0,1.0
1,1,,0.0,1.0
1,1,,0.0,1.0
1,1,,0.0,1.0
1,1,,0.0,1.0
1,1,,0.0,1.0
1,1,,0.0,1.0
1,1,,0.0,1.0
1,1,,0.0,1.0
1,1,,0.0,1.0
1,1,,0.0,1.0
1,1,,0.0,1.0
1,1,,0.0,1.0
1,1,,0.0,1.0
1,1,,0.0,1.0
1,1,,0.0,1.0
1,1,,0.0,1.0
1,1,,0.0,1.0
1,1,,0.0,1.0
1,1,,0.0,1.0
1,1,,0.0,1.0
1,1,,0.0,1.0
1,1,,0.0,1.0
1,1,,0.0,1.0
1,1,,0.0,1.0
1,1,,0.0,1.0
1,1,,0.0,1.0
1,1,,0.0,1.0
1,1,,0.0,1.0
1,1,,0.0,1.0
1,1,,0.0,1.0
1,1,,0.0,1.0
1,1,,0.0,1.0
1,1,,0.0,1.0
1,1,,0.0,1.0
1,1,,0.0,1.0
1,1,,0.0,1.0
1,1,,0.0,1.0
1,1,,0.0,1.0
1,1,,0.0,1.0
1,1,,0.0,1.0
1,1,,0.0,1.0
1,1,,0.0,1.0
1,1,,0.0,1.0
1,1,,0.0,1.0
1,1,,0.0,1.0
1,1,,0.0,1.0
1,1,,0.0,1.0
1,1,,0.0,1.0
1,1,,0.005,0.995
1,1,,0.0,1.0
1,1,,0.0,1.0
1,1,,0.0,1.0
1,1,,0.0,1.0
1,1,,0.0,1.0
1,1,,0.0,1.0
1,1,,0.0,1.0
1,1,,0.0,1.0
1,1,,0.0,1.0
1,1,,0.0,1.0
1,1,,0.0,1.0
1,1,,0.0,1.0
1,1,,0.0,1.0
1,1,,0.0,1.0
1,1,,0.0,1.0
1,1,,0.0,1.0
1,1,,0.0,1.0
1,1,,0.0,1.0
1,1,,0.0,1.0
1,1,,0.0,1.0
1,1,,0.0,1.0
1,1,,0.0,1.0
1,1,,0.0,1.0
1,1,,0.0,1.0
1,1,,0.0,1.0
1,1,,0.0,1.0
1,1,,0.0,1.0
1,1,,0.0,1.0
1,1,,0.0,1.0
1,1,,0.0,1.0
1,1,,0.0,1.0
1,1,,0.0,1.0
1,1,,0.0,1.0
1,1,,0.0,1.0
1,1,,0.0,1.0
1,1,,0.0,1.0
1,1,,0.0,1.0
1,1,,0.0,1.0
1,1,,0.0,1.0
1,1,,0.0,1.0
1,1,,0.0,1.0
1,1,,0.0,1.0
1,1,,0.0,1.0
1,1,,0.0,1.0
1,1,,0.0,1.0
1,1,,0.0,1.0
1,1,,0.0,1.0
1,1,,0.0,1.0
1,1,,0.0,1.0
1,1,,0.0,1.0
1,1,,0.0,1.0
1,1,,0.0,1.0
1,1,,0.0,1.0
1,1,,0.0,1.0
1,1,,0.0,1.0
1,1,,0.0,1.0
1,1,,0.0,1.0
1,1,,0.0,1.0
1,1,,0.0,1.0
1,1,,0.0,1.0
1,1,,0.0,1.0
1,1,,0.0,1.0
1,1,,0.0,1.0
1,1,,0.0,1.0
1,1,,0.0,1.0
1,1,,0.0,1.0
1,1,,0.0,1.0
1,1,,0.0,1.0
1,1,,0.0,1.0
1,1,,0.0,1.0
1,1,,0.0,1.0
1,1,,0.0,1.0
1,1,,0.0,1.0
1,1,,0.0,1.0
1,1,,0.0,1.0
1,1,,0.0,1.0
1,1,,0.0,1.0
1,1,,0.0,1.0
1,1,,0.0,1.0
1,1,,0.0,1.0
1,1,,0.0,1.0
1,1,,0.0,1.0
1,1,,0.0,1.0
1,1,,0.0,1.0
1,1,,0.0,1.0
1,1,,0.0,1.0
1,1,,0.0,1.0
1,1,,0.0,1.0
1,1,,0.0,1.0
1,1,,0.0,1.0
1,1,,0.0,1.0
1,1,,0.0,1.0
1,1,,0.0,1.0
1,1,,0.0,1.0
1,1,,0.0,1.0
1,1,,0.0,1.0
1,1,,0.0,1.0
1,1,,0.0,1.0
1,1,,0.0,1.0
1,1,,0.0,1.0
1,1,,0.0,1.0
1,1,,0.0,1.0
1,1,,0.0,1.0
1,1,,0.0,1.0
1,1,,0.0,1.0
1,1,,0.0,1.0
1,1,,0.0,1.0
1,1,,0.0,1.0
1,1,,0.0,1.0
1,1,,0.0,1.0
1,1,,0.0,1.0
1,1,,0.0,1.0
1,1,,0.0,1.0
1,1,,0.0,1.0
1,1,,0.0,1.0
1,1,,0.0,1.0
1,1,,0.0,1.0
1,1,,0.0,1.0
1,1,,0.0,1.0
1,1,,0.0,1.0
1,1,,0.0,1.0
1,1,,0.0,1.0
1,1,,0.0,1.0
1,1,,0.0,1.0
1,1,,0.0,1.0
1,1,,0.0,1.0
1,1,,0.0,1.0
1,1,,0.0,1.0
1,1,,0.0,1.0
1,1,,0.0,1.0
1,1,,0.0,1.0
1,1,,0.0,1.0
1,1,,0.0,1.0
1,1,,0.0,1.0
1,1,,0.0,1.0
1,1,,0.0,1.0
1,1,,0.0,1.0
1,1,,0.0,1.0
1,1,,0.0,1.0
1,1,,0.0,1.0
1,1,,0.0,1.0
1,1,,0.0,1.0
1,1,,0.0,1.0
1,1,,0.0,1.0
1,1,,0.0,1.0
1,1,,0.0,1.0
1,1,,0.0,1.0
1,1,,0.0,1.0
1,1,,0.0,1.0
1,1,,0.0,1.0
1,1,,0.0,1.0
1,1,,0.0,1.0
1,1,,0.0,1.0
1,1,,0.0,1.0
1,1,,0.0,1.0
1,1,,0.0,1.0
1,1,,0.0,1.0
1,1,,0.0,1.0
1,1,,0.09,0.91
1,1,,0.0,1.0
1,1,,0.0,1.0
1,1,,0.0,1.0
1,1,,0.0,1.0
1,1,,0.0,1.0
1,1,,0.0,1.0
1,1,,0.0,1.0
1,1,,0.0,1.0
1,1,,0.0,1.0
1,1,,0.0,1.0
1,1,,0.0,1.0
1,1,,0.0,1.0
1,1,,0.0,1.0
1,1,,0.0,1.0
1,1,,0.0,1.0
1,1,,0.0,1.0
1,1,,0.0,1.0
1,1,,0.0,1.0
1,1,,0.0,1.0
1,1,,0.0,1.0
1,1,,0.0,1.0
1,1,,0.0,1.0
1,1,,0.0,1.0
1,1,,0.0,1.0
1,1,,0.0,1.0
1,1,,0.0,1.0
1,1,,0.0,1.0
1,1,,0.0,1.0
1,1,,0.0,1.0
1,1,,0.0,1.0
1,1,,0.0,1.0
1,1,,0.0,1.0
1,1,,0.0,1.0
1,1,,0.0,1.0
1,1,,0.0,1.0
1,1,,0.0,1.0
1,1,,0.0,1.0
1,1,,0.0,1.0
1,1,,0.0,1.0
1,1,,0.0,1.0
1,1,,0.0,1.0
1,1,,0.0,1.0
1,1,,0.0,1.0
1,1,,0.0,1.0
1,1,,0.0,1.0
1,1,,0.0,1.0
1,1,,0.0,1.0
1,1,,0.0,1.0
1,1,,0.0,1.0
1,1,,0.0,1.0
1,1,,0.0,1.0
1,1,,0.0,1.0
1,1,,0.0,1.0
1,1,,0.0,1.0
1,1,,0.0,1.0
1,1,,0.0,1.0
1,1,,0.0,1.0
1,1,,0.0,1.0
1,1,,0.0,1.0
1,1,,0.0,1.0
1,1,,0.0,1.0
1,1,,0.0,1.0
1,1,,0.0,1.0
1,1,,0.0,1.0
1,1,,0.0,1.0
1,1,,0.0,1.0
1,1,,0.0,1.0
1,1,,0.0,1.0
1,1,,0.0,1.0
1,1,,0.0,1.0
1,1,,0.0,1.0
1,1,,0.0,1.0
1,1,,0.0,1.0
1,1,,0.0,1.0
1,1,,0.0,1.0
1,1,,0.0,1.0
1,1,,0.0,1.0
1,1,,0.0,1.0
1,1,,0.0,1.0
1,1,,0.0,1.0
1,1,,0.0,1.0
1,1,,0.0,1.0
1,1,,0.0,1.0
1,1,,0.0,1.0
1,1,,0.0,1.0
1,1,,0.0,1.0
1,1,,0.0,1.0
1,1,,0.0,1.0
1,1,,0.0,1.0
1,1,,0.005,0.995
1,1,,0.0,1.0
1,1,,0.0,1.0
1,1,,0.0,1.0
1,1,,0.0,1.0
1,1,,0.0,1.0
1,1,,0.0,1.0
1,1,,0.0,1.0
1,1,,0.0,1.0
1,1,,0.0,1.0
1,1,,0.0,1.0
1,1,,0.0,1.0
1,1,,0.0,1.0
1,1,,0.0,1.0
1,1,,0.0,1.0
1,1,,0.0,1.0
1,1,,0.0,1.0
1,1,,0.0,1.0
1,1,,0.0,1.0
1,1,,0.0,1.0
1,1,,0.0,1.0
1,1,,0.0,1.0
1,1,,0.0,1.0
1,1,,0.0,1.0
1,1,,0.0,1.0
1,1,,0.0,1.0
1,1,,0.0,1.0
1,1,,0.0,1.0
1,1,,0.0,1.0
1,1,,0.0,1.0
1,1,,0.0,1.0
1,1,,0.0,1.0
1,1,,0.0,1.0
1,1,,0.0,1.0
1,1,,0.0,1.0
1,1,,0.0,1.0
1,1,,0.0,1.0
1,1,,0.0,1.0
1,1,,0.0,1.0
1,1,,0.0,1.0
1,1,,0.0,1.0
1,1,,0.0,1.0
1,1,,0.0,1.0
1,1,,0.0,1.0
1,1,,0.0,1.0
1,1,,0.0,1.0
1,1,,0.0,1.0
1,1,,0.0,1.0
1,1,,0.0,1.0
1,1,,0.0,1.0
1,1,,0.0,1.0
1,1,,0.0,1.0
1,1,,0.0,1.0
1,1,,0.0,1.0
1,1,,0.0,1.0
1,1,,0.0,1.0
1,1,,0.0,1.0
1,1,,0.0,1.0
1,1,,0.0,1.0
1,1,,0.0,1.0
1,1,,0.0,1.0
1,1,,0.0,1.0
1,1,,0.0,1.0
1,1,,0.0,1.0
1,1,,0.0,1.0
1,1,,0.0,1.0
1,1,,0.0,1.0
1,1,,0.0,1.0
1,1,,0.0,1.0
1,1,,0.0,1.0
1,1,,0.0,1.0
1,1,,0.0,1.0
1,1,,0.0,1.0
1,1,,0.0,1.0
1,1,,0.0,1.0
1,1,,0.005,0.995
1,1,,0.0,1.0
1,1,,0.0,1.0
1,1,,0.0,1.0
1,1,,0.0,1.0
1,1,,0.0,1.0
1,1,,0.0,1.0
1,1,,0.0,1.0
1,1,,0.0,1.0
1,1,,0.0,1.0
1,1,,0.0,1.0
1,1,,0.0,1.0
1,1,,0.0,1.0
1,1,,0.0,1.0
1,1,,0.0,1.0
1,1,,0.0,1.0
1,1,,0.0,1.0
1,1,,0.0,1.0
1,1,,0.0,1.0
1,1,,0.0,1.0
1,1,,0.0,1.0
1,1,,0.0,1.0
1,1,,0.0,1.0
1,1,,0.0,1.0
1,1,,0.0,1.0
1,1,,0.0,1.0
1,1,,0.0,1.0
1,1,,0.0,1.0
1,1,,0.0,1.0
1,1,,0.0,1.0
1,1,,0.0,1.0
1,1,,0.0,1.0
1,1,,0.0,1.0
1,1,,0.0,1.0
1,1,,0.0,1.0
1,1,,0.0,1.0
1,1,,0.0,1.0
1,1,,0.0,1.0
1,1,,0.0,1.0
1,1,,0.0,1.0
1,1,,0.0,1.0
1,1,,0.0,1.0
1,1,,0.0,1.0
1,1,,0.0,1.0
1,1,,0.0,1.0
1,1,,0.0,1.0
1,1,,0.0,1.0
1,1,,0.0,1.0
1,1,,0.0,1.0
1,1,,0.0,1.0
1,1,,0.0,1.0
1,1,,0.0,1.0
1,1,,0.0,1.0
1,1,,0.0,1.0
1,1,,0.0,1.0
1,1,,0.0,1.0
1,1,,0.0,1.0
1,1,,0.0,1.0
1,1,,0.0,1.0
1,1,,0.0,1.0
1,1,,0.0,1.0
1,1,,0.0,1.0
1,1,,0.0,1.0
1,1,,0.0,1.0
1,1,,0.0,1.0
1,1,,0.0,1.0
1,1,,0.0,1.0
1,1,,0.0,1.0
1,1,,0.0,1.0
1,1,,0.0,1.0
1,1,,0.0,1.0
1,1,,0.0,1.0
1,1,,0.0,1.0
1,1,,0.0,1.0
1,1,,0.0,1.0
1,1,,0.0,1.0
1,1,,0.0,1.0
1,1,,0.0,1.0
1,1,,0.0,1.0
1,1,,0.0,1.0
1,1,,0.0,1.0
1,1,,0.0,1.0
1,1,,0.0,1.0
1,1,,0.0,1.0
1,1,,0.0,1.0
1,1,,0.0,1.0
1,1,,0.0,1.0
1,1,,0.0,1.0
1,1,,0.0,1.0
1,1,,0.0,1.0
1,1,,0.0,1.0
1,1,,0.0,1.0
1,1,,0.0,1.0
1,1,,0.0,1.0
1,1,,0.0,1.0
1,1,,0.0,1.0
1,1,,0.0,1.0
1,1,,0.0,1.0
1,1,,0.0,1.0
1,1,,0.0,1.0
1,1,,0.0,1.0
1,1,,0.0,1.0
1,1,,0.0,1.0
1,1,,0.0,1.0
1,1,,0.0,1.0
1,1,,0.0,1.0
1,1,,0.0,1.0
1,1,,0.0,1.0
1,1,,0.0,1.0
1,1,,0.0,1.0
1,1,,0.0,1.0
1,1,,0.0,1.0
1,1,,0.0,1.0
1,1,,0.0,1.0
1,1,,0.0,1.0
1,1,,0.0,1.0
1,1,,0.0,1.0
1,1,,0.0,1.0
1,1,,0.0,1.0
1,1,,0.0,1.0
1,1,,0.0,1.0
1,1,,0.0,1.0
1,1,,0.0,1.0
1,1,,0.0,1.0
1,1,,0.0,1.0
1,1,,0.0,1.0
1,1,,0.0,1.0
1,1,,0.0,1.0
1,1,,0.0,1.0
1,1,,0.0,1.0
1,1,,0.0,1.0
1,1,,0.0,1.0
1,1,,0.0,1.0
1,1,,0.0,1.0
1,1,,0.0,1.0
1,1,,0.0,1.0
1,1,,0.0,1.0
1,1,,0.0,1.0
1,1,,0.0,1.0
1,1,,0.0,1.0
1,1,,0.0,1.0
1,1,,0.0,1.0
1,1,,0.0,1.0
1,1,,0.0,1.0
1,1,,0.0,1.0
1,1,,0.0,1.0
1,1,,0.0,1.0
1,1,,0.0,1.0
1,1,,0.0,1.0
1,1,,0.0,1.0
1,1,,0.0,1.0
1,1,,0.0,1.0
1,1,,0.0,1.0
1,1,,0.0,1.0
1,1,,0.0,1.0
1,1,,0.0,1.0
1,1,,0.0,1.0
1,1,,0.0,1.0
1,1,,0.0,1.0
1,1,,0.0,1.0
1,1,,0.0,1.0
1,1,,0.0,1.0
1,1,,0.0,1.0
1,1,,0.0,1.0
1,1,,0.0,1.0
1,1,,0.005,0.995
1,1,,0.0,1.0
1,1,,0.0,1.0
1,1,,0.0,1.0
1,1,,0.0,1.0
1,1,,0.0,1.0
1,1,,0.0,1.0
1,1,,0.0,1.0
1,1,,0.0,1.0
1,1,,0.0,1.0
1,1,,0.0,1.0
1,1,,0.0,1.0
1,1,,0.0,1.0
1,1,,0.0,1.0
1,1,,0.0,1.0
1,1,,0.0,1.0
1,1,,0.0,1.0
1,1,,0.0,1.0
1,1,,0.0,1.0
1,1,,0.0,1.0
1,1,,0.0,1.0
1,1,,0.0,1.0
1,1,,0.0,1.0
1,1,,0.0,1.0
1,1,,0.0,1.0
1,1,,0.0,1.0
1,1,,0.0,1.0
1,1,,0.0,1.0
1,1,,0.0,1.0
1,1,,0.0,1.0
1,1,,0.0,1.0
1,1,,0.0,1.0
1,1,,0.0,1.0
1,1,,0.0,1.0
1,1,,0.0,1.0
1,1,,0.0,1.0
1,1,,0.0,1.0
1,1,,0.0,1.0
1,1,,0.0,1.0
1,1,,0.0,1.0
1,1,,0.0,1.0
1,1,,0.0,1.0
1,1,,0.0,1.0
1,1,,0.0,1.0
1,1,,0.0,1.0
1,1,,0.0,1.0
1,1,,0.0,1.0
1,1,,0.0,1.0
1,1,,0.0,1.0
1,1,,0.0,1.0
1,1,,0.0,1.0
1,1,,0.0,1.0
1,1,,0.0,1.0
1,1,,0.0,1.0
1,1,,0.0,1.0
1,1,,0.0,1.0
1,1,,0.0,1.0
1,1,,0.0,1.0
1,1,,0.0,1.0
1,1,,0.0,1.0
1,1,,0.0,1.0
1,1,,0.0,1.0
1,1,,0.0,1.0
1,1,,0.0,1.0
1,1,,0.0,1.0
1,1,,0.0,1.0
1,1,,0.0,1.0
1,1,,0.0,1.0
1,1,,0.0,1.0
1,1,,0.0,1.0
1,1,,0.0,1.0
1,1,,0.0,1.0
1,1,,0.0,1.0
1,1,,0.0,1.0
1,1,,0.0,1.0
1,1,,0.0,1.0
1,1,,0.0,1.0
1,1,,0.0,1.0
1,1,,0.0,1.0
1,1,,0.0,1.0
1,1,,0.0,1.0
1,1,,0.0,1.0
1,1,,0.0,1.0
1,1,,0.0,1.0
1,1,,0.0,1.0
1,1,,0.0,1.0
1,1,,0.0,1.0
1,1,,0.0,1.0
1,1,,0.0,1.0
1,1,,0.0,1.0
1,1,,0.0,1.0
1,1,,0.0,1.0
1,1,,0.0,1.0
1,1,,0.0,1.0
1,1,,0.0,1.0
1,1,,0.0,1.0
1,1,,0.0,1.0
1,1,,0.0,1.0
1,1,,0.0,1.0
1,1,,0.0,1.0
1,1,,0.0,1.0
1,1,,0.0,1.0
1,1,,0.0,1.0
1,1,,0.0,1.0
1,1,,0.0,1.0
1,1,,0.0,1.0
1,1,,0.0,1.0
1,1,,0.0,1.0
1,1,,0.0,1.0
1,1,,0.0,1.0
1,1,,0.0,1.0
1,1,,0.0,1.0
1,1,,0.0,1.0
1,1,,0.0,1.0
1,1,,0.0,1.0
1,1,,0.0,1.0
1,1,,0.0,1.0
1,1,,0.0,1.0
1,1,,0.0,1.0
1,1,,0.0,1.0
1,1,,0.0,1.0
1,1,,0.0,1.0
1,1,,0.0,1.0
1,1,,0.005,0.995
1,1,,0.0,1.0
1,1,,0.0,1.0
1,1,,0.0,1.0
1,1,,0.0,1.0
1,1,,0.0,1.0
1,1,,0.0,1.0
1,1,,0.0,1.0
1,1,,0.0,1.0
1,1,,0.0,1.0
1,1,,0.0,1.0
1,1,,0.0,1.0
1,1,,0.0,1.0
1,1,,0.0,1.0
1,1,,0.0,1.0
1,1,,0.0,1.0
1,1,,0.0,1.0
1,1,,0.0,1.0
1,1,,0.0,1.0
1,1,,0.0,1.0
1,1,,0.0,1.0
1,1,,0.0,1.0
1,1,,0.0,1.0
1,1,,0.0,1.0
1,1,,0.0,1.0
1,1,,0.0,1.0
1,1,,0.0,1.0
1,1,,0.0,1.0
1,1,,0.0,1.0
1,1,,0.0,1.0
1,1,,0.0,1.0
1,1,,0.0,1.0
1,1,,0.0,1.0
1,1,,0.0,1.0
1,1,,0.0,1.0
1,1,,0.0,1.0
1,1,,0.0,1.0
1,1,,0.0,1.0
1,1,,0.0,1.0
1,1,,0.0,1.0
1,1,,0.0,1.0
1,1,,0.0,1.0
1,1,,0.0,1.0
1,1,,0.0,1.0
1,1,,0.0,1.0
1,1,,0.0,1.0
1,1,,0.0,1.0
1,1,,0.0,1.0
1,1,,0.0,1.0
1,1,,0.0,1.0
1,1,,0.0,1.0
1,1,,0.0,1.0
1,1,,0.0,1.0
1,1,,0.0,1.0
1,1,,0.0,1.0
1,1,,0.0,1.0
1,1,,0.0,1.0
1,1,,0.0,1.0
1,1,,0.0,1.0
1,1,,0.0,1.0
1,1,,0.0,1.0
1,1,,0.0,1.0
1,1,,0.0,1.0
1,1,,0.0,1.0
1,1,,0.0,1.0
1,1,,0.0,1.0
1,1,,0.0,1.0
1,1,,0.0,1.0
1,1,,0.0,1.0
1,1,,0.0,1.0
1,1,,0.0,1.0
1,1,,0.0,1.0
1,1,,0.0,1.0
1,1,,0.0,1.0
1,1,,0.0,1.0
1,1,,0.0,1.0
1,1,,0.0,1.0
1,1,,0.0,1.0
1,1,,0.0,1.0
1,1,,0.0,1.0
1,1,,0.0,1.0
1,1,,0.0,1.0
1,1,,0.0,1.0
1,1,,0.0,1.0
1,1,,0.0,1.0
1,1,,0.0,1.0
1,1,,0.0,1.0
1,1,,0.0,1.0
1,1,,0.0,1.0
1,1,,0.0,1.0
1,1,,0.0,1.0
1,1,,0.0,1.0
1,1,,0.0,1.0
1,1,,0.0,1.0
1,1,,0.0,1.0
1,1,,0.0,1.0
1,1,,0.0,1.0
1,1,,0.0,1.0
1,1,,0.0,1.0
1,1,,0.0,1.0
1,1,,0.0,1.0
1,1,,0.0,1.0
1,1,,0.0,1.0
1,1,,0.0,1.0
1,1,,0.0,1.0
1,1,,0.0,1.0
1,1,,0.0,1.0
1,1,,0.0,1.0
1,1,,0.0,1.0
1,1,,0.0,1.0
1,1,,0.0,1.0
1,1,,0.0,1.0
1,1,,0.0,1.0
1,1,,0.0,1.0
1,1,,0.0,1.0
1,1,,0.0,1.0
1,1,,0.0,1.0
1,1,,0.0,1.0
1,1,,0.0,1.0
1,1,,0.0,1.0
1,1,,0.0,1.0
1,1,,0.0,1.0
1,1,,0.0,1.0
1,1,,0.0,1.0
1,1,,0.0,1.0
1,1,,0.0,1.0
1,1,,0.0,1.0
1,1,,0.0,1.0
1,1,,0.0,1.0
1,1,,0.0,1.0
1,1,,0.0,1.0
1,1,,0.0,1.0
1,1,,0.0,1.0
1,1,,0.015,0.985
1,1,,0.0,1.0
1,1,,0.0,1.0
1,1,,0.0,1.0
1,1,,0.0,1.0
1,1,,0.0,1.0
1,1,,0.0,1.0
1,1,,0.0,1.0
1,1,,0.0,1.0
1,1,,0.0,1.0
1,1,,0.0,1.0
1,1,,0.0,1.0
1,1,,0.0,1.0
1,1,,0.0,1.0
1,1,,0.0,1.0
1,1,,0.0,1.0
1,1,,0.0,1.0
1,1,,0.0,1.0
1,1,,0.0,1.0
1,1,,0.0,1.0
1,1,,0.0,1.0
1,1,,0.0,1.0
1,1,,0.0,1.0
1,1,,0.0,1.0
1,1,,0.0,1.0
1,1,,0.0,1.0
1,1,,0.0,1.0
1,1,,0.0,1.0
1,1,,0.0,1.0
1,1,,0.0,1.0
1,1,,0.0,1.0
1,1,,0.0,1.0
1,1,,0.0,1.0
1,1,,0.0,1.0
1,1,,0.0,1.0
1,1,,0.0,1.0
1,1,,0.0,1.0
1,1,,0.0,1.0
1,1,,0.0,1.0
1,1,,0.0,1.0
1,1,,0.0,1.0
1,1,,0.0,1.0
1,1,,0.0,1.0
1,1,,0.0,1.0
1,1,,0.0,1.0
1,1,,0.0,1.0
1,1,,0.0,1.0
1,1,,0.0,1.0
1,1,,0.0,1.0
1,1,,0.0,1.0
1,1,,0.0,1.0
1,1,,0.0,1.0
1,1,,0.0,1.0
1,1,,0.0,1.0
1,1,,0.0,1.0
1,1,,0.0,1.0
1,1,,0.0,1.0
1,1,,0.0,1.0
1,1,,0.0,1.0
1,1,,0.0,1.0
1,1,,0.0,1.0
1,1,,0.0,1.0
1,1,,0.0,1.0
1,1,,0.0,1.0
1,1,,0.0,1.0
1,1,,0.0,1.0
1,1,,0.0,1.0
1,1,,0.0,1.0
1,1,,0.0,1.0
1,1,,0.0,1.0
1,1,,0.0,1.0
1,1,,0.0,1.0
1,1,,0.02,0.98
1,1,,0.0,1.0
1,1,,0.0,1.0
1,1,,0.0,1.0
1,1,,0.0,1.0
1,1,,0.0,1.0
1,1,,0.0,1.0
1,1,,0.0,1.0
1,1,,0.0,1.0
1,1,,0.0,1.0
1,1,,0.0,1.0
1,1,,0.0,1.0
1,1,,0.015,0.985
1,1,,0.0,1.0
1,1,,0.0,1.0
1,1,,0.0,1.0
1,1,,0.0,1.0
1,1,,0.0,1.0
1,1,,0.0,1.0
1,1,,0.0,1.0
1,1,,0.0,1.0
1,1,,0.0,1.0
1,1,,0.0,1.0
1,1,,0.0,1.0
1,1,,0.0,1.0
1,1,,0.0,1.0
1,1,,0.0,1.0
1,1,,0.0,1.0
1,1,,0.0,1.0
1,1,,0.0,1.0
1,1,,0.0,1.0
1,1,,0.0,1.0
1,1,,0.0,1.0
1,1,,0.0,1.0
1,1,,0.0,1.0
1,1,,0.0,1.0
1,1,,0.0,1.0
1,1,,0.0,1.0
1,1,,0.0,1.0
1,1,,0.0,1.0
1,1,,0.0,1.0
1,1,,0.0,1.0
1,1,,0.0,1.0
1,1,,0.0,1.0
1,1,,0.0,1.0
1,1,,0.0,1.0
1,1,,0.0,1.0
1,1,,0.0,1.0
1,1,,0.0,1.0
1,1,,0.0,1.0
1,1,,0.0,1.0
1,1,,0.0,1.0
1,1,,0.0,1.0
1,1,,0.0,1.0
1,1,,0.0,1.0
1,1,,0.0,1.0
1,1,,0.0,1.0
1,1,,0.0,1.0
1,1,,0.0,1.0
1,1,,0.0,1.0
1,1,,0.0,1.0
1,1,,0.0,1.0
1,1,,0.0,1.0
1,1,,0.0,1.0
1,1,,0.0,1.0
1,1,,0.0,1.0
1,1,,0.0,1.0
1,1,,0.0,1.0
1,1,,0.0,1.0
1,1,,0.0,1.0
1,1,,0.0,1.0
1,1,,0.0,1.0
1,1,,0.0,1.0
1,1,,0.0,1.0
1,1,,0.0,1.0
1,1,,0.0,1.0
1,1,,0.0,1.0
1,1,,0.0,1.0
1,1,,0.0,1.0
1,1,,0.0,1.0
1,1,,0.0,1.0
1,1,,0.0,1.0
1,1,,0.0,1.0
1,1,,0.0,1.0
1,1,,0.0,1.0
1,1,,0.0,1.0
1,1,,0.0,1.0
1,1,,0.0,1.0
1,1,,0.0,1.0
1,1,,0.0,1.0
1,1,,0.0,1.0
1,1,,0.0,1.0
1,1,,0.0,1.0
1,1,,0.0,1.0
1,1,,0.0,1.0
1,1,,0.0,1.0
1,1,,0.005,0.995
1,1,,0.0,1.0
1,1,,0.0,1.0
1,1,,0.0,1.0
1,1,,0.0,1.0
1,1,,0.0,1.0
1,1,,0.0,1.0
1,1,,0.0,1.0
1,1,,0.0,1.0
1,1,,0.0,1.0
1,1,,0.0,1.0
1,1,,0.0,1.0
1,1,,0.0,1.0
1,1,,0.0,1.0
1,1,,0.0,1.0
1,1,,0.0,1.0
1,1,,0.0,1.0
1,1,,0.0,1.0
1,1,,0.0,1.0
1,1,,0.0,1.0
1,1,,0.0,1.0
1,1,,0.0,1.0
1,1,,0.0,1.0
1,1,,0.0,1.0
1,1,,0.0,1.0
1,1,,0.0,1.0
1,1,,0.0,1.0
1,1,,0.0,1.0
1,1,,0.0,1.0
1,1,,0.0,1.0
1,1,,0.0,1.0
1,1,,0.0,1.0
1,1,,0.0,1.0
1,1,,0.0,1.0
1,1,,0.0,1.0
1,1,,0.0,1.0
1,1,,0.0,1.0
1,1,,0.0,1.0
1,1,,0.0,1.0
1,1,,0.0,1.0
1,1,,0.0,1.0
1,1,,0.0,1.0
1,1,,0.0,1.0
1,1,,0.0,1.0
1,1,,0.0,1.0
1,1,,0.0,1.0
1,1,,0.0,1.0
1,1,,0.0,1.0
1,1,,0.0,1.0
1,1,,0.0,1.0
1,1,,0.0,1.0
1,1,,0.0,1.0
1,1,,0.0,1.0
1,1,,0.0,1.0
1,1,,0.0,1.0
1,1,,0.0,1.0
1,1,,0.0,1.0
1,1,,0.0,1.0
1,1,,0.0,1.0
1,1,,0.0,1.0
1,1,,0.0,1.0
1,1,,0.0,1.0
1,1,,0.0,1.0
1,1,,0.0,1.0
1,1,,0.0,1.0
1,1,,0.0,1.0
1,1,,0.0,1.0
1,1,,0.0,1.0
1,1,,0.0,1.0
1,1,,0.0,1.0
1,1,,0.0,1.0
1,1,,0.0,1.0
1,1,,0.0,1.0
1,1,,0.0,1.0
1,1,,0.0,1.0
1,1,,0.0,1.0
1,1,,0.0,1.0
1,1,,0.0,1.0
1,1,,0.0,1.0
1,1,,0.0,1.0
1,1,,0.0,1.0
1,1,,0.0,1.0
1,1,,0.0,1.0
1,1,,0.0,1.0
1,1,,0.0,1.0
1,1,,0.0,1.0
1,1,,0.0,1.0
1,1,,0.0,1.0
1,1,,0.0,1.0
1,1,,0.0,1.0
1,1,,0.0,1.0
1,1,,0.0,1.0
1,1,,0.0,1.0
1,1,,0.0,1.0
1,1,,0.0,1.0
1,1,,0.0,1.0
1,1,,0.0,1.0
1,1,,0.0,1.0
1,1,,0.0,1.0
1,1,,0.0,1.0
1,1,,0.0,1.0
1,1,,0.0,1.0
1,1,,0.0,1.0
1,1,,0.0,1.0
1,1,,0.0,1.0
1,1,,0.0,1.0
1,1,,0.0,1.0
1,1,,0.0,1.0
1,1,,0.0,1.0
1,1,,0.0,1.0
1,1,,0.0,1.0
1,1,,0.0,1.0
1,1,,0.0,1.0
1,1,,0.0,1.0
1,1,,0.005,0.995
1,1,,0.0,1.0
1,1,,0.0,1.0
1,1,,0.0,1.0
1,1,,0.0,1.0
1,1,,0.0,1.0
1,1,,0.0,1.0
1,1,,0.0,1.0
1,1,,0.0,1.0
1,1,,0.0,1.0
1,1,,0.0,1.0
1,1,,0.0,1.0
1,1,,0.0,1.0
1,1,,0.0,1.0
1,1,,0.0,1.0
1,1,,0.0,1.0
1,1,,0.0,1.0
1,1,,0.0,1.0
1,1,,0.0,1.0
1,1,,0.0,1.0
1,1,,0.0,1.0
1,1,,0.0,1.0
1,1,,0.0,1.0
1,1,,0.0,1.0
1,1,,0.0,1.0
1,1,,0.0,1.0
1,1,,0.0,1.0
1,1,,0.0,1.0
1,1,,0.0,1.0
1,1,,0.0,1.0
1,1,,0.0,1.0
1,1,,0.0,1.0
1,1,,0.0,1.0
1,1,,0.0,1.0
1,1,,0.0,1.0
1,1,,0.0,1.0
1,1,,0.0,1.0
1,1,,0.0,1.0
1,1,,0.0,1.0
1,1,,0.0,1.0
1,1,,0.0,1.0
1,1,,0.0,1.0
1,1,,0.0,1.0
1,1,,0.0,1.0
1,1,,0.0,1.0
1,1,,0.0,1.0
1,1,,0.0,1.0
1,1,,0.0,1.0
1,1,,0.0,1.0
1,1,,0.0,1.0
1,1,,0.0,1.0
1,1,,0.0,1.0
1,1,,0.0,1.0
1,1,,0.0,1.0
1,1,,0.0,1.0
1,1,,0.0,1.0
1,1,,0.0,1.0
1,1,,0.005,0.995
1,1,,0.0,1.0
1,1,,0.0,1.0
1,1,,0.0,1.0
1,1,,0.0,1.0
1,1,,0.0,1.0
1,1,,0.0,1.0
1,1,,0.0,1.0
1,1,,0.0,1.0
1,1,,0.0,1.0
1,1,,0.0,1.0
1,1,,0.0,1.0
1,1,,0.0,1.0
1,1,,0.0,1.0
1,1,,0.0,1.0
1,1,,0.0,1.0
1,1,,0.0,1.0
1,1,,0.0,1.0
1,1,,0.0,1.0
1,1,,0.0,1.0
1,1,,0.0,1.0
1,1,,0.0,1.0
1,1,,0.0,1.0
1,1,,0.0,1.0
1,1,,0.0,1.0
1,1,,0.0,1.0
1,1,,0.0,1.0
1,1,,0.0,1.0
1,1,,0.0,1.0
1,1,,0.0,1.0
1,1,,0.0,1.0
1,1,,0.0,1.0
1,1,,0.0,1.0
1,1,,0.0,1.0
1,1,,0.0,1.0
1,1,,0.0,1.0
1,1,,0.0,1.0
1,1,,0.0,1.0
1,1,,0.0,1.0
1,1,,0.0,1.0
1,1,,0.0,1.0
1,1,,0.0,1.0
1,1,,0.0,1.0
1,1,,0.0,1.0
1,1,,0.0,1.0
1,1,,0.0,1.0
1,1,,0.0,1.0
1,1,,0.0,1.0
1,1,,0.0,1.0
1,1,,0.0,1.0
1,1,,0.0,1.0
1,1,,0.0,1.0
1,1,,0.0,1.0
1,1,,0.0,1.0
1,1,,0.0,1.0
1,1,,0.0,1.0
1,1,,0.0,1.0
1,1,,0.0,1.0
1,1,,0.0,1.0
1,1,,0.0,1.0
1,1,,0.0,1.0
1,1,,0.0,1.0
1,1,,0.0,1.0
1,1,,0.0,1.0
1,1,,0.0,1.0
1,1,,0.0,1.0
1,1,,0.0,1.0
1,1,,0.0,1.0
1,1,,0.0,1.0
1,1,,0.0,1.0
1,1,,0.0,1.0
1,1,,0.0,1.0
1,1,,0.0,1.0
1,1,,0.0,1.0
1,1,,0.0,1.0
1,1,,0.0,1.0
1,1,,0.0,1.0
1,1,,0.0,1.0
1,1,,0.0,1.0
1,1,,0.0,1.0
1,1,,0.0,1.0
1,1,,0.0,1.0
1,1,,0.0,1.0
1,1,,0.0,1.0
1,1,,0.0,1.0
1,1,,0.0,1.0
1,1,,0.0,1.0
1,1,,0.0,1.0
1,1,,0.0,1.0
1,1,,0.0,1.0
1,1,,0.0,1.0
1,1,,0.0,1.0
1,1,,0.0,1.0
1,1,,0.0,1.0
1,1,,0.0,1.0
1,1,,0.0,1.0
1,1,,0.0,1.0
1,1,,0.0,1.0
1,1,,0.0,1.0
1,1,,0.0,1.0
1,1,,0.0,1.0
1,1,,0.0,1.0
1,1,,0.0,1.0
1,1,,0.0,1.0
1,1,,0.0,1.0
1,1,,0.0,1.0
1,1,,0.0,1.0
1,1,,0.0,1.0
1,1,,0.0,1.0
1,1,,0.0,1.0
1,1,,0.0,1.0
1,1,,0.0,1.0
1,1,,0.0,1.0
1,1,,0.0,1.0
1,1,,0.0,1.0
1,1,,0.0,1.0
1,1,,0.0,1.0
1,1,,0.0,1.0
1,1,,0.0,1.0
1,1,,0.0,1.0
1,1,,0.0,1.0
1,1,,0.0,1.0
1,1,,0.0,1.0
1,1,,0.0,1.0
1,1,,0.0,1.0
1,1,,0.0,1.0
1,1,,0.0,1.0
1,1,,0.0,1.0
1,1,,0.0,1.0
1,1,,0.0,1.0
1,1,,0.0,1.0
1,1,,0.0,1.0
1,1,,0.0,1.0
1,1,,0.0,1.0
1,1,,0.0,1.0
1,1,,0.0,1.0
1,1,,0.0,1.0
1,1,,0.0,1.0
1,1,,0.0,1.0
1,1,,0.0,1.0
1,1,,0.0,1.0
1,1,,0.0,1.0
1,1,,0.0,1.0
1,1,,0.0,1.0
1,1,,0.0,1.0
1,1,,0.0,1.0
1,1,,0.0,1.0
1,1,,0.0,1.0
1,1,,0.0,1.0
1,1,,0.0,1.0
1,1,,0.0,1.0
1,1,,0.0,1.0
1,1,,0.0,1.0
1,1,,0.0,1.0
1,1,,0.0,1.0
1,1,,0.0,1.0
1,1,,0.0,1.0
1,1,,0.075,0.925
1,1,,0.0,1.0
1,1,,0.0,1.0
1,1,,0.0,1.0
1,1,,0.0,1.0
1,1,,0.0,1.0
1,1,,0.0,1.0
1,1,,0.0,1.0
1,1,,0.0,1.0
1,1,,0.0,1.0
1,1,,0.0,1.0
1,1,,0.0,1.0
1,1,,0.0,1.0
1,1,,0.0,1.0
1,1,,0.0,1.0
1,1,,0.0,1.0
1,1,,0.0,1.0
1,1,,0.0,1.0
1,1,,0.0,1.0
1,1,,0.0,1.0
1,1,,0.0,1.0
1,1,,0.0,1.0
1,1,,0.0,1.0
1,1,,0.0,1.0
1,1,,0.0,1.0
1,1,,0.0,1.0
1,1,,0.0,1.0
1,1,,0.0,1.0
1,1,,0.0,1.0
1,1,,0.0,1.0
1,1,,0.0,1.0
1,1,,0.0,1.0
1,1,,0.0,1.0
1,1,,0.0,1.0
1,1,,0.0,1.0
1,1,,0.0,1.0
1,1,,0.0,1.0
1,1,,0.0,1.0
1,1,,0.0,1.0
1,1,,0.0,1.0
1,1,,0.0,1.0
1,1,,0.0,1.0
1,1,,0.0,1.0
1,1,,0.0,1.0
1,1,,0.0,1.0
1,1,,0.0,1.0
1,1,,0.0,1.0
1,1,,0.0,1.0
1,1,,0.0,1.0
1,1,,0.0,1.0
1,1,,0.0,1.0
1,1,,0.0,1.0
1,1,,0.0,1.0
1,1,,0.0,1.0
1,1,,0.0,1.0
1,1,,0.0,1.0
1,1,,0.0,1.0
1,1,,0.0,1.0
1,1,,0.0,1.0
1,1,,0.0,1.0
1,1,,0.0,1.0
1,1,,0.0,1.0
1,1,,0.0,1.0
1,1,,0.0,1.0
1,1,,0.0,1.0
1,1,,0.0,1.0
1,1,,0.0,1.0
1,1,,0.0,1.0
1,1,,0.0,1.0
1,1,,0.0,1.0
1,1,,0.0,1.0
1,1,,0.0,1.0
1,1,,0.0,1.0
1,1,,0.0,1.0
1,1,,0.0,1.0
1,1,,0.0,1.0
1,1,,0.0,1.0
1,1,,0.0,1.0
1,1,,0.0,1.0
1,1,,0.0,1.0
1,1,,0.0,1.0
1,1,,0.0,1.0
1,1,,0.0,1.0
1,1,,0.0,1.0
1,1,,0.0,1.0
1,1,,0.0,1.0
1,1,,0.0,1.0
1,1,,0.0,1.0
1,1,,0.0,1.0
1,1,,0.0,1.0
1,1,,0.0,1.0
1,1,,0.0,1.0
1,1,,0.0,1.0
1,1,,0.0,1.0
1,1,,0.0,1.0
1,1,,0.0,1.0
1,1,,0.0,1.0
1,1,,0.0,1.0
1,1,,0.0,1.0
1,1,,0.0,1.0
1,1,,0.0,1.0
1,1,,0.0,1.0
1,1,,0.0,1.0
1,1,,0.0,1.0
1,1,,0.0,1.0
1,1,,0.0,1.0
1,1,,0.0,1.0
1,1,,0.0,1.0
1,1,,0.0,1.0
1,1,,0.0,1.0
1,1,,0.0,1.0
1,1,,0.0,1.0
1,1,,0.0,1.0
1,1,,0.0,1.0
1,1,,0.0,1.0
1,1,,0.0,1.0
1,1,,0.0,1.0
1,1,,0.0,1.0
1,1,,0.0,1.0
1,1,,0.0,1.0
1,1,,0.0,1.0
1,1,,0.0,1.0
1,1,,0.0,1.0
1,1,,0.0,1.0
1,1,,0.0,1.0
1,1,,0.0,1.0
1,1,,0.0,1.0
1,1,,0.0,1.0
1,1,,0.0,1.0
1,1,,0.0,1.0
1,1,,0.0,1.0
1,1,,0.0,1.0
1,1,,0.0,1.0
1,1,,0.0,1.0
1,1,,0.0,1.0
1,1,,0.0,1.0
1,1,,0.0,1.0
1,1,,0.0,1.0
1,1,,0.0,1.0
1,1,,0.0,1.0
1,1,,0.0,1.0
1,1,,0.0,1.0
1,1,,0.0,1.0
1,1,,0.0,1.0
1,1,,0.0,1.0
1,1,,0.0,1.0
1,1,,0.0,1.0
1,1,,0.0,1.0
1,1,,0.0,1.0
1,1,,0.0,1.0
1,1,,0.0,1.0
1,1,,0.0,1.0
1,1,,0.0,1.0
1,1,,0.0,1.0
1,1,,0.0,1.0
1,1,,0.0,1.0
1,1,,0.0,1.0
1,1,,0.0,1.0
1,1,,0.0,1.0
1,1,,0.0,1.0
1,1,,0.0,1.0
1,1,,0.0,1.0
1,1,,0.0,1.0
1,1,,0.0,1.0
1,1,,0.0,1.0
1,1,,0.0,1.0
1,1,,0.0,1.0
1,1,,0.0,1.0
1,1,,0.0,1.0
1,1,,0.0,1.0
1,1,,0.0,1.0
1,1,,0.0,1.0
1,1,,0.0,1.0
1,1,,0.0,1.0
1,1,,0.0,1.0
1,1,,0.0,1.0
1,1,,0.0,1.0
1,1,,0.0,1.0
1,1,,0.0,1.0
1,1,,0.0,1.0
1,1,,0.0,1.0
1,1,,0.0,1.0
1,1,,0.0,1.0
1,1,,0.0,1.0
1,1,,0.0,1.0
1,1,,0.0,1.0
1,1,,0.0,1.0
1,1,,0.0,1.0
1,1,,0.0,1.0
1,1,,0.0,1.0
1,1,,0.0,1.0
1,1,,0.0,1.0
1,1,,0.0,1.0
1,1,,0.0,1.0
1,1,,0.0,1.0
1,1,,0.0,1.0
1,1,,0.0,1.0
1,1,,0.0,1.0
1,1,,0.0,1.0
1,1,,0.0,1.0
1,1,,0.0,1.0
1,1,,0.0,1.0
1,1,,0.0,1.0
1,1,,0.0,1.0
1,1,,0.0,1.0
1,1,,0.0,1.0
1,1,,0.0,1.0
1,1,,0.0,1.0
1,1,,0.0,1.0
1,1,,0.0,1.0
1,1,,0.0,1.0
1,1,,0.0,1.0
1,1,,0.0,1.0
1,1,,0.0,1.0
1,1,,0.0,1.0
1,1,,0.0,1.0
1,1,,0.0,1.0
1,1,,0.0,1.0
1,1,,0.0,1.0
1,1,,0.0,1.0
1,1,,0.0,1.0
1,1,,0.0,1.0
1,1,,0.0,1.0
1,1,,0.0,1.0
1,1,,0.0,1.0
1,1,,0.0,1.0
1,1,,0.0,1.0
1,1,,0.0,1.0
1,1,,0.0,1.0
1,1,,0.0,1.0
1,1,,0.0,1.0
1,1,,0.0,1.0
1,1,,0.0,1.0
1,1,,0.0,1.0
1,1,,0.0,1.0
1,1,,0.0,1.0
1,1,,0.0,1.0
1,1,,0.0,1.0
1,1,,0.0,1.0
1,1,,0.0,1.0
1,1,,0.0,1.0
1,1,,0.0,1.0
1,1,,0.0,1.0
1,1,,0.0,1.0
1,1,,0.0,1.0
1,1,,0.0,1.0
1,1,,0.0,1.0
1,1,,0.0,1.0
1,1,,0.0,1.0
1,1,,0.0,1.0
1,1,,0.0,1.0
1,1,,0.0,1.0
1,1,,0.0,1.0
1,1,,0.0,1.0
1,1,,0.0,1.0
1,1,,0.0,1.0
1,1,,0.0,1.0
1,1,,0.0,1.0
1,1,,0.0,1.0
1,1,,0.0,1.0
1,1,,0.0,1.0
1,1,,0.0,1.0
1,1,,0.0,1.0
1,1,,0.0,1.0
1,1,,0.0,1.0
1,1,,0.0,1.0
1,1,,0.0,1.0
1,1,,0.0,1.0
1,1,,0.0,1.0
1,1,,0.0,1.0
1,1,,0.0,1.0
1,1,,0.0,1.0
1,1,,0.0,1.0
1,1,,0.0,1.0
1,1,,0.0,1.0
1,1,,0.0,1.0
1,1,,0.0,1.0
1,1,,0.0,1.0
1,1,,0.0,1.0
1,1,,0.0,1.0
1,1,,0.0,1.0
1,1,,0.0,1.0
1,1,,0.0,1.0
1,1,,0.0,1.0
1,1,,0.0,1.0
1,1,,0.0,1.0
1,1,,0.0,1.0
1,1,,0.0,1.0
1,1,,0.0,1.0
1,1,,0.0,1.0
1,1,,0.0,1.0
1,1,,0.0,1.0
1,1,,0.0,1.0
1,1,,0.0,1.0
1,1,,0.0,1.0
1,1,,0.0,1.0
1,1,,0.0,1.0
1,1,,0.0,1.0
1,1,,0.0,1.0
1,1,,0.0,1.0
1,1,,0.0,1.0
1,1,,0.0,1.0
1,1,,0.0,1.0
1,1,,0.0,1.0
1,1,,0.0,1.0
1,1,,0.0,1.0
1,1,,0.0,1.0
1,1,,0.0,1.0
1,1,,0.0,1.0
1,1,,0.0,1.0
1,1,,0.0,1.0
1,1,,0.0,1.0
1,1,,0.0,1.0
1,1,,0.0,1.0
1,1,,0.0,1.0
1,1,,0.0,1.0
1,1,,0.0,1.0
1,1,,0.0,1.0
1,1,,0.0,1.0
1,1,,0.0,1.0
1,1,,0.0,1.0
1,1,,0.0,1.0
1,1,,0.0,1.0
1,1,,0.0,1.0
1,1,,0.0,1.0
1,1,,0.0,1.0
1,1,,0.0,1.0
1,1,,0.0,1.0
1,1,,0.0,1.0
1,1,,0.0,1.0
1,1,,0.0,1.0
1,1,,0.0,1.0
1,1,,0.0,1.0
1,1,,0.0,1.0
1,1,,0.0,1.0
1,1,,0.0,1.0
1,1,,0.0,1.0
1,1,,0.0,1.0
1,1,,0.0,1.0
1,1,,0.0,1.0
1,1,,0.0,1.0
1,1,,0.0,1.0
1,1,,0.0,1.0
1,1,,0.0,1.0
1,1,,0.0,1.0
1,1,,0.0,1.0
1,1,,0.0,1.0
1,1,,0.0,1.0
1,1,,0.0,1.0
1,1,,0.0,1.0
1,1,,0.0,1.0
1,1,,0.0,1.0
1,1,,0.0,1.0
1,1,,0.0,1.0
1,1,,0.0,1.0
1,1,,0.0,1.0
1,1,,0.0,1.0
1,1,,0.0,1.0
1,1,,0.0,1.0
1,1,,0.0,1.0
1,1,,0.0,1.0
1,1,,0.0,1.0
1,1,,0.0,1.0
1,1,,0.0,1.0
1,1,,0.0,1.0
1,1,,0.0,1.0
1,1,,0.0,1.0
1,1,,0.0,1.0
1,1,,0.0,1.0
1,1,,0.0,1.0
1,1,,0.0,1.0
1,1,,0.0,1.0
1,1,,0.0,1.0
1,1,,0.0,1.0
1,1,,0.0,1.0
1,1,,0.0,1.0
1,1,,0.0,1.0
1,1,,0.0,1.0
1,1,,0.0,1.0
1,1,,0.0,1.0
1,1,,0.0,1.0
1,1,,0.0,1.0
1,1,,0.0,1.0
1,1,,0.0,1.0
1,1,,0.0,1.0
1,1,,0.0,1.0
1,1,,0.0,1.0
1,1,,0.0,1.0
1,1,,0.0,1.0
1,1,,0.0,1.0
1,1,,0.0,1.0
1,1,,0.0,1.0
1,1,,0.0,1.0
1,1,,0.0,1.0
1,1,,0.0,1.0
1,1,,0.0,1.0
1,1,,0.0,1.0
1,1,,0.0,1.0
1,1,,0.0,1.0
1,1,,0.0,1.0
1,1,,0.0,1.0
1,1,,0.0,1.0
1,1,,0.0,1.0
1,1,,0.0,1.0
1,1,,0.0,1.0
1,1,,0.0,1.0
1,1,,0.0,1.0
1,1,,0.0,1.0
1,1,,0.0,1.0
1,1,,0.0,1.0
1,1,,0.0,1.0
1,1,,0.0,1.0
1,1,,0.0,1.0
1,1,,0.0,1.0
1,1,,0.0,1.0
1,1,,0.0,1.0
1,1,,0.0,1.0
1,1,,0.0,1.0
1,1,,0.0,1.0
1,1,,0.0,1.0
1,1,,0.0,1.0
1,1,,0.0,1.0
1,1,,0.0,1.0
1,1,,0.0,1.0
1,1,,0.0,1.0
1,1,,0.0,1.0
1,1,,0.0,1.0
1,1,,0.0,1.0
1,1,,0.0,1.0
1,1,,0.0,1.0
1,1,,0.0,1.0
1,1,,0.0,1.0
1,1,,0.0,1.0
1,1,,0.0,1.0
1,1,,0.0,1.0
1,1,,0.0,1.0
1,1,,0.0,1.0
1,1,,0.0,1.0
1,1,,0.0,1.0
1,1,,0.0,1.0
1,1,,0.0,1.0
1,1,,0.0,1.0
1,1,,0.0,1.0
1,1,,0.0,1.0
1,1,,0.0,1.0
1,1,,0.0,1.0
1,1,,0.0,1.0
1,1,,0.0,1.0
1,1,,0.0,1.0
1,1,,0.0,1.0
1,1,,0.0,1.0
1,1,,0.05,0.95
1,1,,0.0,1.0
1,1,,0.0,1.0
1,1,,0.0,1.0
1,1,,0.0,1.0
1,1,,0.0,1.0
1,1,,0.0,1.0
1,1,,0.0,1.0
1,1,,0.0,1.0
1,1,,0.0,1.0
1,1,,0.0,1.0
1,1,,0.0,1.0
1,1,,0.0,1.0
1,1,,0.0,1.0
1,1,,0.0,1.0
1,1,,0.0,1.0
1,1,,0.0,1.0
1,1,,0.0,1.0
1,1,,0.0,1.0
1,1,,0.0,1.0
1,1,,0.0,1.0
1,1,,0.0,1.0
1,1,,0.0,1.0
1,1,,0.0,1.0
1,1,,0.0,1.0
1,1,,0.0,1.0
1,1,,0.0,1.0
1,1,,0.0,1.0
1,1,,0.0,1.0
1,1,,0.0,1.0
1,1,,0.0,1.0
1,1,,0.0,1.0
1,1,,0.0,1.0
1,1,,0.0,1.0
1,1,,0.0,1.0
1,1,,0.0,1.0
1,1,,0.0,1.0
1,1,,0.0,1.0
1,1,,0.045,0.955
1,1,,0.0,1.0
1,1,,0.0,1.0
1,1,,0.0,1.0
1,1,,0.0,1.0
1,1,,0.0,1.0
1,1,,0.0,1.0
1,1,,0.045,0.955
1,1,,0.0,1.0
1,1,,0.0,1.0
1,1,,0.0,1.0
1,1,,0.0,1.0
1,1,,0.0,1.0
1,1,,0.0,1.0
1,1,,0.0,1.0
1,1,,0.0,1.0
1,1,,0.0,1.0
1,1,,0.0,1.0
1,1,,0.0,1.0
1,1,,0.0,1.0
1,1,,0.0,1.0
1,1,,0.0,1.0
1,1,,0.0,1.0
1,1,,0.0,1.0
1,1,,0.0,1.0
1,1,,0.0,1.0
1,1,,0.0,1.0
1,1,,0.0,1.0
1,1,,0.0,1.0
1,1,,0.0,1.0
1,1,,0.0,1.0
1,1,,0.0,1.0
1,1,,0.0,1.0
1,1,,0.0,1.0
1,1,,0.0,1.0
1,1,,0.0,1.0
1,1,,0.0,1.0
1,1,,0.0,1.0
1,1,,0.0,1.0
1,1,,0.0,1.0
1,1,,0.0,1.0
1,1,,0.0,1.0
1,1,,0.0,1.0
1,1,,0.0,1.0
1,1,,0.0,1.0
1,1,,0.0,1.0
1,1,,0.0,1.0
1,1,,0.0,1.0
1,1,,0.0,1.0
1,1,,0.0,1.0
1,1,,0.0,1.0
1,1,,0.0,1.0
1,1,,0.0,1.0
1,1,,0.0,1.0
1,1,,0.0,1.0
1,1,,0.0,1.0
1,1,,0.0,1.0
1,1,,0.0,1.0
1,1,,0.0,1.0
1,1,,0.0,1.0
1,1,,0.0,1.0
1,1,,0.0,1.0
1,1,,0.0,1.0
1,1,,0.0,1.0
1,1,,0.0,1.0
1,1,,0.0,1.0
1,1,,0.005,0.995
1,1,,0.0,1.0
1,1,,0.0,1.0
1,1,,0.0,1.0
1,1,,0.0,1.0
1,1,,0.0,1.0
1,1,,0.0,1.0
1,1,,0.0,1.0
1,1,,0.0,1.0
1,1,,0.0,1.0
1,1,,0.0,1.0
1,1,,0.0,1.0
1,1,,0.0,1.0
1,1,,0.0,1.0
1,1,,0.05,0.95
1,1,,0.0,1.0
1,1,,0.0,1.0
1,1,,0.0,1.0
1,1,,0.0,1.0
1,1,,0.0,1.0
1,1,,0.0,1.0
1,1,,0.0,1.0
1,1,,0.0,1.0
1,1,,0.0,1.0
1,1,,0.0,1.0
1,1,,0.0,1.0
1,1,,0.0,1.0
1,1,,0.0,1.0
1,1,,0.0,1.0
1,1,,0.0,1.0
1,1,,0.0,1.0
1,1,,0.0,1.0
1,1,,0.0,1.0
1,1,,0.0,1.0
1,1,,0.0,1.0
1,1,,0.0,1.0
1,1,,0.0,1.0
1,1,,0.0,1.0
1,1,,0.0,1.0
1,1,,0.0,1.0
1,1,,0.0,1.0
1,1,,0.0,1.0
1,1,,0.0,1.0
1,1,,0.0,1.0
1,1,,0.0,1.0
1,1,,0.0,1.0
1,1,,0.0,1.0
1,1,,0.0,1.0
1,1,,0.0,1.0
1,1,,0.0,1.0
1,1,,0.0,1.0
1,1,,0.0,1.0
1,1,,0.0,1.0
1,1,,0.0,1.0
1,1,,0.0,1.0
1,1,,0.0,1.0
1,1,,0.0,1.0
1,1,,0.0,1.0
1,1,,0.0,1.0
1,1,,0.0,1.0
1,1,,0.0,1.0
1,1,,0.0,1.0
1,1,,0.0,1.0
1,1,,0.0,1.0
1,1,,0.0,1.0
1,1,,0.0,1.0
1,1,,0.0,1.0
1,1,,0.0,1.0
1,1,,0.0,1.0
1,1,,0.0,1.0
1,1,,0.0,1.0
1,1,,0.0,1.0
1,1,,0.0,1.0
1,1,,0.0,1.0
1,1,,0.0,1.0
1,1,,0.0,1.0
1,1,,0.0,1.0
1,1,,0.0,1.0
1,1,,0.0,1.0
1,1,,0.0,1.0
1,1,,0.0,1.0
1,1,,0.0,1.0
1,1,,0.0,1.0
1,1,,0.0,1.0
1,1,,0.0,1.0
1,1,,0.0,1.0
1,1,,0.0,1.0
1,1,,0.0,1.0
1,1,,0.0,1.0
1,1,,0.0,1.0
1,1,,0.0,1.0
1,1,,0.0,1.0
1,1,,0.0,1.0
1,1,,0.0,1.0
1,1,,0.0,1.0
1,1,,0.0,1.0
1,1,,0.0,1.0
1,1,,0.0,1.0
1,1,,0.0,1.0
1,1,,0.0,1.0
1,1,,0.0,1.0
1,1,,0.0,1.0
1,1,,0.0,1.0
1,1,,0.0,1.0
1,1,,0.0,1.0
1,1,,0.0,1.0
1,1,,0.0,1.0
1,1,,0.0,1.0
1,1,,0.0,1.0
1,1,,0.0,1.0
1,1,,0.0,1.0
1,1,,0.0,1.0
1,1,,0.0,1.0
1,1,,0.0,1.0
1,1,,0.0,1.0
1,1,,0.0,1.0
1,1,,0.0,1.0
1,1,,0.0,1.0
1,1,,0.0,1.0
1,1,,0.0,1.0
1,1,,0.0,1.0
1,1,,0.0,1.0
1,1,,0.0,1.0
1,1,,0.0,1.0
1,1,,0.0,1.0
1,1,,0.0,1.0
1,1,,0.0,1.0
1,1,,0.0,1.0
1,1,,0.0,1.0
1,1,,0.0,1.0
1,1,,0.0,1.0
1,1,,0.0,1.0
1,1,,0.0,1.0
1,1,,0.0,1.0
1,1,,0.0,1.0
1,1,,0.0,1.0
1,1,,0.0,1.0
1,1,,0.0,1.0
1,1,,0.0,1.0
1,1,,0.0,1.0
1,1,,0.04,0.96
1,1,,0.0,1.0
1,1,,0.0,1.0
1,1,,0.005,0.995
1,1,,0.0,1.0
1,1,,0.0,1.0
1,1,,0.0,1.0
1,1,,0.0,1.0
1,1,,0.0,1.0
1,1,,0.0,1.0
1,1,,0.0,1.0
1,1,,0.0,1.0
1,1,,0.0,1.0
1,1,,0.0,1.0
1,1,,0.0,1.0
1,1,,0.0,1.0
1,1,,0.005,0.995
1,1,,0.0,1.0
1,1,,0.0,1.0
1,1,,0.0,1.0
1,1,,0.0,1.0
1,1,,0.0,1.0
1,1,,0.0,1.0
1,1,,0.0,1.0
1,1,,0.0,1.0
1,1,,0.0,1.0
1,1,,0.0,1.0
