SmallKitchenAppliances,rstc,TEST,4,MILLISECONDS,Generated by run_classification_experiment on 08/06/2024, 12:13:14. Encoder dictionary: {'1': 0, '2': 1, '3': 2}
{'batch_size': 100, 'contract_max_n_shapelet_samples': inf, 'estimator': None, 'max_shapelet_length': None, 'max_shapelets': None, 'n_jobs': 1, 'n_shapelet_samples': 10000, 'random_state': 4, 'shapelet_quality': 'Wasser', 'time_limit_in_minutes': 0, 'transform_limit_in_minutes': 0}
0.816,507127,40944,-1,115109888,3,N/A,-1,-1
0,0,,0.965,0.0,0.035
0,0,,0.99,0.0,0.01
0,0,,0.94,0.04,0.02
0,0,,0.945,0.0,0.055
0,2,,0.005,0.005,0.99
0,2,,0.41,0.005,0.585
0,0,,0.995,0.0,0.005
0,0,,0.97,0.0,0.03
0,0,,0.71,0.045,0.245
0,0,,0.97,0.01,0.02
0,0,,0.895,0.01,0.095
0,0,,0.51,0.055,0.435
0,0,,0.975,0.0,0.025
0,0,,0.94,0.03,0.03
0,2,,0.375,0.14,0.485
0,0,,0.825,0.005,0.17
0,0,,0.63,0.135,0.235
0,0,,1.0,0.0,0.0
0,0,,1.0,0.0,0.0
0,0,,0.855,0.01,0.135
0,0,,0.945,0.0,0.055
0,0,,0.615,0.095,0.29
0,0,,0.91,0.05,0.04
0,2,,0.115,0.02,0.865
0,0,,0.66,0.215,0.125
0,0,,0.895,0.02,0.085
0,0,,1.0,0.0,0.0
0,0,,0.985,0.01,0.005
0,0,,1.0,0.0,0.0
0,0,,0.495,0.09,0.415
0,0,,0.945,0.02,0.035
0,0,,0.975,0.01,0.015
0,0,,0.605,0.245,0.15
0,0,,0.94,0.005,0.055
0,0,,0.825,0.03,0.145
0,0,,1.0,0.0,0.0
0,0,,0.82,0.14,0.04
0,0,,0.995,0.0,0.005
0,0,,0.985,0.005,0.01
0,0,,0.975,0.0,0.025
0,0,,0.655,0.13,0.215
0,0,,0.98,0.0,0.02
0,0,,0.775,0.025,0.2
0,0,,0.65,0.015,0.335
0,0,,0.935,0.0,0.065
0,2,,0.255,0.09,0.655
0,0,,0.92,0.0,0.08
0,0,,0.765,0.085,0.15
0,0,,1.0,0.0,0.0
0,0,,0.97,0.005,0.025
0,0,,0.965,0.0,0.035
0,0,,0.98,0.0,0.02
0,0,,0.985,0.0,0.015
0,0,,0.755,0.035,0.21
0,2,,0.21,0.02,0.77
0,0,,0.83,0.02,0.15
0,0,,0.86,0.015,0.125
0,0,,1.0,0.0,0.0
0,0,,0.88,0.015,0.105
0,0,,0.98,0.0,0.02
0,0,,0.965,0.01,0.025
0,0,,1.0,0.0,0.0
0,0,,0.985,0.0,0.015
0,0,,1.0,0.0,0.0
0,0,,1.0,0.0,0.0
0,0,,0.905,0.01,0.085
0,0,,0.87,0.01,0.12
0,0,,1.0,0.0,0.0
0,0,,0.91,0.015,0.075
0,0,,0.89,0.08,0.03
0,0,,0.49,0.11,0.4
0,0,,0.435,0.17,0.395
0,2,,0.22,0.005,0.775
0,2,,0.135,0.305,0.56
0,1,,0.16,0.795,0.045
0,0,,0.845,0.045,0.11
0,0,,0.92,0.025,0.055
0,0,,0.925,0.045,0.03
0,0,,0.775,0.1,0.125
0,1,,0.18,0.58,0.24
0,0,,0.95,0.015,0.035
0,0,,0.815,0.02,0.165
0,0,,0.995,0.005,0.0
0,0,,0.855,0.105,0.04
0,0,,0.965,0.015,0.02
0,0,,0.9,0.025,0.075
0,0,,0.97,0.015,0.015
0,0,,0.68,0.05,0.27
0,0,,0.93,0.01,0.06
0,0,,0.9,0.035,0.065
0,2,,0.31,0.09,0.6
0,0,,1.0,0.0,0.0
0,2,,0.19,0.02,0.79
0,0,,0.445,0.135,0.42
0,0,,0.95,0.015,0.035
0,0,,0.915,0.015,0.07
0,0,,0.885,0.02,0.095
0,0,,0.935,0.0,0.065
0,0,,0.905,0.005,0.09
0,0,,0.98,0.005,0.015
0,0,,0.74,0.045,0.215
0,0,,0.98,0.005,0.015
0,2,,0.365,0.265,0.37
0,2,,0.055,0.185,0.76
0,0,,0.795,0.045,0.16
0,0,,0.56,0.23,0.21
0,0,,0.89,0.0,0.11
0,0,,0.96,0.02,0.02
0,2,,0.0,0.0,1.0
0,0,,0.935,0.02,0.045
0,0,,0.615,0.2,0.185
0,0,,0.965,0.005,0.03
0,0,,0.68,0.01,0.31
0,0,,0.865,0.095,0.04
0,0,,0.935,0.02,0.045
0,0,,0.87,0.0,0.13
0,2,,0.415,0.02,0.565
0,0,,0.99,0.0,0.01
0,0,,0.97,0.0,0.03
0,0,,0.945,0.01,0.045
0,0,,0.945,0.015,0.04
0,0,,0.98,0.0,0.02
0,0,,0.895,0.025,0.08
0,0,,0.695,0.03,0.275
0,0,,0.965,0.025,0.01
1,0,,0.86,0.03,0.11
1,1,,0.005,0.98,0.015
1,2,,0.2,0.33,0.47
1,1,,0.075,0.785,0.14
1,1,,0.01,0.985,0.005
1,0,,0.715,0.17,0.115
1,0,,0.73,0.085,0.185
1,1,,0.01,0.915,0.075
1,1,,0.0,0.995,0.005
1,1,,0.0,0.995,0.005
1,1,,0.0,0.995,0.005
1,1,,0.0,0.98,0.02
1,2,,0.06,0.09,0.85
1,1,,0.005,0.95,0.045
1,1,,0.0,1.0,0.0
1,0,,0.485,0.07,0.445
1,2,,0.03,0.395,0.575
1,1,,0.0,0.97,0.03
1,1,,0.105,0.805,0.09
1,1,,0.09,0.715,0.195
1,1,,0.0,0.975,0.025
1,1,,0.005,0.995,0.0
1,1,,0.0,1.0,0.0
1,1,,0.02,0.98,0.0
1,1,,0.0,0.995,0.005
1,1,,0.0,0.865,0.135
1,1,,0.24,0.66,0.1
1,1,,0.035,0.725,0.24
1,1,,0.0,1.0,0.0
1,0,,0.395,0.21,0.395
1,1,,0.02,0.95,0.03
1,0,,0.495,0.09,0.415
1,1,,0.05,0.86,0.09
1,1,,0.005,0.975,0.02
1,1,,0.08,0.535,0.385
1,1,,0.0,0.995,0.005
1,1,,0.085,0.84,0.075
1,1,,0.01,0.975,0.015
1,1,,0.005,0.885,0.11
1,1,,0.005,0.945,0.05
1,0,,0.985,0.01,0.005
1,1,,0.095,0.895,0.01
1,1,,0.22,0.635,0.145
1,1,,0.025,0.64,0.335
1,1,,0.045,0.91,0.045
1,1,,0.23,0.47,0.3
1,1,,0.03,0.76,0.21
1,0,,0.47,0.36,0.17
1,1,,0.0,1.0,0.0
1,0,,0.745,0.055,0.2
1,1,,0.01,0.985,0.005
1,1,,0.005,0.985,0.01
1,1,,0.025,0.855,0.12
1,1,,0.005,0.985,0.01
1,0,,0.775,0.155,0.07
1,2,,0.24,0.225,0.535
1,1,,0.0,1.0,0.0
1,1,,0.0,0.875,0.125
1,1,,0.005,0.955,0.04
1,1,,0.0,1.0,0.0
1,1,,0.0,1.0,0.0
1,1,,0.035,0.895,0.07
1,0,,0.625,0.08,0.295
1,1,,0.035,0.96,0.005
1,2,,0.01,0.0,0.99
1,1,,0.0,0.935,0.065
1,1,,0.0,1.0,0.0
1,1,,0.0,0.955,0.045
1,0,,0.385,0.31,0.305
1,1,,0.09,0.86,0.05
1,1,,0.0,0.98,0.02
1,1,,0.0,0.995,0.005
1,1,,0.48,0.49,0.03
1,1,,0.0,1.0,0.0
1,1,,0.0,1.0,0.0
1,1,,0.09,0.86,0.05
1,2,,0.17,0.03,0.8
1,1,,0.025,0.97,0.005
1,1,,0.01,0.86,0.13
1,1,,0.07,0.93,0.0
1,1,,0.01,0.95,0.04
1,1,,0.0,0.995,0.005
1,1,,0.0,0.99,0.01
1,1,,0.11,0.865,0.025
1,1,,0.02,0.685,0.295
1,1,,0.16,0.555,0.285
1,1,,0.075,0.87,0.055
1,1,,0.005,0.985,0.01
1,2,,0.11,0.365,0.525
1,1,,0.01,0.985,0.005
1,1,,0.005,0.98,0.015
1,1,,0.0,0.995,0.005
1,1,,0.0,0.99,0.01
1,1,,0.105,0.715,0.18
1,1,,0.43,0.56,0.01
1,1,,0.005,0.99,0.005
1,1,,0.025,0.875,0.1
1,1,,0.0,0.99,0.01
1,1,,0.045,0.605,0.35
1,0,,0.695,0.18,0.125
1,1,,0.065,0.865,0.07
1,1,,0.0,1.0,0.0
1,1,,0.005,0.99,0.005
1,1,,0.0,0.99,0.01
1,1,,0.01,0.985,0.005
1,1,,0.005,0.98,0.015
1,1,,0.0,1.0,0.0
1,2,,0.275,0.275,0.45
1,1,,0.005,0.99,0.005
1,2,,0.215,0.3,0.485
1,1,,0.015,0.89,0.095
1,1,,0.05,0.94,0.01
1,1,,0.0,1.0,0.0
1,1,,0.15,0.545,0.305
1,1,,0.05,0.905,0.045
1,1,,0.0,1.0,0.0
1,1,,0.035,0.775,0.19
1,1,,0.12,0.705,0.175
1,2,,0.38,0.075,0.545
1,2,,0.115,0.055,0.83
1,1,,0.04,0.96,0.0
1,1,,0.39,0.555,0.055
1,0,,0.825,0.085,0.09
1,0,,0.6,0.155,0.245
1,1,,0.005,0.95,0.045
2,2,,0.025,0.025,0.95
2,2,,0.23,0.05,0.72
2,2,,0.015,0.065,0.92
2,2,,0.02,0.065,0.915
2,2,,0.025,0.01,0.965
2,2,,0.005,0.0,0.995
2,2,,0.0,0.0,1.0
2,2,,0.0,0.12,0.88
2,2,,0.19,0.01,0.8
2,2,,0.005,0.0,0.995
2,2,,0.0,0.005,0.995
2,2,,0.325,0.045,0.63
2,2,,0.03,0.025,0.945
2,0,,0.71,0.16,0.13
2,1,,0.005,0.77,0.225
2,2,,0.05,0.095,0.855
2,2,,0.005,0.0,0.995
2,2,,0.0,0.0,1.0
2,2,,0.06,0.205,0.735
2,2,,0.0,0.0,1.0
2,2,,0.01,0.0,0.99
2,2,,0.01,0.365,0.625
2,2,,0.005,0.0,0.995
2,2,,0.0,0.0,1.0
2,2,,0.005,0.115,0.88
2,2,,0.275,0.09,0.635
2,2,,0.04,0.015,0.945
2,2,,0.07,0.04,0.89
2,2,,0.0,0.0,1.0
2,0,,0.585,0.25,0.165
2,0,,0.83,0.095,0.075
2,2,,0.0,0.0,1.0
2,2,,0.185,0.17,0.645
2,0,,0.58,0.08,0.34
2,2,,0.01,0.055,0.935
2,2,,0.405,0.1,0.495
2,2,,0.0,0.0,1.0
2,2,,0.09,0.035,0.875
2,1,,0.09,0.515,0.395
2,2,,0.085,0.195,0.72
2,1,,0.035,0.805,0.16
2,1,,0.0,0.915,0.085
2,2,,0.0,0.0,1.0
2,2,,0.04,0.395,0.565
2,2,,0.0,0.0,1.0
2,2,,0.015,0.0,0.985
2,0,,0.81,0.105,0.085
2,2,,0.005,0.0,0.995
2,1,,0.08,0.665,0.255
2,2,,0.375,0.115,0.51
2,1,,0.075,0.575,0.35
2,2,,0.0,0.0,1.0
2,2,,0.205,0.22,0.575
2,1,,0.005,0.525,0.47
2,2,,0.085,0.28,0.635
2,1,,0.205,0.4,0.395
2,2,,0.115,0.02,0.865
2,2,,0.0,0.005,0.995
2,2,,0.015,0.015,0.97
2,2,,0.37,0.09,0.54
2,1,,0.18,0.54,0.28
2,2,,0.055,0.075,0.87
2,1,,0.01,0.54,0.45
2,1,,0.31,0.37,0.32
2,2,,0.0,0.005,0.995
2,2,,0.02,0.375,0.605
2,2,,0.1,0.07,0.83
2,2,,0.085,0.01,0.905
2,0,,0.665,0.005,0.33
2,0,,0.58,0.055,0.365
2,2,,0.02,0.025,0.955
2,1,,0.01,0.76,0.23
2,2,,0.03,0.29,0.68
2,2,,0.045,0.035,0.92
2,2,,0.025,0.0,0.975
2,2,,0.065,0.115,0.82
2,2,,0.145,0.0,0.855
2,2,,0.305,0.06,0.635
2,2,,0.025,0.215,0.76
2,2,,0.0,0.12,0.88
2,2,,0.025,0.39,0.585
2,2,,0.0,0.0,1.0
2,1,,0.16,0.715,0.125
2,2,,0.005,0.005,0.99
2,2,,0.005,0.0,0.995
2,2,,0.3,0.025,0.675
2,2,,0.035,0.0,0.965
2,2,,0.0,0.0,1.0
2,2,,0.015,0.0,0.985
2,2,,0.015,0.0,0.985
2,0,,0.705,0.145,0.15
2,2,,0.015,0.28,0.705
2,1,,0.21,0.44,0.35
2,2,,0.045,0.335,0.62
2,2,,0.15,0.12,0.73
2,2,,0.39,0.165,0.445
2,2,,0.08,0.335,0.585
2,2,,0.08,0.025,0.895
2,2,,0.0,0.0,1.0
2,2,,0.025,0.245,0.73
2,2,,0.065,0.025,0.91
2,2,,0.005,0.0,0.995
2,2,,0.19,0.16,0.65
2,2,,0.145,0.2,0.655
2,2,,0.0,0.0,1.0
2,1,,0.005,0.765,0.23
2,2,,0.19,0.2,0.61
2,2,,0.04,0.07,0.89
2,1,,0.0,0.73,0.27
2,2,,0.12,0.09,0.79
2,2,,0.075,0.255,0.67
2,2,,0.17,0.165,0.665
2,2,,0.0,0.0,1.0
2,2,,0.02,0.44,0.54
2,0,,0.52,0.115,0.365
2,2,,0.01,0.0,0.99
2,2,,0.025,0.24,0.735
2,1,,0.17,0.575,0.255
2,1,,0.015,0.655,0.33
2,2,,0.01,0.0,0.99
2,2,,0.205,0.035,0.76
2,2,,0.0,0.005,0.995
2,2,,0.145,0.16,0.695
2,2,,0.005,0.15,0.845
2,2,,0.435,0.07,0.495
